email;phone;device_id;ip
jenkinscaroline@example.net;(967)461-1251;f0e125dc-767d-969a-2147-4187031ff768;153.13.72.203
coltonduke@example.com;+1-682-504-1221x657;f32d97d9-0eaf-d216-336f-5d6c2439c71e;214.249.99.166
shelly40@example.net;256-561-9078x177;2c89c473-214f-2d32-45c7-6b50931023d7;202.73.26.127
brownrobert@example.org;975-594-1415x176;8695b64c-9afe-c680-7e40-db5c2534bfcc;105.113.220.211
dawnsparks@example.com;648.789.6529x4776;ccb04447-c417-208e-0b57-2540abe3dd94;181.80.212.55
phillipsnatasha@example.net;691.943.4395;6e1a30f2-5ee8-6158-82d3-3e30aa7b1e39;194.152.14.234
marshrita@example.org;+1-337-781-9207x066;9f50a693-b6f3-42bf-12ab-208d87fd5cd0;83.33.53.48
perezlarry@example.com;7227160358;d70efcd3-649d-ca20-eb90-a6a449726aa4;134.85.254.226
rlang@example.com;(488)505-1271x05587;e6e78825-d9c4-2fb0-ab11-86d2118382b0;217.233.11.99
smithaaron@example.net;(609)944-5437x16341;ebd9e1b9-5681-eca1-f534-e4705768d3bb;166.178.41.158
ashley23@example.com;607.545.7191x47143;b75e6c0a-1bf3-a17e-ee07-85ec7276a8ff;166.83.119.88
ericgeorge@example.com;888-728-2630x8281;3d416059-70c6-3e6c-a211-5b6e7d8f319f;217.169.198.15
katrina86@example.net;(315)628-2472;aa14680c-95f8-1726-d264-d08c1516b90b;61.98.242.82
wpeters@example.com;+1-801-500-3301;2fdeaa07-44a5-f42d-f246-76e96cfa7303;211.14.69.80
wayne09@example.com;334-870-8606;ddd816d5-49dc-8352-8a7b-7de9081e1333;23.94.4.244
matthewphillips@example.com;6973182231;1f454c26-ee26-78a6-93a5-0efe613c2898;180.115.71.11
sanchezryan@example.org;935.233.5142x29820;403b3ae0-30c2-ca08-ec63-e2305cf96f52;43.100.122.234
ylang@example.org;514-939-0951;e6af3c8e-6ad6-5324-89b2-1ed0d5451440;60.67.210.245
obeasley@example.org;001-399-477-1777x8907;56ee297f-6cd0-8c91-e3bd-ab2e1eb96bd9;112.215.0.241
jason53@example.com;+1-794-699-0578;9e9cff65-2e49-9729-dc6e-6bcb92795452;183.42.144.241
lindahiggins@example.com;+1-967-312-2648x35663;39c30bcd-83e3-e30b-67ed-34611062c291;85.161.242.214
bmann@example.net;690.793.1548;bf5ec5f0-b464-d09b-d51c-18414db81101;207.242.14.68
brownkimberly@example.com;8213478400;8fd92abc-0bfe-a4d9-8887-9dae16005af4;221.17.102.105
waynewatkins@example.com;500-311-8430x04512;66a1ea6c-78ab-9d18-c6d6-84ada6006712;84.170.97.238
michael23@example.com;001-933-566-6384x23275;250d661e-e2ae-34c2-b944-e93c2d298269;195.115.137.68
kimberlyaustin@example.net;+1-826-621-8820;e9e67e17-4f5a-e558-47a8-ad4273c43179;212.136.128.225
jenkinsisaac@example.net;001-553-673-9562;526c6fa8-4bd4-2115-77c6-d395467dc2d4;205.92.58.205
molly68@example.net;307-249-1114x12104;389f0043-d702-b8ce-366b-e50588796865;135.115.124.61
lisagonzalez@example.org;781-663-2305;f080bb0f-c42a-0eb0-962b-2d3eaf265ed1;152.14.239.190
jimmy27@example.org;537.518.8027;4321fa7c-7524-a92f-403a-17d972f23965;138.220.152.252
phurley@example.net;(815)932-6359x701;791978f9-c6ff-a133-44b2-7043d654f944;199.208.135.255
jburch@example.net;(260)362-8111x199;0ef58966-f194-c45f-ac70-c421081b646b;159.38.98.134
zgonzalez@example.com;+1-318-555-1040x88053;f3e20297-9082-6ce8-bd71-cb16530cdec6;205.143.109.57
woodandrea@example.com;343.747.0137x821;c6db0db0-9052-8eeb-0721-fc663a28a997;207.111.71.234
yhernandez@example.net;001-709-680-5073x697;1089a14e-0133-10db-ae35-410410f08508;176.210.42.153
mendozakristina@example.org;547-857-9644x4028;226f09dc-fc49-154f-ccb0-f9308a58dac9;67.25.177.114
egomez@example.org;+1-469-448-0063;be535760-e61e-0403-777c-58c5adaacd25;78.158.55.68
bushlouis@example.com;(700)511-6998x418;afee5f81-a670-f397-96a1-541e4e92f1f9;14.194.221.176
greenvickie@example.com;235-547-9415x236;6f22defb-b504-a6ed-11f8-bd5b0590a288;179.128.93.155
samanthaphillips@example.net;618.208.9427;2301cf00-38a6-3f12-6590-e9fd09ac291c;161.97.38.101
stephaniewise@example.net;(727)521-5595;96f73885-c3c3-982f-72f8-6ddc0eaae139;145.104.68.142
westtimothy@example.org;663.618.4602;3d58ca93-5fcd-9875-d2ad-9a2448ff7e19;30.97.0.65
michaelgregory@example.org;001-675-273-3907x9421;06f327a4-4fe7-50cb-ddfd-22d4032c316d;194.59.208.68
mathewskeith@example.org;484-943-8409x1522;7a3e1bed-966e-2a16-1ea3-9547a37f6d68;197.179.72.236
thomas06@example.com;265-462-9886x92327;abb8c713-f0bc-83af-4095-e8b419891720;133.115.159.56
thomasrichard@example.com;001-888-525-4233;ca655b1d-4868-72d4-249e-fe6d234809d5;29.111.142.90
peter27@example.com;558-207-6167;abe9f1dc-07e6-25c0-1923-1320ca870008;156.41.113.52
ylloyd@example.com;321.692.1022x3623;c235bda6-3b7f-c4a2-fb27-c60128d936d4;151.6.119.95
evanskristy@example.net;350-799-5350;229f277b-a93d-85bc-e647-32220bc48158;109.197.141.240
rpeterson@example.net;001-763-992-0988x663;de839651-e52b-bedf-a42e-bbabc8c63448;37.27.186.55
xbell@example.com;747.553.4839;54d74428-916d-78b8-bf5f-fadd5c157336;168.17.210.194
williamsshari@example.org;356.444.6286x35801;dc4fb79f-e702-3551-551a-5dc0ebaebcf2;179.156.147.99
lori60@example.net;(779)548-7979;abe4187c-c6af-9cc0-c48c-9e9d2a8c3abc;166.23.18.174
smithrenee@example.net;929-846-7596x39904;a9cb38d7-0a6b-b7f2-da7c-724148d50ff6;17.230.97.47
kmitchell@example.org;963.927.4440;56256081-c02f-169c-8b87-bc121d5c63d6;104.97.218.119
sotorachel@example.net;(597)338-3713x749;593f8fcd-7ca4-63b4-d989-9ef85d6e745c;211.223.66.37
josephbush@example.net;557-927-7666x2690;d7343066-9237-e373-de99-76208ea9c416;118.100.255.39
jameszamora@example.com;+1-258-820-2042;fcb49530-6cba-3f16-fc87-12bebfe37150;123.50.6.116
bethbennett@example.org;2527215538;785eb27f-b13c-479f-2761-7e5062ae2ce4;180.91.119.163
cynthiareid@example.com;+1-973-886-3907x208;79b6fa65-e029-d26e-035a-126f423949c2;160.56.54.67
gutierrezalexandra@example.com;001-680-823-5604x479;056edc5f-f0cd-4f65-9beb-0dcfd17f74e9;148.101.81.1
harrisaudrey@example.net;855-462-4992x34307;c30a8ec9-1618-109a-f667-223df8bcf27f;197.188.11.41
julie32@example.com;231.245.6248x208;b63ad7e5-1598-f7c0-e527-7ab21511fed8;206.74.1.239
ghayes@example.net;518.735.6219;18f2dd10-7762-7b0e-4c5b-ba54d5665bd9;206.253.111.205
holmessamantha@example.net;2237073089;ad6e2942-8a14-4f40-f5d6-c65d30d17706;69.239.57.72
vscott@example.com;+1-371-366-6310x3076;96c559ce-5e93-2e92-587e-7d860cfa4b75;207.249.205.139
martinezmichael@example.com;895.329.9474;989102c6-a374-c062-245f-2e20cba9c5fb;156.30.47.235
tasha41@example.com;623-715-4948x084;95ec39c8-dd4e-b4df-7cb8-359e9cbc459e;82.246.136.109
veronicagilbert@example.com;234-236-6317x403;b53b3984-104d-2748-7236-8d3de7c79d7b;79.96.229.189
colleen60@example.org;+1-587-823-4576x891;8e1d27bd-0f1b-a891-5824-10179a059244;5.162.73.156
vbeltran@example.org;001-474-437-9745x9003;a894c6c7-18ee-924b-659a-e86b57d764b4;202.197.3.156
xjohnson@example.com;6589280668;0556c32d-24ed-4d98-dc24-20c64cce6628;182.249.98.149
pierceelizabeth@example.org;001-714-348-0830x926;d137b6d3-4af7-2657-a823-f6119a4e777d;190.42.214.227
ohill@example.com;209.670.4292;74ffc3ad-beae-4633-5f10-d51623cdf275;199.233.254.82
nicole34@example.com;941-629-4256x350;d69b5b4e-4200-efd6-1f28-ac084ebb2e87;62.41.214.155
matthewbarry@example.net;527-963-4079;d27774d5-4323-6714-98d9-82cbcbfe724c;150.74.39.232
jcunningham@example.com;262.473.6740x4633;adc6212a-8768-b6ac-be0d-fe6e693bf387;70.126.119.84
oliviahernandez@example.net;645-492-2826x733;9c617c49-161c-97e1-cfec-54229e14711f;146.170.76.118
ghenry@example.org;001-858-388-9818;e962668a-a3af-a677-d9aa-3e9a462fdec8;58.236.180.169
roberthughes@example.net;(621)524-2415;102e0adb-89cf-1fdf-9d98-d74b9a03a420;183.5.229.54
btaylor@example.net;274-348-3531x8233;705a64b8-1228-3aba-4e2e-bb055a735c32;55.195.65.116
rodriguezvictor@example.net;288-886-5882x648;3393269b-6166-9c95-39a4-545fd0eb6313;195.220.89.187
woodcraig@example.net;621-427-9743;082ac397-ba15-a90a-bcb3-b871729b145a;212.112.246.247
mle@example.com;+1-731-805-7299x189;24c3036a-cd1a-a836-71b8-b888a09f73a5;199.80.126.85
derrick87@example.net;624-351-4958;31b5f385-f64d-0695-7ad1-ea105b3e0067;198.16.166.130
summersdenise@example.org;001-899-756-4647;5464d569-2160-78db-145d-626c94943371;94.47.200.207
emmalloyd@example.com;(294)854-8732x0327;32d2920b-fb69-2d44-d924-fbffbd71d7c5;212.245.173.145
summersdenise@example.org;+1-436-859-9041x5597;405b575e-a933-aff3-a29a-3c5468795914;218.189.148.120
fhopkins@example.net;+1-963-964-9082;26ce8ec5-c5f8-24f5-8a1f-c3f99fa08b15;72.182.53.158
jacksonkari@example.org;001-669-451-8211x497;3cd5b9b4-3d0a-438f-54d5-0b307e4b9d92;26.204.55.112
steven85@example.net;001-379-751-7405x27015;218c9cd1-c7f4-0fce-ccda-c93a6c2846a3;209.65.129.177
jenniferwiggins@example.org;999-657-5346;cae1c525-6031-8d19-d237-fc09cbdd25d6;125.106.50.154
xallen@example.com;804-930-6413;aae9f7cb-9e99-7966-1eed-029baecb7153;189.144.225.63
colingillespie@example.org;(240)495-4270x07583;9331da78-2937-950c-9f67-32ac01f7980c;200.226.161.112
troyproctor@example.org;+1-666-988-0701x489;c3d5f705-f953-78d0-8e50-eeab68940c1c;137.3.209.1
xduarte@example.com;338.344.8014x33455;c3b06409-635d-8324-c2ff-5f264fed17a7;209.62.232.195
qwall@example.com;001-413-900-0938x805;0c377754-9dae-6f22-b5f6-d0415133d1ee;27.5.89.173
daniel43@example.com;275-509-1607x263;a1744740-570e-56fd-4edc-0deb9aef2a48;212.123.102.62
ryoung@example.net;(903)356-2599x716;c8d5a682-e76a-3214-d45f-8fe3991d370a;177.23.220.132
william99@example.com;001-431-809-1291x6282;d051d157-c78f-98de-5bb9-5ca16341b1bd;223.122.20.136
qmiranda@example.net;(455)625-2439;7a4b699f-2402-6d78-8f65-a67e89fdda1a;48.190.215.184
jacob50@example.net;(204)219-2604x897;185f8c68-6aac-4fa8-2476-e9e5c5afd26a;137.66.111.103
peterthomas@example.net;001-692-648-9061x8577;3f1a5924-b961-391a-2c6f-3e779a30aed5;200.230.220.179
ramosamy@example.com;001-791-876-2118;fa81ad05-606d-d379-6dac-5fee627de468;175.88.84.49
william87@example.net;001-715-968-6920x9407;75b7e32b-3521-767d-df02-64c475142600;88.50.112.217
woodsdaryl@example.com;8229649440;dc5bea82-3094-b3ff-ecb9-80dfcfdac316;117.238.126.14
shawn09@example.org;001-249-434-7704x43135;6840ebd0-81ae-95c1-11b9-05f8d745a0d3;166.166.122.157
larsonbrenda@example.com;6294684190;58043f86-e660-47e5-4367-b62fcf4d7d39;175.15.22.0
hbray@example.net;(997)691-9540x0830;65b650bc-1e74-07d8-d5ef-99bbb721c13d;201.239.99.201
johnsonchristopher@example.net;285.988.1041x96203;f5be8ad6-3971-9629-0f0f-e21e37b94e64;178.104.113.200
hernandezjason@example.org;940-334-2404x3494;d11ce306-7d5b-cc87-27f3-479d63ec8d6e;185.253.163.190
mooreharold@example.net;644-480-2893;7cd12019-ad67-ed41-1911-9d9bb4aeffbe;50.73.154.252
wrobbins@example.com;440.830.6084x17565;e7992670-2317-82e9-380c-c2c87227e93c;179.72.10.187
woodsbenjamin@example.org;(362)585-4082x66824;0f2e6b92-491d-dadd-d606-c6d746c9f8ab;12.20.136.30
nealaustin@example.net;267-762-1308x128;0052dae8-252e-5190-2477-be1ff19b9f2d;166.92.114.85
barbara08@example.com;262.315.8756x12337;60e384b0-ff38-1125-6f32-6d8d409f41bb;155.248.221.146
ellisnicole@example.org;926-270-2465x2538;a70c9e9e-fefa-6b4f-e1be-46242b922394;206.9.236.96
tpena@example.org;8988732169;53bc2bf4-8b1e-ea95-381d-787ef3ea6db1;149.221.215.83
scottdeborah@example.org;(679)919-8664x285;e6d324d9-2a64-5e14-9264-42fc479f5a5d;195.194.176.210
gterry@example.net;001-891-717-2977x143;662abbb5-2554-4035-e73b-a7df2df1bcc0;33.32.145.47
karnold@example.com;001-868-927-9594;f193558a-edc4-2497-f2e3-4e516f8c9ce3;135.202.71.158
iwilliams@example.net;001-823-693-1454x80494;e1b8a132-559a-eed8-9594-1bec3b193411;167.93.217.112
porterkristine@example.com;(525)565-9162;a020ed9b-82ce-aa9a-04e8-b82d53c1be31;157.134.220.21
bautistakelli@example.com;+1-331-636-4906;5a4a1228-4eed-9c18-ca97-19b15de430cc;154.195.2.82
amandaperez@example.com;798-278-2524;2abe14f9-02d4-120a-9107-680249284a95;66.155.250.1
melaniesimmons@example.net;4148620925;eead75d3-05f8-f74a-033e-0fb68f8f3f36;128.118.150.15
donaldsonronald@example.org;+1-820-743-5503x83196;e1b2d1ef-d232-6ae6-2d6e-0b1faac88732;60.166.102.206
hunteredwards@example.com;(433)820-2689x111;afd74dff-b232-aac6-21ec-9e4fb04096b0;120.147.228.60
jeffrey45@example.org;675-590-0033;a801a165-4dcb-67e2-b0eb-8120177bdbca;108.83.16.104
mcdonaldmario@example.net;+1-518-713-7169x470;abf6f0de-7fad-8ca4-0c1e-a60f44a67986;182.76.49.227
brownrobert@example.org;+1-762-369-6359x249;3403406c-a85e-70f7-c09e-391b30eb88e3;105.113.220.211
randynewton@example.com;+1-963-428-8570;2d763046-da63-6539-cf2d-328d5901d82b;200.146.156.65
andrewsbarry@example.com;381-783-7091x861;7d0fb5f4-f681-15ce-fc3d-42b93886024b;50.176.64.242
justinmorris@example.com;(716)453-5300x3138;3dfd5bb4-e52d-b8f0-c0e3-58edf3406899;223.185.247.42
christopherwolfe@example.net;+1-388-381-6898;bd013a20-e162-ba1e-d60f-b4342816d604;145.23.118.3
jenniferhernandez@example.net;947.670.5702x600;eda0f0ce-668d-3072-f11b-e7301b01bb77;9.27.239.200
cheryl14@example.com;+1-261-317-0540x3253;dbc39b78-772d-fbb4-1f3f-b049ff1d2e7b;203.161.33.164
ruben46@example.net;(545)244-3259x188;539dd5a4-6611-6717-b165-60fa72a9043b;18.71.16.167
emartin@example.org;(579)269-1381x42002;ef38427b-74da-8bad-a4e8-4cee88799111;25.8.140.69
rmurphy@example.com;+1-203-795-6831x460;35284f31-1195-bad7-9a09-f41fb38a4bbc;209.236.164.209
shannon43@example.net;901.586.3579;3fe6b962-1e10-10a5-edca-5c101d9e84a8;194.145.64.9
riveratonya@example.com;001-249-525-0742;7addf067-448c-0cc7-cd7d-ec8a436199f6;133.214.123.124
richard16@example.org;001-870-906-8294x646;f34e2a9f-1f56-4765-ff37-ec1fc8514bf0;103.117.48.68
duncanlisa@example.net;001-697-442-9839x7693;a1f1c782-462c-57dc-927a-b19650c8d03c;65.68.12.58
shirley46@example.org;954-706-6319;283b5e90-016e-4859-9f9f-c663efb42297;66.12.123.172
nicole08@example.org;7152227376;0a0dd811-1881-6f23-66a9-c9571d00e974;203.24.148.152
wbates@example.org;(276)398-8943x517;875dfeca-c206-6934-fb5c-45127bf8a934;167.234.4.73
efreeman@example.org;+1-249-682-3821;e576f372-3d89-7cd9-76a9-acfede87dea9;213.253.53.85
watkinsjeremy@example.org;+1-954-886-7405x5154;ee9f90a4-2cee-22da-0740-4aa52eea9b45;126.58.116.138
wadams@example.com;(969)331-4545x12214;f1507b62-0764-b763-cd69-a6501093c0a2;3.63.188.237
weaverbobby@example.com;(302)924-6474;26221037-15fc-89c0-9e41-5317533d2757;152.224.121.132
johnanderson@example.com;(207)682-7819x80435;20245c28-3a30-ac1a-929f-67b6782fffa8;141.97.180.95
dayvanessa@example.org;895.260.4077x72540;ab334c02-d023-236f-3276-333dab8192f5;222.253.250.0
victoria67@example.org;001-701-562-5731x02562;254389eb-cbe0-be94-3c8f-d20921a4475d;215.167.113.137
michelle83@example.org;001-935-525-9278;15b8a3c5-82bc-8fb8-3e40-501114ffcc66;68.141.126.84
lbeard@example.net;(840)763-8112;36c9e735-572b-b90b-988f-edfbce34b3f9;148.45.88.67
carterpaul@example.org;001-874-401-5251x7671;2d464676-3879-2bfc-a177-600d1bdcfb64;131.106.213.71
gcrawford@example.com;001-893-355-2202;1810e3c5-cdfe-5753-f030-083335650844;175.1.255.71
livingstondeborah@example.net;(828)486-4959x3377;076ac79a-a6d7-6bba-e79f-7e1f16e96018;82.124.120.244
sclarke@example.org;458.650.6634x2556;4e8d722a-d35b-ca08-18ab-1a579a19bca1;206.218.215.243
patriciabrewer@example.com;322.781.9032x543;aa431dda-537f-f879-5925-4730ae196f54;183.221.134.34
jessicagraham@example.net;001-677-223-1073x5880;1b9e2ed3-ba72-019a-57bb-11b76757a453;119.141.157.117
chelsea28@example.com;+1-331-636-4906;922f91a1-217b-c55f-b6d1-75412578b4ce;69.106.166.86
jacksonnicole@example.net;(670)218-7584;c35d2a06-d73f-9d52-32c3-d7c3c06d83c1;220.243.22.114
bushkristin@example.com;718.568.8246x8442;7c49262d-5d56-0462-4594-00532a677574;206.58.41.139
sullivanbeth@example.org;001-683-355-0063x45481;c9b4b6bf-8abb-9b04-2565-8474bef145cf;166.1.63.71
gary17@example.com;+1-604-984-5739x8933;09f4aba5-e859-7136-37bf-59dd6602926d;155.182.167.204
campbellchristopher@example.net;2107320948;3068e64c-c337-16b9-1c4e-a362c06d2214;223.223.196.14
allenpatrick@example.net;+1-868-487-4523x016;c9bd0384-71a5-ad2b-ee7c-140b14852a5c;156.92.110.68
manuellee@example.com;+1-759-945-2775x2433;c3c82862-9027-34dc-5d6d-48320cf1186e;217.30.87.176
imorrow@example.net;571-619-9031x14086;c96e3ad0-2b5d-7162-033e-fac06ede7b95;124.220.144.147
yuelizabeth@example.com;815-355-3247x9632;553cf91e-729e-6aac-296c-7345c93df5ed;143.26.180.114
barrettjose@example.net;+1-469-327-2487x712;635fc0af-8080-9015-5ae0-547777adab2b;103.43.19.16
walkerlaura@example.org;391.382.3765x11048;eecedef3-ed4b-ff15-6c34-811d7e9eb182;74.3.162.228
ryan59@example.org;6482393980;7b0c165c-e662-9ed8-9a79-c42942794524;194.235.142.251
sullivankarla@example.com;250.311.3497;0de5e9e3-5718-c84b-2ec9-c813aab9887c;26.163.81.37
muellerdaniel@example.net;(821)671-2356x265;69048f85-42d8-f755-092e-3b5b77b465ae;118.4.104.163
gary65@example.net;938-239-9895;7e05e154-1039-a1f8-6970-d2fbd7582008;188.101.18.117
luis02@example.org;(703)709-9293x9398;6840ebd0-81ae-95c1-11b9-05f8d745a0d3;214.57.67.118
grahamjames@example.org;496.375.4235x338;d8fa8216-d38b-c61e-ac8b-0606abbd4b00;204.97.246.119
ericwhite@example.net;538.263.9590x563;2ee42146-7cda-5176-7dd8-b4cf36372af3;158.12.136.189
eweber@example.org;3076164278;e468ee45-334e-cffd-f61d-f4f7d1ae9f9a;43.100.122.234
williamsbrian@example.org;+1-442-767-1405x6994;01759534-6bb0-41af-b3bc-fc66c3c874e7;217.139.174.42
daniellelong@example.net;353-521-0027x8198;461f65c0-8e71-4753-2af6-616a2e89e098;129.72.86.106
jacqueline58@example.net;4327443349;8df642c4-b020-52f2-db5c-36cb63536eeb;194.47.37.50
mitchelldavid@example.org;519-517-4857;464f434f-2840-ce86-1d79-dd08142082c2;128.0.23.230
ruizrandy@example.org;791-527-2295x00335;cdbf678e-a2a3-1300-881b-cc0b4ccea39e;42.130.147.104
robert45@example.net;001-232-475-0214x211;9d1b90f4-b404-3d9a-a691-0296264d2da5;42.188.171.211
llyons@example.net;+1-246-381-4806;f7b0cbf0-01e6-30f9-900d-daceb912b090;207.107.124.140
natalie45@example.net;001-652-877-4711x792;41783ee9-149d-2c83-75e2-b4d9b1f5bb18;162.228.152.125
kevinhansen@example.org;496.904.5561x7128;b6d8f8df-3b07-22f3-4b9c-1e92bc3ca4c9;34.80.111.2
shelbyjoseph@example.com;(940)509-0985x74252;8e7bab81-b2e8-adb5-97f5-cf3012cc5ad0;187.239.108.221
npitts@example.com;001-394-435-8682x1451;2fe19f48-9bb0-6769-ab81-d1b73f085ed6;48.26.72.209
bartonmichael@example.org;900.801.6058x1342;98514947-c14a-fe27-c985-fca32b9d423e;145.7.75.36
michael50@example.net;001-833-579-9370x90248;bcdb77ed-73ee-7d75-97d2-e65a3d9af3d9;103.92.145.28
austinandrew@example.net;(627)857-5924x2890;a07603e3-9743-cca2-af64-61490685d9c8;50.72.156.22
deanna95@example.com;556-867-8355x0081;f007d9ef-01eb-f279-9a0c-06b39c78752c;121.178.148.58
robertmills@example.org;522.271.7305;9048147d-5e87-8b0a-dfba-e1416958b2f8;157.27.240.181
megangould@example.org;001-720-573-3959x212;e6cacfa3-53ad-e571-4a0e-f8f328015714;162.33.43.187
mary66@example.com;+1-374-944-5603x76385;a590fb92-e072-fe9a-5ab9-a80d972d4f7a;93.150.169.41
sbrown@example.org;+1-331-869-4037x889;168c0bd3-947e-7148-ba2f-ca4b44e6ebe4;50.242.82.228
shermanricardo@example.org;+1-808-503-0633x3989;b2d64c8e-a7e6-b995-c0c1-62fcc9b0f351;153.112.204.34
ramirezmichael@example.net;(670)671-8984x0962;10da1a22-2070-7c84-bb4d-be68d955ab83;207.126.93.179
cervantesmadison@example.net;001-975-639-9686;fbd6dbb0-4476-19b8-6251-cda425596853;216.191.25.102
vasquezjeffrey@example.org;(577)692-3645;db452484-3119-7034-cbcf-8386bb93a93a;111.77.143.166
angelalewis@example.com;687-216-5493;1690bdf4-fbea-ddaf-d69f-c427238e1962;31.200.166.166
yvette19@example.net;+1-270-686-1794;7c1636b2-9db0-a704-46f8-01279921e2fc;206.86.137.205
blyons@example.com;001-354-594-9033x422;8c0c3363-4fae-a023-aaa3-4ff9f73712f7;223.17.193.97
jcontreras@example.org;(834)744-7414x525;cd7f9457-89f9-9ea0-eb5b-60389536a68c;222.85.219.120
christopherchoi@example.com;848.636.4237x5914;3b84b73f-0af9-50db-0e14-53ad99521ca1;159.132.230.203
pagekristy@example.com;573.753.5614x68547;6c4ab1c5-ec7e-a855-ee26-eaa9559ff4db;3.202.14.170
nmorse@example.net;665.719.8636;8c3bffe4-917f-4874-04db-b2c750ff58dd;194.186.37.30
kristina58@example.net;5754392717;adf87557-198c-8f09-7889-a720fa197e6e;15.229.188.193
bettycervantes@example.com;001-398-264-2702x26484;596909dc-e178-1e95-9346-7ebc17d86bde;199.37.93.36
mthompson@example.org;3214780690;3429c2bd-4f87-602d-987b-ac2afc8b9a47;139.155.115.180
graygregory@example.com;435.318.5943x62582;8ec2ee45-aac6-a70d-5808-d26d2c396098;196.81.211.111
marcus15@example.com;(582)785-1169x2874;82e3dea5-9ecf-f858-b0f9-ab1282d23b3b;88.134.68.173
tim38@example.net;975.561.2608x9788;d4ffea51-aa8f-a8eb-3467-3486b4c4bd7a;24.110.13.85
connor99@example.net;(250)272-0240x01568;c84562bb-677e-efee-aff3-fdfe0ff1943a;170.198.15.22
freemanrobert@example.org;(584)687-2059;6b094c76-df24-1c8c-3b2c-b823f7ca86b8;196.76.212.214
jon74@example.net;(379)657-2648;dcae0293-114e-c90b-2f5c-d5dd457932d0;43.242.150.210
crossjohn@example.net;001-386-712-5664x142;999e2564-5b89-9b40-3f19-4932047fa9b8;208.61.124.80
lesliejohnson@example.com;419-233-7727;acaa17fc-61c0-68af-b756-b153d282e7f8;131.177.216.65
cmorton@example.com;488.587.6117;b5b16330-9ba0-39b4-6978-4b5a7f12c13c;185.1.12.69
adamcharles@example.com;(787)225-1849;1fb4a2e9-de1a-00ff-a40c-514110aa76a1;220.214.215.39
watkinsmonica@example.org;4059548835;134a3b68-bca4-dcb8-adf0-86986fc60401;143.252.59.236
howelltheresa@example.net;001-206-932-2514;3cad6cfd-c88c-3eb7-d1e1-9ec07fa933d4;101.223.172.107
zoemitchell@example.net;+1-304-262-7944x858;fa2a4064-c4ca-7abe-6dcf-e16af0d99246;135.230.17.98
cunninghamchristian@example.org;547-522-7149x3732;ae6a24f7-76fb-d582-faf4-c07cae209189;196.121.34.138
uallen@example.net;001-286-461-2941x3650;1012abc0-95c4-fa38-c56b-8b5c8cb713af;147.51.11.154
uarnold@example.org;796-605-6380x4555;07864d31-f0cc-ddba-f05e-870d36970e86;131.120.153.201
fosterkyle@example.com;216.803.7210x73405;588c91d5-8227-abf3-addf-8d03dafd0db4;160.78.65.82
john03@example.com;437.609.2556x5615;a820f18c-b14c-b3e4-c707-3dd6eb156362;39.145.178.51
smithkelsey@example.org;001-941-853-5805x98803;f75639fd-76f0-b49f-aec4-983005b84b1c;43.132.126.252
christopherwilliams@example.com;(211)664-1584x7003;7889d684-2925-f227-3717-1a8badf4ddf6;216.92.228.231
keithvega@example.net;338.204.5505;8c29c2d7-aad4-65c9-7c25-f258300e0e41;207.26.72.184
mccannanthony@example.net;+1-941-848-8643x82446;b63ad7e5-1598-f7c0-e527-7ab21511fed8;31.186.182.222
laura19@example.net;+1-713-707-3676x00442;c3ae42f1-2a58-50e2-57a9-26225cbae233;131.206.61.108
michaelhamilton@example.net;408.433.7676x14455;00e9ccb1-46da-2585-81ef-8faed5d9bcb6;137.24.200.57
moorebrent@example.com;813.536.3844;23d0fb21-9929-70e4-1373-b80004743c1a;222.133.8.88
hillevan@example.net;942-930-6626x41955;622cee8d-56da-b831-21d2-1ae154fa51c6;173.206.248.206
tramirez@example.net;+1-335-797-7630x7252;ac353b23-417d-7825-e79a-ed935358c3aa;199.90.223.198
mjackson@example.com;392.413.0196;9f888559-770f-d268-3fe9-33be982b77a4;161.64.188.52
nancy76@example.org;956-618-1455;82f86c45-6ece-24ca-b51d-ed4a691340fa;186.15.35.36
davidsabrina@example.com;001-677-675-2272x913;db27d7f8-5860-29b0-9825-b12a12ac2c46;221.181.99.45
johngonzalez@example.org;001-613-751-8228x3164;6949a135-4178-ec31-fdf5-c05fd96c7c57;186.239.18.28
dhaas@example.net;694.776.5111;c90b0d18-874a-fe2e-23b8-c4e3feea30b7;218.60.157.73
careybrooke@example.org;789-220-5642;2c3c1cb8-4168-36b4-a090-06922ac5e332;220.5.98.190
drakecameron@example.org;001-319-617-1428x9356;72bc4614-4aa0-75da-d9c2-ba4bf19317cc;210.224.145.91
obest@example.net;996-355-0803x638;c197d01d-1b77-c5d1-474b-91a0692604f2;130.249.34.37
kristenryan@example.com;641.993.9353x84060;3a31c8ac-75c0-8f19-58c0-eb869e89ae3d;172.39.35.21
alicia20@example.org;(615)839-8140x46499;b8dafa9e-ee9f-d736-439b-051c0062011f;44.54.82.227
bgonzalez@example.net;(231)821-6770x2698;1896d6b1-bbbc-0a2b-d074-88cadaa33699;156.224.123.20
vfisher@example.com;(599)436-9836x7150;fa5ef77e-e076-7db7-1a0b-48762d8ffcf9;14.250.37.93
sduran@example.org;205-526-8316;f0e58b10-61cf-777a-142c-d7369beb98cd;78.80.242.129
maria29@example.org;651.946.2946;37225bca-a08a-67d3-db8e-713bfb82de21;203.58.122.11
wflores@example.net;902-350-8509x575;bc48b57d-7a9b-2407-c7fa-6fb4a80ddba4;215.158.7.36
kim81@example.org;001-684-744-0095;69407aa3-715a-c5d8-cc8e-8c878ef422f6;162.239.136.26
fcarter@example.org;+1-636-608-5607x57352;755675d9-c0fd-ee22-9e27-dd25ec4d6506;64.185.247.230
yjones@example.com;839-595-9462x0488;3c6d9c44-2664-b8d7-d5fc-4ad1455b6b1b;208.7.0.4
jwilson@example.org;(548)419-3808;97545a09-23a2-5c49-28d2-b91666a52dee;139.196.25.126
christina81@example.com;593.674.4605;9ef3ff41-3364-971b-90ca-478242adf8a9;97.245.121.242
grace64@example.com;001-903-929-8022;5d8e7b7f-991f-4c94-2cf0-d9ffeab9953f;207.17.96.148
icraig@example.org;392-576-4452x3516;48bc566c-a52f-b276-9c2b-1dcec6c15f8b;194.241.212.113
ycole@example.org;+1-486-331-9461x2401;b3bf2a77-1351-3009-df62-32db475c0210;74.212.148.231
nicoleroberts@example.net;+1-717-488-6963;28f844a7-45f4-d700-b4cd-77a92c93765a;40.255.241.125
agreene@example.net;829.991.3671;c90b709c-8a19-24ee-2198-ffadbece5ba5;160.46.31.115
cherylpage@example.com;(262)557-2807x1175;df51e21f-31a6-6729-19ad-172d393e6e9a;218.128.227.25
alexbrennan@example.com;(739)995-2449x984;7f689d34-e779-3057-d341-bc7d7a59cc97;200.117.55.183
zphillips@example.net;471.716.6787x1211;d04de858-71a0-c3d5-0d1f-8dab85afa8b8;219.195.68.95
lori71@example.net;347.759.6452;7ff9e573-a6e1-aa23-bf18-d7b0e6d311c2;28.129.113.42
julia76@example.org;489-621-3177x412;d50d7bd0-9bfd-4795-1d72-d31d68f4eaff;119.160.16.255
castropenny@example.org;001-568-568-9412;76fd5eb1-a47b-4c70-9d34-d94b46349a82;24.174.136.102
ymann@example.org;601-721-8921;3bd619f8-370e-2a4e-210b-d7665242e320;26.25.181.32
raymondbartlett@example.net;498.713.1838x857;1d0a5b63-3d37-6243-b81b-41e0626ebc5f;175.160.92.61
shelleymatthews@example.net;(387)913-2665x585;1cc92c78-0616-ccd6-f3c6-a38bf6965489;192.21.22.242
fosterandrew@example.net;001-537-674-2997x397;c2e56e21-7056-d07a-0f0e-e1a52db5f8b9;120.153.124.158
kathleen12@example.com;(503)458-5016x756;8cb1e7d7-bff4-ebe2-1b6e-4ab655409a1c;120.2.201.129
deborahhenson@example.net;6285426795;91976129-d0dd-673a-00fc-2195375d5c27;63.152.205.57
navarrotanya@example.com;644-238-0045x90662;22b9d04b-c949-e221-b452-722c94c2c9c7;164.21.137.181
ojones@example.com;+1-337-781-9207x066;74939f48-d379-15cf-f4f2-a3ed0ec48c3e;37.212.177.164
coopermelissa@example.net;7126601764;a386b291-de0d-b71c-c0d6-229d85b32150;196.245.219.158
michael23@example.net;(716)592-7596x587;87de5b19-8897-9970-6a21-b3977b3b1516;139.130.212.184
jessicaadams@example.org;2223702935;fe8ec1ad-f6df-4c7c-91bf-ca5d695ab735;73.227.121.241
rossgabriel@example.net;+1-257-441-6336;58fecbb4-9142-81d7-9e5b-044b06173b22;52.90.237.108
kristin15@example.org;+1-439-724-2733;472869d9-2fa8-8620-172f-9bac920a9507;39.70.148.181
claudia41@example.com;344-952-0330x5919;ce7f5979-8845-d225-4bfd-f7b3aa89d784;70.73.136.109
lisa32@example.org;(907)653-7762x19556;353d7823-7fac-ce04-fe2f-cbd1ccc07e4a;150.99.147.216
jacklopez@example.net;805.569.7337x193;51b2bf5e-ec5d-d822-ad36-f66da0d54570;147.74.94.80
ronnie17@example.com;398.698.0227;069865b3-ecc9-1afd-3d37-fc83c38e4937;106.34.203.62
taylor58@example.org;572-805-1914;e2148477-7a73-8a95-2716-69f4982f1e80;189.17.143.41
tcunningham@example.org;001-265-928-3861x6968;57d48b7e-1eb4-c379-a2b5-4632cc67a93f;164.21.237.42
jonathanglover@example.net;990-318-0716;032d3536-9980-6e36-1e56-b19026791c62;211.3.96.173
jacobhogan@example.org;+1-777-726-7578x10047;cb6c7bf8-a72f-59ac-fae7-39cfff33dd0b;184.214.7.8
schroederrobert@example.net;988-707-4962;f91409c3-16af-34d0-4df2-eb1b835a288c;215.191.127.42
sotodaniel@example.com;(563)782-3022;8d4c23d8-3975-c0f0-23a3-acb42c817a41;156.222.52.101
jeremiahandersen@example.net;001-702-988-9906x567;f5e7f7a1-2d38-eeb6-6683-da2c71662f5b;199.253.43.49
valerie77@example.com;+1-719-635-8397x216;d1a3106c-1511-4b44-9407-3c9244f3c6ae;162.181.50.83
waynejones@example.org;340.861.7280;350176b7-7bf5-7955-17d8-6b35ff4e20d2;134.191.110.62
wbrowning@example.net;377-277-1148x4047;843aa628-d777-edfd-ce11-3827c920ecf2;72.186.69.247
reedjohn@example.com;001-319-430-7909x17640;8a66f122-f3bc-7db6-fe0a-643b0a1edadd;160.41.229.126
richard56@example.org;4556648173;a177d95e-b7e3-04f5-4250-30e24a262166;220.155.182.94
janet49@example.org;506.979.2684x02092;3e18dfa3-1f6a-d484-848e-c55fd2818427;201.35.76.12
christopherhughes@example.net;001-386-822-8854;c8d041ff-2cde-55bd-7dbe-1d9e55c93b08;28.81.163.101
daniel53@example.net;001-484-735-8284x84046;8ee1ae17-852e-0397-e7a6-065b4ae22556;222.226.76.219
gstevens@example.com;001-247-948-4702x3916;88a8427a-4361-00ea-619c-5d2f4444bb7a;1.216.8.241
dakotawalker@example.org;637-839-9438x6065;91d0b32f-4251-7b8e-12c3-f000bcbe34e3;73.136.78.111
lewisrobert@example.com;407-695-6278x56037;66503257-c5b3-5033-b990-9b06f9afb6bf;154.254.44.241
rachel19@example.org;657-622-4550;ea747fc9-3d29-1fcd-48bf-d0111bd34f62;65.205.67.204
cduncan@example.org;855-849-8379x960;d38336dc-a453-9d32-5ef0-1bed60e0cf54;219.69.156.122
yrodriguez@example.org;+1-363-910-3859;7873a8a6-9f2a-87c3-1b0b-cbbdec604720;41.75.42.107
mariascott@example.net;880-821-2299x339;562cd1b8-2bdf-56e1-4594-548d8086ff8e;174.9.1.230
anthony44@example.org;001-300-508-4656x9284;e962ef7d-bdcf-97ec-55a8-2b878a956ad3;211.84.155.102
adrianbrown@example.com;001-554-379-4764x8592;00682fcd-7dc0-7e11-3562-5faf1238d4a5;214.16.125.220
amy38@example.net;537.419.4708x32804;9d603fa0-ac5d-d107-c84d-1566a7337ddc;207.145.126.102
ndaniel@example.com;(977)306-4586x0140;90ffa29b-a2dd-fcf2-1120-f03878e095e3;220.167.106.85
tracywalters@example.org;271.815.6304;39db55fd-9cc5-9525-d661-de406fa02203;206.72.210.108
moorecarolyn@example.com;733-672-2109x306;dc16a0f7-deb3-2458-7b41-8e7793b1b63e;74.145.172.59
wilsonkelly@example.org;706.606.5208;c6083266-5db7-5ade-a06e-ce9c5eab3ffe;196.232.121.68
ashley12@example.net;995.887.0048x9757;1dac9a4c-35b3-49d5-ed96-1edd0e65732d;115.108.179.76
brownkristin@example.net;+1-363-663-5028x1131;cc956195-e44f-993b-7c8f-340bd1a39840;196.194.25.210
lorraine45@example.com;(898)224-2012x5035;de6d11cd-1d43-725c-6994-35d63aa07d7c;40.20.215.139
gjordan@example.org;001-902-820-6247x547;8b4133dd-f469-53ca-f122-7f57842879eb;212.175.127.5
frederick68@example.net;001-981-925-5213;f6effa35-5800-a97b-e3d9-60b451c864a7;199.88.112.11
dgray@example.net;001-247-278-7680x744;418e7710-0cce-f109-8acd-e4d2fa39dcde;70.41.13.82
donald39@example.com;624.829.9653x39541;074c2c55-462b-24bd-6ec5-f6fa81c8c2e4;214.53.233.84
cummingsjeanette@example.net;308.207.6714;bf6f6d96-f797-afe1-93ae-23772b6a20a9;199.113.56.203
kingbrian@example.com;980-622-7656;0fa99b9b-a911-7c3a-693d-13ebe4cce3d8;174.80.24.207
kimberlymontgomery@example.net;274.682.4130;c247929c-632b-fda4-7076-60df7e9eb9de;88.27.152.1
april64@example.org;+1-284-875-3850x998;abad4d28-aca4-2e6f-0ad6-1f65f2390813;50.245.143.152
stoneclaire@example.com;6319435001;9090b8e8-8826-d0fc-b97c-3bdf48ecf8fa;132.201.68.73
craigsanchez@example.net;540-385-0306x6640;dcd0b14c-50a3-04c1-797a-387821af4c44;160.43.62.225
ericwilliams@example.org;806.923.8368x49090;58c0551b-014b-4564-b4d3-32ce0a23e8ad;49.123.206.86
bradleydixon@example.net;+1-729-527-3648x2971;f33f4c20-dc65-39e6-6132-c81c5c431e70;218.118.210.220
marcus51@example.com;+1-946-376-4162x514;900f631b-3002-24be-57e4-d0848870698f;194.206.18.125
stewartsteven@example.com;218-681-3703x42392;8f1f6c96-2a71-6cf4-4d9c-205bf06679cf;2.239.233.197
ndrake@example.org;570-967-8328x608;585b18e4-8135-bbb5-7c80-eeb1b11ab5dd;48.29.242.17
anthony36@example.net;+1-961-859-3341x80736;075d4644-83f5-a6af-4a8e-4d13bbd7277f;207.203.66.48
benjamintimothy@example.com;+1-778-292-0316x72811;81cad5b1-5ade-803d-3d51-02af144a2aef;47.224.254.113
brownkristen@example.net;(692)486-1080;92a7cd4b-0b63-33e2-8b18-d2309b8714b3;222.253.250.0
beckerjacqueline@example.com;(354)303-0347x252;dfc92a02-8029-12f9-7ab3-f9b6dce3511a;47.168.182.177
linda70@example.com;709-850-4388;f006f1b5-7441-5038-ffd5-fe61d74f5f64;52.220.71.94
vheath@example.com;4389961787;73f55e5c-cf7a-5c9f-a10e-472c2f107cd3;45.155.46.251
delgadodeanna@example.com;901.271.5322;223f6edf-f6f1-7d35-551e-36aee85c2532;181.99.7.152
johnsontimothy@example.net;(201)925-2192x217;d20b7bd7-a7ae-56a8-39c7-23264e660c40;146.46.103.242
raymondellis@example.com;+1-284-681-9623x546;464922fb-d7bd-17cd-3b0d-caa2b3da95f1;150.223.107.241
joshuawilson@example.org;+1-613-281-3856x4528;e69b12c8-3aa8-b250-fc73-6c347154cddd;193.225.120.122
harveybrian@example.net;342.786.1198x30631;523f681b-8a96-ad5c-ee89-a8204293153b;173.106.45.149
lmckee@example.com;817.368.3444x633;b6dfb905-1736-c494-071a-b71534159c25;156.228.178.95
jayyates@example.org;001-993-799-1178x54669;3d4e2802-7412-db22-70da-4508db98a5ce;180.245.43.8
gmeyer@example.com;+1-469-553-8170x5553;9ab91894-554d-22dd-b54a-ad00f0eb0a57;173.203.247.173
brycewoods@example.com;+1-846-491-4127x7322;ee321023-bada-6363-248f-7d16886ba33a;146.129.60.73
julie37@example.org;760.675.1485x3300;6b5ca715-739c-8e1f-52bf-bb6aa5b6bb9d;220.36.61.64
rachel48@example.net;316-333-4258;424d6e9a-5e44-3e3c-05ec-3734cbcc8015;154.94.150.49
kstout@example.net;5239960427;c410a6d4-1222-ab89-8bc1-af500073c66e;131.4.119.132
thomas04@example.net;001-637-325-7975x371;922f1e0e-4958-b2cf-a056-d4741a36229a;156.41.113.52
ashley03@example.org;(849)429-6202;e6004213-d0bd-e426-9974-7df4519481f8;25.194.172.173
gutierrezsarah@example.org;678.444.2296x344;68169374-b8d0-bfc3-0a8f-9b119a1bfecb;162.227.17.106
crystal77@example.org;001-361-715-7109x377;ca1b40a6-6f87-f2d4-ad13-141d8ec90772;216.52.17.123
robertmathis@example.com;216.391.8632x169;ec5ee3f3-f335-32e0-cff6-b7d9dc4d4c63;28.243.236.146
curryveronica@example.net;(555)519-6324x6197;ef51bdd1-3488-da61-53ec-b61b7fae0827;194.226.53.152
robertrodriguez@example.org;6782597354;eac7a108-1b5d-a715-7777-8660ac5333cf;149.255.11.129
jessica67@example.org;+1-552-775-5707x05456;af589b7f-7803-a81e-50a9-c38e476d596c;67.168.8.137
priceerin@example.com;409.209.1079;6914bb26-1d27-8aac-d8eb-24a462c64877;217.144.139.112
donnasmith@example.net;422.473.5160x80631;ca308ef5-8f4c-89f9-8c22-775403eac9de;145.90.32.2
tdunn@example.net;6058020539;8c3bffe4-917f-4874-04db-b2c750ff58dd;90.66.211.45
floresmonique@example.org;250.571.8791;c59f4ac3-c233-6366-3f43-097fd0e1ad37;180.11.124.235
dnelson@example.org;398.866.9160x739;454bb8ce-1700-7348-f53f-6707f8424f01;177.141.50.100
richard63@example.com;7803754766;75afcb7b-f1e0-04cc-b66b-efa125c0951c;222.177.6.118
lori32@example.org;871-997-4591x948;dc3ba03a-b2c3-34c9-69b7-da295a675304;203.86.160.79
slester@example.com;9428019428;8c303ce8-ef3d-5b7d-ffb2-f715805425f8;118.4.177.62
wrightchristina@example.org;(789)761-1007x748;7849e57f-26fc-185e-5065-fdc194c2ac2c;96.173.17.4
tryan@example.com;001-588-403-2407;d7c99355-2bcc-8af1-12b0-7d440ce9e619;9.241.120.97
elizabethfoley@example.net;(358)754-8119x82839;84294768-ca4c-f63b-c161-86f0c78a8a62;220.140.6.113
phillipsjoseph@example.net;291.787.5921x99017;9e7016ad-b9e8-802e-6651-a852917d4b66;87.117.186.120
michaelreyes@example.com;+1-658-926-2213x22478;84f97b7b-443b-e8d1-2f50-f81d62fe98b0;179.138.156.37
astanton@example.net;+1-845-885-5647x871;a70c237f-8927-160a-2dda-d4e481b11216;213.225.59.106
donaldfletcher@example.org;653-270-8497;251a0735-3259-b601-cfd0-6b6dea0a602a;199.116.129.100
nrivera@example.net;+1-837-489-8863x7196;8a77bbcf-5473-3c4b-e50d-64d915f4a2fd;193.25.218.60
laura75@example.net;001-457-529-2163;f4874bc2-12fa-b451-6f11-4f20b1873d8b;81.241.229.57
saracarrillo@example.com;4826124782;3e91d969-ce17-d7c1-845f-8515cd6b7032;209.113.49.151
jamesallen@example.org;001-289-433-2831;3e173ffc-f17f-1f32-48a0-188707907421;215.237.176.241
munozpatricia@example.com;981-738-6305x398;e647a8f9-b9c5-344d-3724-f8c5e78b27ca;123.34.191.245
stephanieglover@example.com;927.853.4943;51dc0c95-4b76-cd5e-e9d1-185bb6430b19;137.178.187.225
johnmartin@example.org;001-536-626-8157x00583;080cfd1f-f86f-8d31-ccfb-0b82d8831ab1;95.4.128.157
lwilliams@example.com;001-672-992-3185x19464;93dbac37-7385-970f-7cee-b72e8e242cc1;193.128.76.152
smithstephanie@example.org;6042927386;14b9fe71-097f-5911-2e78-02e0735db2dc;217.103.90.235
woodspatrick@example.net;943-899-9558x326;7c6de139-b44e-cad5-02d5-72ec2db2bab0;220.184.81.53
wmoran@example.net;886.973.0058;bffb5052-429e-ecf6-71ae-773bd950a1f8;208.21.21.41
cortezangie@example.net;(838)564-5011x622;04f826c0-a53d-36a8-fd4f-67709b9cb470;204.111.205.130
peckalexis@example.net;001-946-398-5940x242;bcc69671-48cf-e5b6-9138-bf40e377e70c;85.125.49.254
hannahwarren@example.net;(776)276-4479;967e77c2-8492-0b69-eef4-5b64f272e643;214.209.71.180
icampbell@example.com;+1-857-384-7951x490;41c8d17e-b510-f96c-9f62-154f8c2f187f;196.115.210.206
tanyabrady@example.com;(522)278-7427;76cc16ea-56e0-ee51-d5eb-7db318a24a1e;202.217.68.208
johnvasquez@example.net;001-800-495-0161x667;5b5b4902-f948-8553-8e51-adf5ab17fd67;104.240.186.212
wscott@example.com;001-792-530-3794x84918;a11b7f7f-ae65-08f5-d53f-6a1dacfa40cd;132.178.35.19
michellecalderon@example.org;911.595.0176;e4a6cad3-3171-9f29-a36a-143ff109efa9;67.237.57.83
molly35@example.com;001-432-800-6352x069;f6318b58-86e7-32b4-ff08-f46cc9d6ec13;56.224.0.118
duncantyler@example.org;001-586-515-8377x60272;06e41c57-eb0c-fc19-b401-990f22d45483;47.242.164.31
kayla80@example.net;437-522-4079x3516;bc455551-c87f-403a-ffdc-58c68a2d4299;192.30.238.142
hopkinschad@example.net;+1-273-699-5049x0831;5e614830-246d-ddc8-e6d6-e60d10747a12;99.82.165.13
robert11@example.net;+1-947-890-5618x026;07fa151b-8cdc-1b0d-6272-d5b5ea390d14;216.52.125.78
hlewis@example.org;+1-228-933-6684x881;db3bbb6d-30b8-6dec-7b1a-061588220cce;194.4.10.153
fergusonjeffery@example.net;001-560-228-6476x6853;a2822dec-0fac-b7ed-600e-b4e4672971c1;172.101.234.171
eric07@example.org;623-701-3940;f59f141d-ed63-85a1-59ef-78c67c8e7693;147.1.106.78
madisonmartinez@example.net;556-454-7587;5727bf68-6ab6-6ada-d1c4-5df64695a6b5;203.239.217.41
williamblake@example.com;(929)783-9785x4144;1aaa0b27-b75f-4caa-8ca8-56e18e4e5770;169.154.186.151
bbaker@example.com;+1-467-939-5195x5928;50ed956c-ef9d-b6ae-9507-8084ca52b657;28.134.163.215
grahamtimothy@example.net;001-677-675-2272x913;e03f87f5-6263-ad09-6a36-0e3d801f6e8c;221.181.99.45
phamteresa@example.net;+1-280-754-3865x20384;51096512-f325-d252-0cc0-49e517461f3c;6.160.208.5
marisaprince@example.com;669.313.6574;728fa5e1-a5c2-c233-1b05-81269881eb8d;199.6.141.160
jamesgeorge@example.net;834.359.7309x6146;ba6f16b3-32b6-9873-6986-3d4f08c59f28;182.73.175.229
frank40@example.net;(801)633-7292;25f8850c-a965-6780-c2bd-c9a1641df3e2;220.170.35.22
kellysteven@example.net;+1-702-243-0436x11820;5e2245f7-77fe-0cec-61df-5074f0240315;99.33.108.63
edwardsevan@example.com;4106922704;26ac1ab5-7b26-2b11-f706-e70fa5c3dbf0;194.23.146.206
adrianbrown@example.com;(555)519-6324x6197;00682fcd-7dc0-7e11-3562-5faf1238d4a5;214.16.125.220
kaylaruiz@example.com;+1-253-220-0077x585;3941e224-21e4-59b8-045c-72ee867c3936;181.43.103.74
mary96@example.org;357-768-0002;5b3ce88f-d71e-7d33-271b-0a62e27e44ff;97.239.86.124
kelly19@example.com;949.658.1677x424;4e965ec4-6487-10c1-d1b0-2dd89922cdf0;187.113.167.131
mistykent@example.org;(971)357-7922;6b6a3979-adec-0b23-1ace-5d27d820881e;200.219.73.247
fuentessandra@example.org;001-723-764-9701x3489;f3abc532-1e3c-065d-4b94-885c717c0484;45.15.85.154
shelleymelendez@example.org;(593)869-6179x8461;8f57dcaf-f8e8-7171-462c-0ab6fef76230;31.55.68.79
maria71@example.net;+1-839-257-7141x674;458b2101-337f-b196-4805-cfb5e0fe62ce;212.179.192.154
browningpaul@example.org;(692)393-0416;907deea3-f150-ec56-bb04-41df20f9206e;19.134.162.184
christophercampbell@example.net;883-899-4611;8638874e-3245-2e89-e84d-5d4340b6d664;101.47.254.65
paulowen@example.net;001-897-833-2135x86947;ff100b12-fdea-d301-152b-b61ee7fcccc4;211.16.135.146
andrew15@example.com;+1-916-943-7015x4581;c8e7868c-c5c1-c33a-3713-fc20c613be5b;202.208.151.104
alexander95@example.com;997-556-8283x842;f0d0e35f-7558-abdf-3e4a-e81ee8a299cc;200.33.220.148
stanleykevin@example.org;9936128797;a400c29c-5007-2b50-6a50-d0759000fc4b;136.144.252.84
parsonsscott@example.org;377-825-1065x189;9f277510-d1b8-fa5b-3bb9-905004c31a91;196.172.127.5
desiree44@example.org;7328294523;a0c34c29-83ac-3a70-a19a-549fb147b4ad;195.140.128.163
lmunoz@example.com;(600)224-1178;1fdba70a-bbfc-deab-e5a7-16b9699c6a12;147.133.25.104
stephanie10@example.net;001-673-216-3334x269;fdf4af1d-f6cb-47cc-59fd-24abd6c838b9;153.20.30.72
riverarachel@example.net;825-907-6711x0976;b372e4ee-a4b8-7a7f-9fdc-f77f2b749087;165.248.35.135
thomas03@example.net;(282)277-4393;9f22263b-690a-9005-2e9c-302aacce481e;18.85.18.190
tcarlson@example.com;229-968-1126x1600;9f3e7c58-7314-18d0-dcab-4fa9560840d6;154.172.200.59
donovanstacy@example.com;+1-488-483-7424x0788;a23b485f-ffc2-e6ff-29c7-e88114b1f348;163.52.56.109
anthony61@example.net;+1-974-569-3060;6b7a9f71-d030-5ba0-daec-e9da4588e7c5;167.109.28.206
alexhernandez@example.net;(747)557-2227x8436;b7fd2b5b-dc92-46ab-a4b8-7abdfc21772d;221.67.123.39
brandon87@example.org;(398)525-0912;1fdcb1c5-f291-7775-abfc-3bf64c7559a0;12.132.35.48
lesliejohnson@example.com;419-233-7727;acaa17fc-61c0-68af-b756-b153d282e7f8;8.131.239.167
xbutler@example.net;258-795-3605x80597;9e231024-b66a-a22c-0936-7d2e295efd63;149.153.199.84
leeyvonne@example.org;695.562.7496;d0f22336-608d-689e-5ed7-88172e153952;194.160.127.53
zreed@example.org;931-235-4108x009;34ccde63-d6f8-ee74-c647-5a623c764ebf;197.255.71.65
craigford@example.net;001-396-385-4043x21614;6c0828d3-2355-5952-297f-ef430f884ffd;197.220.182.15
paigestevens@example.org;937.770.8796x553;8139fc37-54f0-0246-9b72-2cc60eb1ddf8;92.28.113.191
qtaylor@example.com;679.745.2071;6aaa50e8-b9ff-b933-de1e-089e206132c7;49.57.9.109
jamesbates@example.net;(353)746-0042x8699;d2f5563b-02db-6598-d1e1-ba8a1b5174cf;197.158.16.255
laurastrickland@example.com;992-847-0439x05496;3f794814-bd87-fdc8-969a-7ac8c7ce6fb8;104.44.57.96
shane78@example.net;250.706.4300;99bdc924-c3ac-bfe4-6042-50df492a8340;180.144.211.62
michaelhamilton@example.net;308-938-1191;ab9d616a-8f61-97b0-7779-fd623595617d;137.24.200.57
gloria90@example.net;406.935.9029x610;9097bbb7-bcf0-d572-3cd9-61818610922b;211.137.22.32
ghoward@example.net;(299)312-6525;54ebc73e-fd01-b478-b74c-3234c4f57126;126.148.107.191
pughtimothy@example.net;4915974865;54a8062f-4f70-123a-680e-f85a14eae37b;215.210.156.157
christopher23@example.com;435.338.8063x4914;1a90966b-59e8-1774-4652-188b8a58a7d5;207.196.158.69
williepage@example.com;(730)845-9978x261;f0c3b158-9614-6be8-1b16-d401164c520e;95.144.27.200
daniel43@example.com;(592)632-0414x11178;4b7f460a-5ba0-387f-3b82-fab79dbad364;208.151.223.254
maria57@example.net;001-999-453-3889x1371;1c6d8f56-1608-8236-578b-63e9494f5d11;212.146.97.92
kponce@example.org;615-306-5678;eb79ad66-eccf-f3d6-ea87-98ae1c3f5a76;128.50.85.173
david10@example.net;(932)465-2217x65058;098104e4-a7dc-0419-7744-fad4d233e67d;91.37.178.24
brittany66@example.com;943-524-3847x024;b30b17d8-30f2-7579-7dc6-353e8e2119d4;195.184.148.0
shannonwendy@example.net;218-981-7052x264;9853290d-1ace-3955-b1b0-3746a5701645;200.94.170.223
jacob57@example.net;(563)782-3022;256cbea3-fcd2-efcc-2482-fb01f5cbb9a7;216.24.193.17
scottjohnson@example.net;001-375-349-4222x54021;7be93b07-07ad-1369-342c-17af8bd88605;76.131.234.64
jbrady@example.com;(543)428-0656;30d54db3-c86f-fb8b-616e-ea052b764103;128.47.24.252
caseyweber@example.org;9873688862;7283e098-b902-b073-425f-49f31d284e31;192.53.69.58
daniel09@example.com;966.289.3857x35175;bd66ed75-0ae8-1048-1c7b-80d9dc12b87f;137.24.110.103
yshannon@example.org;001-875-217-4488x136;fb37bfcd-2ec9-9791-b2fd-9f77b3559ff4;200.228.175.193
kaylamaxwell@example.net;257.731.9348x2697;3082659c-f45c-b827-fd50-7e1caa49b969;130.35.48.43
whiteryan@example.org;001-755-246-6327x23665;48e96154-a8fe-6a70-744d-9189dba56cf2;190.225.189.89
marycox@example.com;519.637.5593x678;44375ea3-970c-17a4-95c8-a1a063885041;203.13.150.36
parkererin@example.net;291-931-7893x80854;5cd1d8f1-c96a-8028-6b7e-b73ebd3aee9d;81.61.24.239
cadams@example.net;001-667-595-9983x3753;f3270476-0eb5-cbaa-4202-1ac4de3a93be;40.233.251.66
qlee@example.org;650.732.3826x0730;46c2a96d-2721-e0f4-ad8c-5cc4f09ace49;219.129.16.96
cwells@example.com;+1-485-280-0160;94995015-2190-98cc-359e-6b8042bcb981;1.68.121.167
cwarner@example.com;001-724-753-9632x036;43fc7a12-3480-70d7-8497-d36e93224eba;219.240.169.254
warddavid@example.net;(795)724-2572;2a75cf63-0e74-5f84-26ad-a83d06f0dc73;88.143.180.3
vernon17@example.com;(442)937-8021;08dd955b-fa0d-1bc6-7449-890f8040253c;201.241.112.51
carterhannah@example.com;691.943.4395;89169ea1-ae1c-c30b-62ec-88211934fa2a;194.152.14.234
jessica04@example.com;+1-653-567-0373x640;a90c2d4e-aacf-f262-89f7-eb59ba84b792;198.198.138.81
joseph97@example.net;+1-465-815-1222x473;d8e797a8-2a3f-1a77-8292-688bee9e6fd6;122.237.76.205
kramermichael@example.net;630-228-4217;4679978c-791c-e97c-905c-b17d23cca9c0;29.5.193.78
tammy71@example.net;(428)752-1322x22768;0ca20913-43b5-b6ac-06c0-be4390b4d34c;65.210.193.141
john90@example.com;421-559-4665;56bd14a6-461b-c3de-82e5-a524d9afa230;178.111.166.190
bullockchristina@example.org;+1-342-552-2204x90814;b12a0539-2a5f-793e-fda6-9a9a900e2f32;79.59.64.65
john75@example.org;+1-471-937-4096;cf2902ba-0204-2924-8acd-2be1c168e41e;203.102.49.35
nicolehaynes@example.org;(427)673-2849;baf2aa3b-bfa9-c0f0-a4e7-18b1454d495b;18.168.232.67
scottzachary@example.com;279.315.6668x104;b7b22525-a667-b683-abd0-bd2dc7a48df5;130.250.201.99
patrick39@example.net;2925889742;7562df1d-fecc-ae01-ba17-9885ba0968ea;202.54.133.243
josephfoster@example.com;(237)329-6130x434;a1512ab7-6604-26c4-7c94-b93fa9b46fa8;49.190.24.109
allenvaughan@example.org;001-970-219-6107x30488;e808a889-7ff6-8b75-bde6-d77e50930b13;104.36.117.187
hardyjasmine@example.org;5712806449;b7029ecb-ed81-19c1-899f-ade2fc89da94;5.58.135.184
drewaustin@example.org;825.555.7861x31230;b406d336-84cc-f2de-3693-c2f138de9a6f;223.212.42.134
johnsonandrea@example.com;(672)649-7514x9747;f86c7284-ab35-ff65-40eb-7acb2e408198;194.169.230.197
whiteheaddonna@example.net;700.606.1159x474;64a7d999-646f-289b-4397-18282f4ab2b0;181.64.53.58
fieldsjennifer@example.net;+1-313-885-7112;2efac8c6-39d4-2677-c7aa-1da7315e4ab3;163.94.129.225
robert60@example.com;(838)852-9024x4353;e0a8731b-60e1-c9a1-b516-0284998bd153;167.85.3.61
ryanhoffman@example.com;(645)540-5208x92945;f5985636-ad7a-3194-d628-af0b2b98a5f8;217.192.73.249
jfigueroa@example.com;402-381-3393x22203;cc93373a-7313-321e-3d01-f009406b0ca1;195.198.189.203
kristinaparks@example.net;+1-703-309-4884x21410;3978f54a-cf5d-5f60-ff6a-122e5687f2e5;23.100.156.153
briannabradford@example.com;(248)487-9419x40183;de95add2-2b64-f43f-4672-fd0724459a12;190.169.195.255
cameron96@example.com;+1-267-766-8795x621;8df9de99-5af6-39f3-e784-6955128be1cd;203.79.124.248
adamsjonathan@example.org;+1-483-438-3798x856;8a5b9921-f834-20fd-57ba-751933573362;104.244.198.41
alexander88@example.net;4183961690;069fde44-7fab-c250-73fa-a7bf774314c2;102.102.137.164
normasmith@example.com;3353894031;bf0ca2ea-d2b2-1d4f-fb8e-a432ab42b005;83.8.124.68
karen11@example.net;+1-311-876-4367x547;405693ca-0505-c397-a8af-66992a7c424c;128.68.178.211
sramos@example.net;001-659-642-1280x6103;8bb95678-836d-8c05-5e82-eee1466fb08c;152.118.142.183
whitechristopher@example.org;4624303125;e7275676-11e3-aa38-954c-10ea18d71359;150.16.124.145
amandatorres@example.com;+1-501-591-7374;baa563fc-8d8b-c015-a177-3a7221cab14b;212.137.119.58
castrodaniel@example.org;697.294.6280x286;b1aa7c8d-0993-b12e-1e96-7159a919c366;196.165.139.47
heatherjones@example.org;(252)811-7700;2ac3a614-4b00-4592-bd68-aa7a24eed962;214.137.242.128
freybrian@example.org;538.263.9590x563;85a3eb52-b1d8-1959-7b93-cb3ab1299a72;194.37.21.108
yyates@example.net;001-748-567-3631;84ae0d44-7802-0dda-ec0b-dad4482d07b7;200.213.215.23
tiffany92@example.com;(816)440-4985x9861;416553a2-f529-b7bf-64df-3b58f527f674;193.75.46.137
jonesjoseph@example.com;240-543-9377x906;7154db00-065d-c94d-d15e-0a8180945ece;58.51.12.133
josepholsen@example.org;999.302.2781;efb7876e-4f88-470e-37d4-37b9f3e73668;113.249.26.253
daniel09@example.com;213-265-6250;1323be45-8647-0428-6d64-3fc21c68b2f6;137.24.110.103
matthewsjason@example.net;484.972.3114x57295;97e49b5d-036a-5049-cc60-fec91baa2694;183.79.206.53
amanda37@example.net;001-389-242-6259x32837;f0af67d4-7de5-ec55-bc1c-f5bacda316ee;196.172.127.5
caitlinyoung@example.net;6855299271;1860e978-8ded-4663-d48f-704eda86678c;195.84.228.227
camposmichael@example.com;643.587.2271;46fa5336-c0f1-a44f-dcf5-c8f19d75c352;175.102.135.198
martineztammy@example.com;(673)344-6485x428;a64faa98-1ab3-8f9e-91f9-e0489b57dbd3;161.175.87.113
amber65@example.com;001-452-481-3969x4178;776db9d4-dbe6-6a5d-a6c6-416530439d86;124.208.139.117
jamesgonzalez@example.net;3329890175;bdf29f43-ae39-f938-cf3f-8cbcb0ccc7c1;51.211.22.192
amandacarr@example.org;815.992.8687;cd017316-2107-fc4b-f171-43a0f6cbb3cc;46.123.104.69
torresbeverly@example.com;+1-767-966-6711x9822;7e77c2d5-1ba0-02c5-16d1-7e34c9cba71c;181.199.46.58
john51@example.net;001-978-909-1122;7eee7db0-78ab-009c-a6fd-12835125c085;141.216.151.243
wardalex@example.org;553.311.8074;7948dcf1-18d3-b199-5c80-4fd0ba49c6b2;35.40.80.239
gravessteven@example.com;+1-292-254-1975x2307;3275320e-1fd9-611c-b9af-5bcdbc59119a;157.192.84.227
nicolearnold@example.net;(988)908-0576x5089;174d4747-bc46-6e92-22f3-e1f1fb512fee;139.248.150.70
johnprice@example.net;+1-247-291-5911;025bdf02-a58d-ef1a-0ed9-6407407ec880;51.226.122.19
sonyalee@example.com;(416)928-7938x0135;44d5351f-7cf2-3f91-061a-68f40908be80;200.199.164.220
denniscollins@example.com;(455)334-8760;c899d3cc-c43d-9fe3-3587-7599c5f31fd0;185.37.149.68
sarah24@example.org;(765)352-1562;cd9221eb-e9e8-dd60-cc28-108e89cdfab0;159.17.42.182
lnoble@example.com;857-264-7417x42204;1a79e9a9-78f5-90a9-28b0-de7d8bdee67f;99.149.140.45
tommy07@example.com;577.803.5145x40600;ea98a215-2864-21d9-0825-31d5e77110d0;60.242.216.220
graytamara@example.net;(955)690-2684x0686;59a2a4e1-acd7-6bb7-98d6-c8eb2de31949;208.46.58.175
robert11@example.org;(264)967-0638x1816;ed1acfd2-b41b-2f38-d50c-933dce24b0bc;151.174.163.99
hogancarla@example.org;(856)559-7441;78911815-4002-9130-c16e-1625b8f9f3e2;48.100.161.85
uschmidt@example.net;242-570-3995;d891844b-8bb7-63d6-4528-1e3d218e1ce8;103.100.158.83
frollins@example.org;+1-640-218-4238x2440;e7ac1087-b40c-4a4b-437b-183327f79ce9;117.3.150.63
jessicalynch@example.org;(815)510-5286x656;b1f0904b-9463-100e-3d42-190d2f6e86b3;194.160.234.250
hpatterson@example.org;723-346-1772x9245;b97c2b0f-2f04-2f52-3114-d060a9c2d875;201.30.194.127
ngreen@example.com;9022451125;95f1f488-a9b6-62b0-2f74-03fab9bb8d1a;207.96.5.62
brenda36@example.net;674-692-0794;f9ef61c3-40da-e0f3-5507-278aca4b7448;165.84.48.26
wmedina@example.com;2167283093;058bd115-1977-602f-c347-919b5d2daec6;170.69.69.253
xwebb@example.org;001-837-281-3230x90122;3969d16c-7661-7fc3-02ce-c1dfe9fb792c;180.182.224.121
edwin72@example.net;001-730-717-3558x2934;6d61e937-5f60-316f-c9ee-b3bbbdec2f8c;169.38.8.75
cunninghamroy@example.com;496-211-1272x8365;5c2e4540-9ac3-7d98-b014-c6cf650b1db2;34.156.176.254
inguyen@example.net;(503)735-3797x4462;85401335-7436-9a49-349c-24dbf6a4f470;147.140.161.107
josephbrock@example.net;4877835294;b0c05dcd-2b5a-fc2b-8eb9-9d67e9e9ca43;17.229.39.184
mark14@example.net;699.999.6731x3254;39680fb8-a997-3a4f-12c0-ded0858f1cee;222.67.90.20
kirklisa@example.net;+1-770-900-0469x48716;f09587dc-86aa-e93a-6237-e14e889a875c;70.245.130.249
psoto@example.com;+1-976-749-9763x7505;26157b83-83dd-0b92-0d0d-d7556fad5333;172.75.151.40
jesus72@example.org;7273125740;f7f8b12f-c019-9af7-52d2-0f71c514012b;132.207.28.183
emilyross@example.org;8123346880;7b708d5a-b90c-4aae-0a43-a2ac6adfca9c;17.22.175.159
maylisa@example.net;3402190431;c418e58a-1ba0-ff32-61f0-f3c7b523bc44;25.131.69.239
wolfnicole@example.net;780-545-7969x858;078b526b-4c21-690f-713b-3f9a547908c5;90.64.63.167
mitchellthomas@example.org;5779693726;33976455-3d80-a845-4f3d-a1fb361407c2;150.248.200.195
wusheila@example.org;(681)962-4364x26382;2997519d-f38e-621c-016e-59d5e5b4414f;178.168.30.33
greenkathy@example.net;001-460-583-0545x96001;504b41f4-9321-2144-42a0-9aaea316bcd4;205.246.234.176
christineramirez@example.net;+1-829-661-1278;28d7b5e4-033e-2a49-43ea-6c935dd37c5d;182.71.182.125
fraziershelly@example.org;698-520-8076x92797;4dff8c79-cf04-27c5-1f09-99b57af4ab83;183.51.200.245
fward@example.com;897-714-8963x310;5f503c68-d5b4-02ce-9101-9daa69461c95;155.182.134.126
christina61@example.com;001-420-760-5725x847;1c43c687-e6f8-ff57-88ed-2285060efb65;192.246.141.225
jennifer29@example.com;001-585-900-8349x57079;b220149a-b5b9-00d4-3f79-0932cc5fc6b4;193.33.118.12
reyesconnie@example.org;610-882-1482x967;9d4d0891-7f22-6665-f20e-177226f2d402;199.178.152.215
mitchellmelissa@example.net;327.382.4269;448a5a34-eced-6fc7-7f4c-fbb34ff060fc;132.107.236.20
carmenhernandez@example.com;+1-578-358-0005;08fbb4c4-c188-e491-e224-9b738d84b9a5;57.114.201.30
gwilliams@example.org;394.445.5042x902;dad1be37-e5bf-a802-f083-eb21660b2138;216.87.50.139
samantha27@example.org;279-896-8624x488;8fb63194-adaa-8b22-2c13-6dad63ace545;138.31.200.84
shannon41@example.com;802-661-9687x23153;2eb993b2-2874-99dc-0aee-fae024f42c77;188.188.23.228
christopherlynn@example.net;344.712.4491x2888;4b4beaae-b124-a50a-cfee-645ef3a50877;105.157.183.110
tmueller@example.net;821-594-9807;35adae73-2232-d56f-c992-71103cdf0576;210.23.163.160
baldwinandrea@example.com;358-474-5907x064;ebe5b6a7-32ed-fbcd-2fa0-f958420cf4f0;115.190.164.234
melissajohnson@example.com;+1-811-823-1058;6f12528c-e2f9-ff8c-6001-53ecbff0680a;193.61.71.63
ahudson@example.org;+1-879-726-2697x706;556e922b-ce45-47a0-7ef1-48cf8033f9f3;100.44.217.234
kyleboyd@example.org;751-640-5610;c3a371c7-1fbd-e1f4-e29c-fc5f360eb51b;218.37.225.173
ashleyleah@example.com;(241)434-3493x0724;b97e10b6-0a86-7704-e5e0-851bbd7a432f;160.38.247.63
stacy79@example.org;643-732-3957;a58a993f-65bb-e3ec-d446-51aa46669214;169.253.237.44
edwin39@example.net;781-501-8153x6175;c22214ac-0d7f-6f01-b200-e36d482aec60;179.209.232.221
jwright@example.net;648.685.9990;17813b94-b6a2-9422-f737-ddc2c917ca18;185.159.116.66
prattrussell@example.net;001-758-820-6581x991;122f4bd8-c29c-457d-2c4e-fa44b5cf3188;54.13.143.169
mitchellalicia@example.org;(401)232-9393x1969;e5acc64f-e620-a3df-3615-c23ccf323ac3;81.45.48.152
cookjason@example.net;001-650-234-5948x956;2bebc745-2f13-54b2-d9d6-9a4b345daf29;138.235.185.20
nterry@example.net;464.367.9320;2cac4955-13da-67fa-9f41-2f0260954101;221.165.33.109
johnsonrebecca@example.org;+1-484-550-3582x34984;e998f214-99a9-ebf0-0c78-678585cbf25b;199.39.100.208
tamararichmond@example.net;990-881-6243x6288;9ba1f459-04b5-240e-169a-c3badef29f8f;155.220.95.150
melissashelton@example.com;001-395-886-9561;74d02043-ba3a-ba46-909e-0e701d2d753f;214.86.144.141
charmon@example.org;750.731.5095x65339;52394664-13e3-3cd2-d2e5-34856d789010;172.75.67.227
lauriemorris@example.org;+1-888-851-4195x9938;5ad887aa-d7a4-1393-fc7a-310c8be8efcb;205.101.88.24
angela08@example.net;896-526-1181;3b72574a-fbe8-d3c2-1658-8c4d258b22f2;145.139.240.241
antonio49@example.com;600.783.5616x58451;c1bd94a1-24ca-fda6-52bf-9ac8504d01f4;214.111.84.46
idavidson@example.com;+1-446-854-1401x297;82271c2e-e442-bbd7-50c5-644214045aa3;208.243.174.27
medinasamuel@example.org;(736)277-3367x126;2cd16f28-9de1-056a-f44a-683c16972787;25.194.172.173
elizabeth50@example.org;(650)247-6383;bd876900-e166-1f30-143d-93d6611c810f;175.3.49.227
nicole93@example.net;+1-400-492-3743x073;dbf4a29a-71a3-af4d-6990-13f887e43582;194.241.234.220
hmiller@example.com;+1-473-601-4444x801;3b147762-044b-9a90-d147-8521a6ef1dc4;62.146.233.12
vwalker@example.org;001-364-552-3393x589;a2878190-523f-a416-fbbd-1cd3eca7458b;215.67.144.250
lisamack@example.org;(477)658-3840x85796;2507a266-e458-81a5-feb6-a73aaf240182;122.147.151.211
eric13@example.org;783.892.9274x28717;9dc11a13-d6dc-be51-0ab4-22065de2bb0f;117.3.203.84
richardrivera@example.com;7503389217;e3b975a4-4db4-20e6-e6f0-46ef6b059e22;199.8.51.166
danabullock@example.org;877.541.6889x99968;48c5e5ec-85d3-4af9-dd41-e0fde4477285;164.229.120.219
samuelsutton@example.net;+1-353-818-7411x4146;22806f5e-51d6-0ca9-e8a8-4922f8e9ee52;206.53.25.8
montoyaisaiah@example.com;(510)764-2498x704;72418949-eb33-3e10-73b9-fcfca6c7c71e;203.112.221.9
sara58@example.net;4489753131;e761f7f0-e857-ea9c-1b9c-239bd2a8d657;190.131.26.108
walshdebbie@example.org;(230)433-0981x704;d290cd90-b237-5435-a84e-831897d37518;131.225.140.131
traci95@example.com;477.590.8675;b24f383f-837b-b4f9-e806-952d79b35efc;40.9.146.71
fduran@example.net;3156589832;fd52bcf2-a9ae-ef60-31e9-8ff15132ab3e;201.121.145.5
moorejimmy@example.net;(916)988-9267x740;826c127e-09a7-a2b4-2f29-ec5d24c8d71f;95.65.87.174
longjennifer@example.net;(503)266-7466x668;4e3957fb-1da0-c9ed-96e1-bd112ee53bd3;22.221.65.212
trevor46@example.org;+1-855-563-9828;49a54ef3-194c-4be2-d917-dd5162f759e5;175.250.87.182
kalvarado@example.com;366-495-2328x9522;39286f2d-4ab9-7b0d-c421-34786eb2deb6;32.52.246.129
josephschwartz@example.com;+1-826-397-3534x02996;2f17d69a-3f7c-79a7-a669-9c7ac1fbe9a9;166.1.63.71
castanedazachary@example.net;(294)539-0096x018;ac353b23-417d-7825-e79a-ed935358c3aa;93.37.241.47
david34@example.com;(660)380-1702x329;f2996032-28e8-34f2-9f94-5ba465243ee9;187.57.91.26
nashholly@example.org;001-658-849-8053x7806;ad9495e9-9319-9e77-467c-d6950f65fce7;68.44.102.182
tcarson@example.com;+1-489-547-0718x11808;9fd5082d-a1e3-0e56-6b19-62ade155f967;2.142.190.212
bprice@example.net;+1-358-655-8837;191eb92a-8edc-081c-5d83-6d9d3e44a2a6;138.69.147.50
leahharris@example.com;899.560.9066;490aea90-fe8f-b4a4-56a9-f27a3f216240;194.141.38.72
vpearson@example.com;477-677-0190x1998;6cd1a72e-7877-0c81-706d-918e2916f379;223.102.147.149
murphybrian@example.net;562.523.3963;3f75fa25-38bd-3d92-02ff-24af5c579e06;196.58.38.97
pwilliams@example.net;8474867753;6aff2a97-5fee-65b4-7fed-51685d5b9f0c;170.125.74.34
jreyes@example.org;924-824-9379x872;df39f12e-4c9d-258b-ac31-48a370a98505;25.210.36.86
kellymichael@example.com;945-391-7062x652;ae7e6147-fc31-4106-7939-a98b3a9ff41f;38.9.111.222
desiree44@example.org;+1-961-361-3617x6777;a0c34c29-83ac-3a70-a19a-549fb147b4ad;215.132.45.234
bradfordamanda@example.net;500-230-4170x903;bc8de75d-427f-472e-a273-b1fb601bbe01;139.29.61.204
newtonjohn@example.org;+1-950-562-3872x52854;555026bd-9379-a05f-a9e1-2cf617c1f4f1;153.82.99.161
sanchezryan@example.org;935.233.5142x29820;7b694f33-c27d-0b2c-5f31-35e192d1062f;110.50.234.133
schwartzmatthew@example.net;877.456.4696x544;188b73cf-c3ff-fea6-2dd5-f543d7260e60;37.27.92.240
james12@example.com;429-350-1768;2cc385ef-401a-9dbc-d4b5-c9e8d9ec4944;196.102.66.32
mclark@example.org;8025513535;fa9e233b-e25f-0976-1fdf-93579843c5e5;169.6.22.159
patricialewis@example.net;(327)317-6573;8b4fbd7f-2649-3f37-2e7d-2b6a0e353b79;195.178.116.106
salasrebecca@example.org;634-709-3894x80081;fd1d12dc-d640-e4ee-ee08-900d645147d7;210.135.147.48
anthony13@example.net;(422)954-3602x97140;12dab9d7-198c-f75f-9904-92afd51fde38;132.105.178.1
solomonwendy@example.org;9459004202;7e0538f4-235c-7001-545a-f9c2afe018ca;209.117.55.202
omueller@example.net;622.971.3028x62912;6cf5d8d9-6350-10f8-b120-5d7e01ea6168;159.149.46.144
shawn87@example.net;716.325.6761;f6ae16b7-46b1-15ba-5c76-5e0c4f32ec0a;196.137.109.91
amanda37@example.net;389.342.3349;f0af67d4-7de5-ec55-bc1c-f5bacda316ee;182.177.56.2
clarktheresa@example.org;362-512-9838x98558;0507f3db-cde1-b44f-0c49-eb9c309b0b1e;121.255.134.158
hrogers@example.net;+1-298-399-2720x78180;344d152d-05d4-ed15-95cc-0d9d75564718;143.109.7.239
joshua40@example.org;212.971.3823x60448;26ac1ab5-7b26-2b11-f706-e70fa5c3dbf0;142.12.124.168
samanthablanchard@example.org;001-909-343-3187;1ed6ee2b-fd32-3d1f-ac29-b9a5e01c22c1;117.67.73.172
meganwaller@example.net;001-532-823-8203;f551f8a9-be10-416d-9525-acf06b6a0f3b;156.211.73.187
vevans@example.com;001-247-955-6895;9c6368ff-0eec-67e9-1112-ce36f984b800;208.16.93.231
uhayes@example.com;(738)464-1493x098;0556c32d-24ed-4d98-dc24-20c64cce6628;160.137.101.82
martinezfrank@example.org;(751)471-2141x5809;19c5b077-2632-1f18-122f-c3d53bfd09fc;132.84.77.174
yorknicholas@example.net;265-881-2341x51488;ae77f082-f4fd-6be2-8e79-616253628a5e;146.188.162.41
theresahudson@example.com;326-633-0575x27954;46ef7da2-c134-e13a-7c0c-1b935278c9b3;125.14.132.185
michellejackson@example.org;426.260.0326x644;a2e10452-7b55-724d-3f0d-23b74939b932;113.128.144.252
rhonda71@example.org;507.475.8558;62001d85-4107-9503-bb0d-c5de3b8eafd5;112.8.255.57
wolfstephanie@example.com;819-576-0803x859;7d90922c-391c-c1d2-1028-ec2faea6fee5;109.198.167.47
brandonmann@example.com;001-693-503-6592x63361;c0eaf7da-a00f-6b6d-3225-febeaaf371a0;19.241.137.228
allison54@example.com;(248)980-4827x9424;43e98d9a-62c8-c471-6b32-2c1ef3ebb6bc;165.157.44.103
yperry@example.org;954-415-9081x4009;02bf5a20-0f91-30d0-0bb7-7fcbfc237602;105.42.6.57
mitchellshannon@example.org;(904)628-3249;42068f30-a319-1fe3-707e-c286eec39960;91.235.134.180
ffleming@example.org;001-869-713-3985x56738;a4af5d4b-8263-ad94-2f28-4a8d450f40e4;216.79.5.90
gomezcory@example.com;707-907-6534;feea3912-99f7-cd17-9dea-057cc7b40560;155.90.211.113
sandra59@example.org;9695197028;f2f7d2dd-4a0b-ab93-da4a-7474073f9585;190.234.76.17
adam52@example.org;(443)997-1579x69723;54c58712-c44c-9bd5-80f7-e0e001f1f371;200.141.46.46
katherine48@example.org;+1-490-575-3504x12850;6b6a531c-978a-5d87-b0cc-65b80631a614;137.75.67.53
rhondaknight@example.org;(810)842-2973x1166;bab36822-8b8f-73b6-51ee-57c2b3ef1531;54.145.32.95
psaunders@example.com;4739149214;2ff6940d-d8b4-18cb-148f-30bc6ffbb678;70.248.25.135
jeremy44@example.com;226.461.5858x0816;f410b12a-4278-5b96-79c3-9797bf1dc0c6;34.141.40.243
yperry@example.org;486-992-2914x4750;ac1b1c82-6240-9c32-d49e-77d6883fb4a2;105.42.6.57
woodardfrancisco@example.net;(728)999-5650;13acf6a8-1d53-a7e9-8936-a6f30fc06673;142.187.189.186
stephenstasha@example.com;627.433.9394x59357;19c18933-d87e-da6b-a9df-c9c5752dbf0e;131.108.189.92
nlee@example.org;853.845.3436x74434;a19d9e7d-87b8-28b4-cd2f-90fe49f8d2d7;164.61.33.158
bakerthomas@example.org;(831)963-1067x43967;4455585f-6cac-3cc7-4843-7aa63fc48e26;13.241.136.69
bailey21@example.com;955-670-1481;2533b48f-90a7-2f23-b0ac-a1b5431bc458;45.85.250.166
williamdavis@example.org;622-369-0674x528;a1839480-6841-f57b-0b0d-bd6b8d9c90b2;222.216.182.55
cervantesjoseph@example.org;760-270-6648x04912;5a83af7e-015c-8b96-6e3e-91c125e48b76;33.159.216.156
donna91@example.org;673.503.4073x6246;70ceb77a-f6db-86bf-55a6-dcdc7f4897aa;183.174.29.251
gary65@example.net;7149833317;00254ffb-432f-2a8e-f479-fa84838774d0;206.49.99.74
cunninghamroy@example.com;496-211-1272x8365;ebcab1c7-7435-e6f4-7a74-336b6460d201;34.156.176.254
david23@example.com;001-628-610-7526;92d8b583-c6bf-c6e9-616a-3c6ef12e79f3;220.151.177.196
ericabishop@example.com;001-709-830-5260;114e4059-fa91-6e59-46d0-e3415afb0a6b;169.137.121.9
pgarcia@example.com;(799)852-9161;1a14e3f0-d2f7-ee83-5e35-f016d7188b36;102.119.214.252
dmathews@example.com;483.983.8807x172;e344436a-2bf4-abdf-dce3-a3fcb560930c;147.69.43.187
georgepatton@example.net;(636)270-7767x48912;64157435-0c90-22a5-14da-12f6871be212;139.228.214.221
jacksonbrent@example.net;001-494-374-4056x262;80404bca-8aee-241b-b2dd-21f91d947f13;222.238.245.95
andrewsbarry@example.com;381-783-7091x861;ced878f1-40e5-68d6-e3d8-df93154f80cf;16.242.2.172
kimrebekah@example.net;+1-976-673-0520x44071;0d970210-2140-8c96-e421-8ea8aeeb7b8f;206.71.115.140
dawnmorris@example.org;297-901-3742x750;f85f49a4-d922-a7d7-ae69-a08284437aa2;219.0.241.134
jillmorrison@example.net;3819993765;5ca487d0-67d9-156d-0dee-4e780ee9f0b7;31.219.204.165
kristina99@example.org;2954774784;12e0572a-a38a-13cc-630b-00afb7128dee;209.248.166.72
huffmanaaron@example.com;486-211-5921;bab8acca-b4a1-e6c3-dc20-08f5b2d1425f;6.130.229.204
jacksonnicole@example.net;(409)859-6209x66039;ab18d23c-fa81-832e-b808-9b104841fb4e;188.62.161.68
scott16@example.org;001-228-890-3122x10667;527f9225-f656-bbb8-35fb-47e0fc01f50b;197.51.44.15
julie63@example.net;2466488144;f7505b30-8b38-c796-5418-bb2cf11ce295;133.92.195.82
calvin09@example.com;001-667-595-9983x3753;f3270476-0eb5-cbaa-4202-1ac4de3a93be;40.233.251.66
jacobjohnston@example.net;(774)615-3803;e0220bed-2293-b622-1afd-a6ff49b818cf;184.138.253.212
mitchellrachel@example.org;001-791-919-6032x563;7a67c72c-4be7-ceeb-781d-ade097a278fe;191.16.3.98
darlenediaz@example.com;001-490-891-4316x664;6862bde7-2cf4-c0ac-b1ec-692afd135555;207.59.90.110
susan12@example.net;001-949-874-3015;5708ec12-0c8c-ffa1-1678-e500d11a13f8;215.150.228.227
qmendoza@example.net;+1-261-317-0540x3253;09b549af-0500-23a0-021b-5e637f8f100d;101.246.114.188
longjennifer@example.net;951.552.9426x96082;df837b30-67cd-18ee-5b3c-d1aaa8267167;22.221.65.212
harrischad@example.net;(848)823-5026;0c6df647-5532-6887-6767-0d03061ce2e6;210.146.134.149
buckrichard@example.org;509.870.2380x227;8c09f0e6-b565-fc87-0033-fb6a393e06b3;198.8.26.145
cfuller@example.org;923-429-0206x0358;ef902c85-3a85-a72e-c31e-0d4e9f43ef91;145.166.157.145
jonesheather@example.net;692.218.4542x2028;3a93e68f-6488-76e7-15c5-1fc142814360;182.52.190.162
rhonda57@example.com;7448113942;30a6fb12-1e1d-2d2e-2a95-59c38fd72452;182.224.98.63
leahjones@example.net;(646)900-5809x2488;83465c18-833d-7c3e-da22-232500a94d66;95.211.236.89
foleyryan@example.org;001-931-888-9545x76437;4f378fcf-9899-becf-8188-deec9a9d55dd;180.47.108.60
vincentthornton@example.com;(758)605-2903;154902f1-2fad-4a4e-e585-74c1ba7fc406;59.16.85.152
veronicadixon@example.com;001-911-857-8517;bd013a20-e162-ba1e-d60f-b4342816d604;144.151.174.202
kenneth07@example.net;(697)987-4003x468;9937f60d-5b64-e585-9b40-43603a2b48a1;8.147.225.201
amy18@example.net;200.225.5831x2193;81f0a92a-ab66-d71c-d600-d669f5370cca;167.67.70.135
katherine92@example.com;001-611-220-1968;79d35643-7303-20fc-e26a-5c77146f9a2e;196.59.71.24
edgar60@example.org;001-310-341-7570x6487;5be324e2-3587-41fb-aeb2-ac6d66a39df8;168.52.122.77
jessica32@example.net;851.863.1771x830;e4c34211-7f14-18a8-f1e0-ce96f9b12ad3;157.188.160.234
xwilliamson@example.org;(902)372-3345x0013;2bc54213-bf84-9162-57f0-f1f78154d96a;159.222.135.144
edgardouglas@example.net;233-932-6930x29190;d8dbb42a-b153-75cf-2899-fd202f0f8b39;158.234.101.31
brent75@example.net;404.362.0435;17a707f8-4612-9fe3-eba0-56ff1cf8087c;166.120.63.83
allisonkevin@example.com;(257)963-2653;8933575b-1702-792c-379a-01150d84e09c;181.144.252.39
gthompson@example.net;569-367-8713x80500;b1170280-9cfc-6a14-b05c-738642b963db;177.214.0.234
brittanymassey@example.org;001-928-266-3094;ec3642ae-f279-1731-1f11-9ee3777f1e7d;158.188.126.21
uolsen@example.net;334-764-9103x468;61a61e33-27f3-49d4-a6f2-f5418c114e2d;105.29.158.8
pwalker@example.net;(790)386-5522x5410;cd2d8b4a-14c9-27d2-03f3-5d7f70610dfa;131.60.211.233
johnsonjohn@example.net;001-474-807-5362x40000;4aead1f9-f707-53c1-52a1-5c6f4d6d4fc2;32.213.211.97
amyleon@example.com;294-430-9243;58587630-b568-4137-136b-028e0cb7424d;200.8.241.146
kgreen@example.net;001-562-514-7535x3929;b4a7c496-d210-d42d-9341-e4ba1585148b;128.38.253.206
fcook@example.org;239.390.0366;dc2cbcd3-8567-8f5f-424c-290ca0bb0e61;70.0.204.249
rfuentes@example.com;(620)496-6820x14360;1bd5d938-0215-525d-fe89-a1d4c1949d42;109.204.9.16
ohuerta@example.org;(498)645-3845;0df1b2aa-f191-be7e-7568-509e9a53d13b;211.117.22.12
daniel77@example.org;001-811-211-1044x8027;37b3b09d-0b5b-a137-4382-d4dd73e652db;151.255.96.37
mitchellshannon@example.org;(388)967-1572x64469;42068f30-a319-1fe3-707e-c286eec39960;157.91.28.116
dennis88@example.net;001-285-291-3606x993;95f410c3-8de8-7654-31f1-35408a5c1d1f;202.143.185.125
lmartin@example.com;+1-353-818-7411x4146;5b6370ac-07a3-27ee-3356-157e507e7f4c;160.222.136.96
matthew32@example.org;001-254-582-5182;0f190c86-d9a8-74bf-c34b-86b43dc63e52;178.200.67.34
renee77@example.com;911.238.8497;abe40450-8df8-4b0d-40b3-b8d8316c7d71;1.182.123.124
joshua25@example.com;(295)687-9593;7b23bad3-00dc-267a-b292-36af3f1ecc80;210.107.149.200
sheena26@example.net;499.260.4524x137;54c18eff-c42d-cef2-2df6-e3fccb19d3c5;190.127.144.237
kennethmendoza@example.org;+1-458-235-5076x47834;f7f8b12f-c019-9af7-52d2-0f71c514012b;132.207.28.183
hlee@example.org;333.829.8462;b3baedfc-d713-d2c4-a5f4-c04c1b3eac78;30.133.59.128
laurenhunter@example.net;+1-660-370-7001x05203;173fb7aa-13f0-b360-7d49-d646097f8f23;158.134.89.250
tspencer@example.net;+1-780-900-1132x0163;dc05f8f8-fa94-2959-05b8-0b5cbc1edfd0;214.124.163.96
christinecastro@example.org;+1-843-510-4919x9041;456f4a56-c664-9803-1840-42fa3ab00f41;217.114.241.94
lee01@example.org;(742)839-1859x17322;33330791-b3ef-eba8-c8d8-2791a21d3374;47.57.106.63
vasquezchristine@example.com;(791)980-9553x016;0718763a-9998-ec0b-f05f-3fd4f7872bdd;156.77.233.27
catherinehayes@example.com;+1-297-490-9539x60228;7878132d-58b5-8f2f-68a9-196d06b0d258;112.224.92.54
duncanbarbara@example.org;2993767092;8e9f1804-f6c9-cd5f-c22d-23dfb2cdb90b;193.225.164.101
mariapayne@example.net;(319)256-3729x571;71b3a983-e34c-878b-0b12-cae940ac1100;221.176.142.104
robertrodriguez@example.org;3558166664;55fd2fee-f809-00fe-8840-1d3b8c042bf8;76.24.32.25
gilbertneil@example.com;(225)271-0607x5005;48d86a00-2413-944c-f965-307272ef62e6;122.163.223.130
eric75@example.net;(740)633-3612x99636;a57b9ec8-4255-17be-eec9-81a0cd82f20b;201.11.218.189
jeffrey21@example.com;566-867-1555;e4559a8f-b97a-4739-d864-a85fd0e956e9;9.91.48.102
shannonamber@example.org;539.674.9017;12a27d4c-2d15-22ac-3f27-f57e25dc22a0;176.139.102.71
kellyhowell@example.com;(817)214-3212;b2d64c8e-a7e6-b995-c0c1-62fcc9b0f351;193.81.227.190
cflores@example.net;+1-880-838-3591x68842;bef742f4-8bf6-7011-80e8-a117deea98db;203.250.17.88
taylorreyes@example.net;2038049106;fa83ded3-b7db-cbb9-6848-63faac3599bf;183.5.229.54
mckinneyjulia@example.org;+1-325-656-2356;99663ef4-54d7-2ee2-6023-54fc3264b785;168.202.229.35
wmurphy@example.net;304-575-9721;03b480f9-54cd-d1cc-112a-8e72fe1c6170;185.191.23.6
anthonyrodriguez@example.org;990.815.4087x664;3b0097c3-0d16-33ad-c5e1-8330a3eef987;5.110.231.11
grayshannon@example.org;986-809-3226x413;87013e28-04cf-f453-4c51-a43e44668dd4;219.44.178.112
xmartinez@example.com;727-303-3128x931;34752876-e058-6fb5-c16d-d93cd5e98a51;188.234.120.218
sharoncortez@example.com;+1-203-270-7189;7aa56b4a-1fb0-1bd4-bf69-6727c037ca16;70.241.9.82
jacob45@example.com;562-201-4899;a341dfb0-0c2a-61da-729b-c38ce3533ca3;122.88.3.35
rmartinez@example.net;990.815.4087x664;3bcd774d-d6d4-1b54-223f-cc56675221b1;157.21.69.192
egarcia@example.org;868-939-1742x199;af1b55df-d25d-e2ac-3242-c91a8be51b74;195.140.222.107
steven09@example.org;(750)353-0703x6278;96864f52-dab4-0761-8ef7-af252630b3ad;204.247.185.36
reyesjason@example.org;710-636-6351x17190;a483443f-7c73-cc0a-9d9e-6d9aa5a1cff4;97.124.161.240
georgekristen@example.net;481-804-2575x49278;0539cd27-d318-7cc0-401b-b0bbdab572f2;197.168.15.15
andrea77@example.net;670.242.5697;e7933ef2-e3c9-6eae-5238-a046ee2e571a;168.110.72.61
ggiles@example.net;+1-581-636-3489x19203;3ebd3c2c-9a39-a971-a9cf-cda33e18f238;55.42.109.95
dhicks@example.org;001-823-831-2949x11744;71c114d5-96e2-fe30-4ef7-803134dc8e5e;207.30.56.188
pam13@example.org;901.758.3748x416;67cc45f1-aea6-3ff8-42de-01126a85767c;45.64.77.253
isabel90@example.org;+1-844-326-4843;1fbd8fd9-e62e-9af1-e130-d698cd072279;216.4.153.160
gonzalespatrick@example.org;3655401343;2483145a-c798-d889-dc7f-00a7e85d0539;197.28.212.145
robertharris@example.com;215.321.8587;8f391af3-8350-6123-cde9-e99459755e1b;102.250.218.82
sharon00@example.net;(486)201-1825x7604;49c1384b-7356-8e80-80af-24c92b32239a;201.244.149.120
williamsmark@example.net;327-421-3259;90bec2a8-5db6-2256-435a-4917334d2981;168.95.118.218
mathisnathan@example.org;377.222.3732;dc25c5bf-9fed-883b-b78d-2c93163aaa71;217.74.189.232
neilhiggins@example.org;(826)625-6245;952c8e31-9ad7-d475-433e-5b1ca3aa9b14;165.63.124.152
caitlin03@example.net;001-956-870-0322x1721;be5280bf-8a35-0454-04a6-9f09ea2cd618;152.230.197.155
vlandry@example.org;709.273.3418x5667;3e4a9bbe-bd02-ad3c-80dc-0a795e9b0019;134.247.250.129
vaughndominique@example.com;2237073089;77dd986a-8eab-70e3-f10b-1b7c6729570e;43.246.212.150
allenashley@example.net;359-386-0162;f86e9c46-d139-48f8-59f2-7355909a97a8;181.106.131.1
jeffrey86@example.com;6965717229;1b99d6d7-23be-a52c-b33e-7db8ede3eab9;184.145.57.88
keithgreen@example.net;461.828.1343x734;c60fd596-d15f-52f9-d420-2345c4110b86;164.149.25.201
keith68@example.org;5319796705;c4cef75a-2270-73b5-2140-6b6acc6acc33;158.158.107.181
aguilarshelby@example.net;954-281-1209;ab7ba25f-68c1-49d1-de78-0c0123df4f7a;8.247.237.248
juliegarcia@example.net;001-565-686-6495x0494;954ca1fb-5882-606e-5196-ccce2833fd9b;204.72.72.230
alexbrennan@example.com;001-346-519-8631x56166;7f689d34-e779-3057-d341-bc7d7a59cc97;99.3.213.127
christianmegan@example.org;+1-663-741-6779x6152;853c2679-b7ef-ffd1-860b-75a6bc83f0eb;183.133.50.73
brownbeth@example.com;892-366-3936x57867;0b30d1cf-3d6e-1bce-f4ed-50e135cf3ca9;182.171.67.183
williamspeter@example.com;851-845-7471;c8b9e03f-8b13-03af-d056-1f024bb55c06;151.165.250.69
vbrown@example.com;(801)214-6103x6290;35fcf90b-a36f-69de-28f7-9570f0b2ef97;131.127.77.175
wendycummings@example.net;893-803-9872x469;8b50ff36-fff7-e3c2-d560-70d326881cbd;161.254.96.60
bhall@example.com;+1-634-814-4731x79858;8fa49835-64be-9b5f-9fdd-93ee6f8aac3f;164.215.4.94
richardsontodd@example.net;312.792.7954x6822;a08961cd-0de9-707c-6a20-f0a98de52a25;53.113.88.32
curtisrodriguez@example.org;(712)357-3495;7874bb49-7705-f2d0-a933-c0bf46aac15b;64.127.77.34
garciaclayton@example.net;811-200-2938;7b5102a3-5acf-f030-8a25-1af3cbda2513;72.60.47.124
lucasknight@example.org;(937)458-4606;047bb927-f6d5-900c-6559-7ae52f21f48b;183.30.2.122
singletonjared@example.org;732-557-0777;e8d71874-931d-515c-cbee-5207f5cc48b5;153.36.62.69
theresa68@example.com;+1-351-341-0965x8803;694ae5d3-ad8b-5025-71ec-76b731e2272d;201.153.162.2
karenklein@example.net;2579282460;2f4be6c6-21b0-eeeb-d723-d8bc06372b1e;89.151.123.84
gdillon@example.org;+1-786-975-9545x01347;772297b8-171a-26f7-a6d2-b5d4500ced5b;209.130.138.214
jessica24@example.net;397.602.8628x2146;facd89b3-c6dd-55b3-f52f-2f496022352f;149.158.116.86
john06@example.com;952-208-0138;77da1190-7cbd-3569-8031-6138d4a8b658;220.184.245.12
hsmith@example.com;229-266-2051x09689;75d26cdd-c44e-f12b-8af4-b80ffbcb1ad9;194.93.97.89
robertstephens@example.com;(415)416-6750x855;99676b55-b4a8-9060-66c3-27452b930ac5;131.146.234.247
brittneygould@example.org;676-249-9681x8187;49e4853b-2591-6b00-f120-13645ff382ed;169.213.198.54
tracy88@example.com;764-967-9262x91753;6689fe59-508f-dd40-fb34-c30e1af33e24;151.134.237.155
krausejay@example.com;(882)519-5745x05097;4f31d2fb-82f8-4c42-522a-0842394edb48;206.17.81.54
edwardsjamie@example.org;+1-485-266-7786x915;684704ec-cd8e-d7d7-2982-9992ac52c5a5;130.120.217.202
nicole01@example.com;778.495.4732x433;bcc69671-48cf-e5b6-9138-bf40e377e70c;204.239.218.97
roachtiffany@example.net;954-576-9546x21307;578d2e7b-998f-9254-72be-32dacf481fa5;26.60.6.208
megan55@example.net;880.739.1744x2411;1ebad5be-f5a7-e647-3f22-8e21289f7e50;180.78.85.177
pricerichard@example.net;+1-890-586-5016x352;7952979d-0d66-f71d-9c01-12d96ad80663;20.220.246.192
frederick47@example.com;(510)804-9856x247;60502ca0-cc0d-29ad-8b8d-e9b496f2403f;148.190.124.226
elizabethwalker@example.net;001-252-828-7386;c66bace2-48f1-8826-48ed-b7c6bd6b362b;136.8.6.31
charleslopez@example.net;+1-637-512-5500x3500;da7bc3c3-2833-1276-1b90-dca1306ad211;156.157.107.119
allisonboone@example.com;(653)685-3953;a9f139a3-f906-59ff-3db2-baee6bf12946;134.253.114.130
fspencer@example.org;001-809-495-0147x1159;d59ceabc-9886-4f9e-b007-1dda8810489d;223.26.233.173
sarah84@example.com;001-518-343-2694x4196;89abac70-9a7d-ce8b-ca7c-a48810b5bf03;116.202.56.196
ralph33@example.org;638-456-3339x28224;af1b55df-d25d-e2ac-3242-c91a8be51b74;195.140.222.107
rsampson@example.net;570-397-5092x257;bc34001e-30ed-7858-f598-f4f3eac07412;196.244.30.116
rebekah33@example.com;(707)571-4473x04505;1007c1aa-67b3-77e3-727a-0eda4a451284;186.219.29.231
kelly14@example.com;5204546884;15716f78-3c3a-2351-e041-5dfa8404c852;148.71.119.38
rmcdonald@example.com;851-845-7471;c8b9e03f-8b13-03af-d056-1f024bb55c06;151.165.250.69
jamesperez@example.net;953.286.0461x9820;0eec2bbf-b0a9-66ba-18f5-f451f8384675;4.213.220.150
tryan@example.net;436.417.1573x83077;fedecc9a-374e-1be3-b6e2-859c5d93316f;159.242.126.108
stephanielara@example.com;4035968975;76b975cb-075b-9288-5254-e9715b962755;51.211.166.165
crawfordscott@example.net;385-840-3961;788a8e72-b0cc-768b-3f98-9510397ebcfe;212.79.60.50
suttonrick@example.org;001-360-363-2914;97753e0b-a2a3-e930-f96e-0b55e9280e52;57.9.73.125
linda65@example.com;578-669-3604x533;254824e4-4a0c-5d92-84df-487dcf0dd791;35.151.155.95
virginia17@example.org;(911)884-2464;6ce907a8-aac7-2221-6ee5-3fb64a0dabe4;182.215.208.216
jbush@example.net;964.589.8203x395;f0301b8a-a688-8f2f-2d21-e3682c0e27fb;193.84.100.34
carmenhansen@example.com;001-247-955-6895;6919c4e2-383d-1593-7179-54b52092c9da;64.2.129.200
cthomas@example.net;500.370.3104x0945;724a1b16-ea9f-c3bc-d3a5-b348c977d5a4;195.88.245.94
rodriguezjeffrey@example.net;731-351-0098x540;f98818d8-18ad-94ea-a0d3-4dde54f8701d;211.12.6.213
candiceedwards@example.net;485-441-7988;16dcb202-1e1f-743d-9105-e5749aaeb921;207.108.170.73
matthew33@example.org;001-462-565-7604x254;6ca0d8fd-8c79-10c7-6c74-f9e1c9f75cbe;105.104.65.119
joshuagill@example.org;825.555.7861x31230;b406d336-84cc-f2de-3693-c2f138de9a6f;146.42.18.46
joshuapatel@example.net;(236)378-8423x8597;93b94cda-a905-54c3-42a0-02a78ad690e5;131.202.103.189
ylawson@example.net;(301)501-7095x9247;26e43931-2ed7-f820-4f36-298095d3bc18;174.208.96.250
mosstaylor@example.net;+1-687-433-5458;f074c29a-52fe-6d45-2933-9aff74511b8e;174.40.253.85
brittanymassey@example.org;+1-565-993-8592x1275;932bf0f2-2023-0d14-3a60-8284853356ca;158.188.126.21
michelle81@example.org;947.778.8168x34401;5dea689b-7fd7-9911-a3e9-79652da9463a;201.223.138.40
craighernandez@example.net;250.571.0251;660b1e44-6d22-8e97-adcb-c1df587d40c4;196.112.42.250
billy07@example.net;642.559.9552;a5b39159-bb14-d2e1-896a-0b94612d9d11;147.21.57.119
brittanylewis@example.com;(466)476-6757x453;34602c9f-f5a8-78b4-a0ea-95e319ba67de;8.190.47.191
katherinehenderson@example.com;(854)300-0145x56056;e3b0c3ad-f788-c6f0-731d-fbdd3edaecf8;178.80.9.91
alicia09@example.org;3955528995;e383ebcd-df76-bb68-b988-803d19f6aa05;203.134.241.253
josephgreen@example.com;(935)752-0120x13953;9f2c2c9e-d099-d365-e46a-35681b7022dd;19.235.20.129
juantrujillo@example.net;001-555-910-2352;ae1547bb-c5a9-ea13-f55f-fd96aa883bcb;208.33.16.226
vheath@example.com;(410)829-3419;73f55e5c-cf7a-5c9f-a10e-472c2f107cd3;45.155.46.251
janicemunoz@example.org;361-357-0890x7257;59533f69-5ac5-859b-2f44-6908a2813e60;185.240.13.235
jessica29@example.com;7326191279;e3e229e5-c5c7-970a-5521-001d8e58f1e3;211.133.88.213
steven20@example.net;001-513-772-7422x5330;2147fc32-757e-abb2-7567-3a7eea5a2524;137.202.224.141
freemanthomas@example.org;469-940-7376;d83f101e-82d5-0933-c4a4-9ffb08e50306;166.79.135.239
harristonya@example.net;+1-884-454-4352x5863;69e5c25b-e828-2ece-4356-d154e90767d6;164.34.54.172
johnsonronnie@example.org;421.882.1671;15935e65-51f0-b5bc-832a-395d109f2cb0;196.134.213.231
jessica32@example.net;851.863.1771x830;9a793bf7-ee4e-6bb1-05bd-bb0e4f311ebc;208.126.159.255
armstrongjoshua@example.com;(601)307-4122x73537;c153ec8b-6448-d0c2-da29-76fad0192029;141.218.146.210
bakervalerie@example.com;001-263-660-6202x900;43cd846a-35c7-bd2d-a0a3-f804f206f28f;203.172.222.151
denise51@example.net;5186296023;206c76d0-f548-ef1a-cc20-a1b288854330;158.16.220.140
pamela13@example.com;(693)226-4482;dd5bac99-1e3f-af7b-feea-d4fadbdb1a10;203.230.245.152
nelsonjustin@example.com;001-993-829-9463;b69a0c0f-a967-d864-c2b8-99fbe4904a46;208.227.26.176
josephfoster@example.com;(237)329-6130x434;d82c5081-25f3-a461-f87c-d8f3ec08c100;221.78.218.200
megan18@example.com;855.752.7860x9425;54ca9733-dc70-a232-f023-f00970d1a711;167.2.122.10
angelaallen@example.org;+1-324-579-7639;118befdf-b6e0-783d-85b4-a6bffe3648bb;145.11.7.234
hmiles@example.com;001-404-228-5825x17136;962f7d7b-d15b-2d1b-e5c5-3d35503ad1ac;82.57.236.96
smithlonnie@example.net;001-364-840-1893x153;60f87880-dd29-0114-e0e2-fdec61c0c4ad;169.192.222.200
lancejohnson@example.net;770-907-2348x46095;977b2169-55f1-bbdd-bfd8-1159c3a3cc48;61.13.122.214
tcain@example.com;+1-701-552-7462x510;df58697e-a461-ccf4-ff1d-188cd45af882;25.66.199.148
haynesmatthew@example.com;653-640-4959x0297;08431b91-cd56-4dc0-1865-e524b6742c57;218.128.38.104
jacobsonjoshua@example.net;4324607818;3ce60667-d4df-338b-80e1-fdf1cb2672a5;197.243.62.210
ohenson@example.net;001-589-805-4493x28883;87f624fd-271f-42e7-8265-d1e5e4c21f75;142.64.207.232
boyledaniel@example.net;748.950.2938;cdb551fc-6159-91f4-590d-cced3bb5b284;153.178.128.170
brendamalone@example.org;9097376697;b1145e0e-7da8-d510-c7ad-f50ff6733ed5;154.193.77.104
danny61@example.com;794.872.1141x389;8614363a-0847-8b3d-15ea-44d0559a1783;221.156.144.62
melissapittman@example.com;674-437-4939;2b81c3c3-f676-55ae-9604-c308944e71cb;9.107.61.41
teresa15@example.org;507-704-8445;c4647e6e-43c9-7889-2365-0fc98e9bbcb2;183.35.176.147
kari10@example.com;496.910.7040;c3976d4d-4cd1-d81c-a5f2-b3fb717d2649;220.83.166.75
paula59@example.org;461.758.4232x46016;632ca546-f17b-8448-0bdf-be01fc234a30;101.2.243.192
hstewart@example.org;578.428.9849x03909;1863b228-f446-2693-a0f5-529070b055bd;147.12.224.42
kimberly55@example.org;217.297.8316;18d3e790-72fb-3b2e-a839-09c7b7d5ee5d;199.137.157.104
lisa68@example.org;888.458.2976;bf9f31f0-b7c9-f4a7-5936-9a83759ec5b8;200.97.7.55
dhall@example.org;(645)297-8988x2052;557dd1d3-9603-396f-8dbd-b343aa32641c;146.39.97.62
yvonnecampbell@example.net;963-280-5861x136;54c3763e-00b9-594b-60e2-33ae0480014b;29.135.39.168
candice45@example.com;+1-508-413-9884x584;813d0c1b-f038-4735-e786-2f980326f3be;95.139.59.236
latashawalker@example.org;612.810.8241x9142;f2e5abc1-0204-3e37-d3da-f5643cd6a4ac;108.240.249.162
zachary66@example.net;498-837-6426x1547;250d6492-6650-8c76-fb53-ca3af95b1164;108.203.121.41
robertharris@example.com;215.321.8587;85b61fe2-6051-34b7-44b2-183d50f9b4ab;102.250.218.82
cervantesmark@example.net;610-561-9019;51f44604-4cb3-84b0-4e33-79cd944ce6b4;209.2.13.213
ahudson@example.org;2668632508;5c352090-b650-5eaa-f555-388a3c07b63f;177.73.73.81
wrodriguez@example.com;683-398-2503x11956;fa5af7e7-59b1-0f0f-75ea-625c15bd94b2;149.78.205.228
micheal99@example.net;634-709-3894x80081;fd1d12dc-d640-e4ee-ee08-900d645147d7;75.41.10.153
debbiewilliams@example.com;001-330-277-2981x41206;8c8b3b20-ca4c-5d0e-5fa1-04d905fe1f46;203.107.238.119
weaverdonna@example.com;7718547862;24105ee3-cc73-8e12-3587-e1ba91e5043d;223.23.101.98
christinecastro@example.org;+1-843-510-4919x9041;456f4a56-c664-9803-1840-42fa3ab00f41;214.29.90.71
marcwilcox@example.org;789-908-6333x97974;57f332c4-ee7d-c169-df63-9a880c193af2;130.82.21.40
llong@example.com;+1-760-680-1001x0390;789952e5-6e6d-c1af-83d8-be61a4f59e7f;157.35.168.185
moyermiguel@example.net;377-506-1614x74230;ac419328-f7cb-6641-2ec9-3ffea55854b7;164.96.26.100
whitejeffrey@example.net;+1-563-621-7425;9abe7215-4d37-924e-3bd9-9713685206b0;142.229.69.94
david14@example.org;(793)765-6345x16829;1905cf8f-6e79-3138-f488-e0910edcb6ca;165.125.158.182
vvasquez@example.org;650.243.3139;3a3f2d49-b492-3369-f83c-8c3c3fc8658a;104.15.178.169
tuckerjohn@example.com;672-742-3491x083;a5a6bb5e-93e8-90b3-b305-d375c0669113;176.156.192.134
leedavid@example.com;001-631-444-0852x99008;6a882175-1395-f099-eb82-b78d9fc2ea05;77.39.160.20
michael76@example.net;860.487.3246;4549ba2d-4adb-fec0-d966-1914bf5abd69;147.77.216.52
jeremyhopkins@example.com;796-515-1653x71999;09e3e94a-bc79-099a-a478-a724700c1b97;223.178.243.78
vfisher@example.com;+1-831-480-2158;2ca00614-da8d-a7e1-1cdf-aa9b5afc80e1;114.60.67.73
piercejon@example.org;(757)359-2926;fa0c0616-cc85-8901-f1df-ff8e459ce196;153.53.37.172
emelendez@example.org;+1-637-888-9939;08072c1d-e8ef-d55a-5a7c-bd0498bd3021;51.247.124.13
gwendolynbrooks@example.com;218-535-8529x894;86c8127d-e0bf-8825-ac4a-889df30b2e58;7.50.198.36
yarellano@example.net;001-364-338-2298x870;97b8b46e-742e-e230-4747-8d133f9c7611;201.87.145.154
bhebert@example.net;001-617-702-3372x0258;18a5ef55-09ec-bae0-0198-6d290ba3d354;138.52.61.137
kyle17@example.net;001-368-995-1135x259;3f00b4ed-c758-654a-52bb-067370652aff;217.42.40.74
ereeves@example.com;690.580.3121;138f6506-be9d-4b5a-5c6b-b585da3c3d55;135.192.42.45
umcknight@example.org;897-646-8483;b822e5dd-d0fd-1f34-8890-cb44f7eef2c6;70.39.166.104
spearschristine@example.com;827.905.2741x19530;c3abc5cf-44e9-4165-159c-66d04084ad94;203.7.103.84
leachgary@example.com;(329)410-9692x861;9b63e1e6-f425-b8f2-83f6-23e09e28a257;129.245.182.182
braunjennifer@example.org;001-201-779-5357x688;e9dc1352-70e2-f8db-df5d-caa5aa2bb664;57.11.178.183
perrystephanie@example.org;699-613-9224x955;689b54c7-bbc1-9ed0-123d-4fb78aec273e;48.81.172.96
devinwiley@example.com;+1-746-851-2091;1a7017f8-0ea4-1127-2285-0ddb185e8ffa;219.207.243.160
nbenson@example.org;636-825-5140x4430;64703f2a-e9de-5a01-2674-4ac5cf295a97;36.187.59.66
ricardovazquez@example.net;(731)770-1422;2de245b2-2ecb-f912-911e-798b400e9fc1;197.100.110.201
wrightlori@example.net;(665)482-4856x735;f0d14334-8965-fc30-ac7c-93dc1e84ddc7;197.90.253.109
michele19@example.com;001-607-643-6959;9e459f65-64fe-4f14-38ed-1279e8655832;142.175.109.154
erinmay@example.com;(991)588-4174x216;96862752-4442-038f-8947-822d1e9b9680;206.98.5.49
jamescollins@example.com;(530)501-6234;62498fe4-9ddf-70f9-e0fb-16f6272f4884;181.199.46.58
ashley47@example.org;477.213.0145;eba941f0-f67a-d84a-eb0c-9897e2f58983;142.163.72.34
hcarlson@example.org;612.287.3088;629bc979-7a84-7b7c-db10-8f334f289443;134.247.53.247
rachel56@example.org;8884740638;f9f4b433-c0c4-cb43-6e3d-fe63c75bce9a;13.231.118.124
lindawallace@example.org;7949843923;fb6e6bdc-5fbe-986e-b577-74c39209941a;204.88.28.150
qallen@example.com;8592981438;a9007c6b-0843-0d24-fc7b-f5e35b8e9ef6;152.249.181.140
jamieharris@example.net;+1-935-998-7975;b612a11e-d3c2-1f24-4fa2-f7138a3e97f8;217.16.168.180
andrea88@example.com;3118452467;75e6bb12-7624-c661-07c2-81e561872724;207.156.203.172
qwarren@example.com;805-689-4683;73715c25-e107-ae5e-b778-98a3f1b20a74;42.48.89.164
greenmichelle@example.org;(569)528-5715;3e40a77a-e421-bf79-f484-08685543a271;107.130.98.45
stephanie73@example.net;389-691-4217x5094;44c91318-20ad-c79d-182c-356a2935a326;154.141.119.113
xspears@example.net;(427)942-1967x9070;133ccc09-cf06-132e-fe65-93938cf5e345;92.211.135.126
michellejoseph@example.org;001-833-579-9370x90248;63f12956-f085-a454-33e8-2815fa4565d6;103.92.145.28
graykimberly@example.com;+1-490-379-1379x21049;f19af2cd-27ce-b9d0-e4fa-5584cddc9112;24.42.61.126
asmith@example.com;896-505-4119;26a3d344-1153-aa9a-c4c2-8d3991a58bbc;137.71.132.0
woodcraig@example.net;973-765-8082x7431;082ac397-ba15-a90a-bcb3-b871729b145a;212.112.246.247
bellbrittany@example.org;+1-997-526-0783x33096;86b5b344-0f5e-205b-6e39-f9140895aac3;197.182.223.20
phillipbest@example.com;(499)432-3080;2b5703e7-b91c-eedb-ee80-3290a06665d5;222.82.20.168
yolanda86@example.net;471.679.0221x6097;033973b6-eed1-e5ae-bdfc-870267c2fc6b;156.131.106.89
jesse36@example.net;001-850-462-7271x3100;e58a6ed7-70f0-6085-ed8b-506fd0aecfcf;57.59.40.45
burkebrianna@example.com;224.926.3920x513;4546a0db-1974-ca60-b243-64600b568174;190.76.64.34
lhebert@example.net;484-943-8409x1522;568d0983-5fa7-fd3b-fee6-cebdb558bd94;210.181.25.201
flemingemily@example.com;2307567556;f348fb88-a832-6489-9640-34a2e636e5f6;163.140.217.20
shane48@example.org;402.323.1488;5c81af0f-7ab7-9809-0f7d-0503831e0f21;213.60.47.144
oliviamiddleton@example.net;+1-372-251-6605;adc337ef-24d3-2a32-c325-200b96c0743b;218.174.197.131
joel27@example.net;334.692.3742;9ddde78a-14a0-db65-4c5a-5eb19e2b380d;214.68.213.134
nicholas54@example.com;906-477-2343x9131;7b8df6ee-37ba-a2e0-9984-81c1d6aa8416;61.72.235.100
timothy96@example.net;7986423761;6be31a5a-2137-1eea-3401-077eed9c570e;28.220.93.22
emilylee@example.com;4735500081;b70a927b-fbe7-83b4-80ab-d2f4b375e2b1;205.157.172.228
taylorreyes@example.net;2038049106;0d3b405d-f90c-6ea7-8b94-dcdad81e5132;208.154.133.77
rjones@example.com;449.722.8996;61a61e33-27f3-49d4-a6f2-f5418c114e2d;85.177.168.227
andrewsjoan@example.org;712-291-5082x9468;7a4252b9-6657-aa40-fbb7-a375a4279bb1;204.105.224.45
richardwest@example.com;586.550.1624x795;bd727553-6650-c13a-4c71-2136c8ccb941;154.94.150.49
megan85@example.com;+1-463-710-8742x6287;4f147750-242b-864a-18bb-86f673c04f0a;190.124.20.143
derrick02@example.org;(997)520-2384x905;38a5f3c3-7bdc-d412-752b-4605aab5c252;2.3.61.60
hannahnguyen@example.org;650-587-4258x667;c88daa26-e92e-8fcc-5261-fc6c71ce36d5;212.61.127.198
suzannesandoval@example.com;001-881-789-4230x0851;2326ba92-7827-1334-0884-1263b83de859;156.129.137.6
brentreid@example.org;840.262.6491;62f769c7-c901-4ffb-0f30-b40427020a32;182.144.122.218
juliemurphy@example.com;392-576-4452x3516;48bc566c-a52f-b276-9c2b-1dcec6c15f8b;161.249.122.179
joethomas@example.org;680-436-9610;d1f837c4-484e-175b-b436-38e08d34fca4;219.53.199.38
burchpatrick@example.org;613-326-7122;07b149e3-ce1b-0538-ac7b-2b61ddbfe76e;48.165.95.249
daniellehoward@example.org;562-990-9590;b1ebff99-f415-b6e9-3f0e-c084892fbefe;223.197.175.32
harrissandra@example.net;001-876-766-3220;a3d91133-d5cd-df49-ea7b-6efbdc9fc614;50.213.171.187
zharper@example.net;9238513810;33d54749-b341-7c3f-4627-ec922ed434b2;181.21.90.197
luis05@example.org;(553)987-5789x13018;b145cc92-27a3-8c68-f737-b91b2673faf7;17.121.245.187
goodmansandra@example.org;(803)967-0446x578;dc9d6d43-57a9-cfa6-7d9b-f158f560cbb6;179.191.129.182
brownoscar@example.org;886-228-9796x72329;28d2ef17-7135-d09c-5b35-b525c40d7725;47.227.188.208
meghanallen@example.com;343.833.1002x754;4b4bb7b8-0b1d-8810-ee4e-f6216642d03d;181.168.18.99
howejames@example.com;832-817-3042x3300;13f9ea98-df2b-f460-70dc-1f58e7df9088;142.30.180.75
sandra00@example.net;(211)493-8638;0c25dad7-f2f0-9e68-da91-c1f7903cf65a;150.43.51.11
wstark@example.org;001-835-827-0528x51262;211b9283-31c3-d64e-7b74-d7a809b4c574;206.129.89.164
irwinkathryn@example.net;390.917.2764x662;f5d036c5-94e1-8627-8bed-765cb1e6c59d;22.179.141.169
sfox@example.com;001-877-927-4140x49532;90bee576-0224-6ec0-9e08-634191be630c;176.219.90.161
hillmichael@example.com;(737)999-9387;4e80eafc-a511-307d-10c8-4d71bfe42cfc;165.169.154.244
jose48@example.net;992.929.0049x3354;91fc0b8b-ba2e-4f5b-5f4c-21b4fd08ac8b;20.101.236.227
michael99@example.net;001-748-285-7399;cf35262a-47ae-fa7a-1aed-9e3170ccff3b;77.193.38.73
hestrada@example.com;408.414.9707;3453bea2-a61e-5b16-f680-5b31699b2cac;217.93.103.165
andre36@example.org;(411)329-1012x3120;d249a7c7-5d72-c9ac-158b-e93d55c5c986;30.246.14.21
lejennifer@example.com;627.863.7796x849;d4e5c17d-0e16-b4fb-ec5d-d9f0ed16eeb8;203.212.55.17
amandacarroll@example.org;4739149214;97b8b46e-742e-e230-4747-8d133f9c7611;201.87.145.154
walterjohnson@example.com;404.553.5880x0494;4e6c6dc3-0b78-45da-8857-ee646ad6e851;83.8.124.68
matthewmartinez@example.com;(800)639-8059;c3b00a12-ab57-6b50-2885-495ce9364b01;147.137.111.147
gharding@example.net;(557)917-3795x290;1ed14e2f-eef4-1995-1b96-c594273d6b4a;109.169.134.163
gcontreras@example.net;+1-934-571-6069x17567;a18eb9a1-11eb-6a3a-ac2f-b608938b10fc;131.57.168.103
zchapman@example.org;+1-352-915-2814x48731;dbaad9f6-a5c9-5884-3147-ff352b95e491;80.192.165.33
smithangela@example.org;524.454.0704;a678a7a8-d6e1-3a19-2250-87f2a2ec7bef;117.65.146.72
roberttanner@example.com;6782597354;eac7a108-1b5d-a715-7777-8660ac5333cf;149.255.11.129
olsenbrianna@example.org;001-263-730-0008x94943;0fbf2df3-858b-2bf2-bf86-83a4db0b4fc4;68.214.207.80
browndonald@example.org;001-728-485-8461x334;08555b5e-b94c-863d-6a97-1eacf15a6647;60.194.87.149
lsingh@example.org;001-253-524-6583;9cf93d4d-abdf-4288-8429-2e4bf524fc05;191.228.109.163
lynnjulie@example.com;948.683.1761;fc65635c-f032-40b8-c170-021af7ffb509;145.106.26.98
lewisandrea@example.com;276-545-2360x4385;20a90672-d78f-09e8-4602-83430d8230c6;80.169.117.178
crawfordvictor@example.net;311.714.9800;a3cfadbc-202f-d44d-81e9-75e351807ed2;121.174.249.83
timothy88@example.com;(255)847-5757x16416;37744ed5-b328-8beb-12c4-c61280924345;212.5.60.153
jamiehubbard@example.org;001-386-821-5520;57659fea-16ce-07c5-149e-63a401353f34;180.38.139.157
ycampbell@example.com;(734)841-0646;a61d4464-4497-66ff-9c28-0e884c9e9d47;162.84.30.198
rjackson@example.com;805-387-4769x72297;bc17fb15-2512-8995-b124-8cc635755b7d;220.143.165.76
mary37@example.net;(289)428-2321x90509;efbde044-9b37-c4c0-62d7-b43ef959e136;9.13.151.15
hicksangel@example.org;001-270-465-4667x0762;16d791ed-cb8e-4278-6efe-c0e53f32386a;197.146.61.134
lisa77@example.org;(207)566-9811;2814c869-4a93-09f0-cf37-0a208a2f503d;187.184.79.109
thomasmendez@example.net;366.970.3451;526c6fa8-4bd4-2115-77c6-d395467dc2d4;205.92.58.205
diane45@example.net;6652050403;91aa39c3-aa7d-5aa9-44f5-be7460850d2f;196.127.224.95
lkim@example.org;(243)863-1835;a430301a-d706-e8c4-2912-96964e877f20;156.233.40.12
mitchellamy@example.com;758-704-1392x52677;db68a563-d172-ec60-092b-bef7c11d6ca2;185.221.154.192
mmiller@example.org;601.394.5484;901ef02c-6f48-c035-ba1b-61772f6cfaeb;219.28.167.67
perezmichael@example.org;+1-360-735-6196x2980;b5cc016f-78e7-7844-2bbb-39df2801fb16;209.14.212.221
cheryl18@example.org;+1-339-202-4107x936;f7dbc499-085c-6c72-cf96-cb926fe91649;133.144.170.224
pattersonmelissa@example.com;697.544.2567x5230;e7279cbe-7907-b49d-e0ba-d72a6d6da0d3;158.209.182.208
rayhernandez@example.org;298.484.9252x4291;08498973-f352-f817-a03d-384797579701;218.238.251.177
lsimpson@example.com;8189131363;6aa9222b-f2ed-713d-6b28-3cd58750a5c6;158.63.111.202
mary26@example.org;292-398-9027;a2b2b023-c497-d292-253f-37080a9e6465;132.94.110.222
mistynoble@example.com;001-663-337-4821x08364;c33ed96a-bff5-b5ad-8e3d-857f71eea32e;192.75.118.227
jessica29@example.com;884-710-4383;39cc007f-e380-718b-31ac-682a172406d9;207.210.85.113
kelleyjames@example.org;+1-498-854-9876x942;9d36dc21-28f1-54d2-01b0-1a4c789c273f;203.33.171.39
nataliecline@example.net;623.775.8731x39867;3f87dc38-5eaf-1acc-705e-aaef07543e00;222.163.61.207
sarah10@example.net;(307)798-8421x8310;d416c119-e774-78d4-f42b-eaacf3f75f2f;126.140.168.220
josephadams@example.net;001-897-554-8406;fb5e96a5-d75b-733d-cb75-9dc48527b4d9;155.155.248.89
ghoward@example.org;001-531-560-0164x6144;9fdd4915-26bb-af33-cef6-64134a2c812d;197.246.148.53
jonesstephen@example.net;2835060739;4d3d3ba0-7646-7a28-949b-3698bf53e97d;156.1.163.58
weberlaura@example.net;262.571.7222x170;47cf26f7-7047-e1bc-4358-a0cd1eb67588;211.233.219.102
robinsontony@example.org;(338)454-8656x93017;3038ce74-fcc2-f1bb-b777-afaec8273d55;202.113.36.2
xcantu@example.com;739-554-5968x0645;fc30c907-2e80-1cdb-a4bb-f129d3d56576;167.247.161.115
alexandra26@example.net;(659)755-8689x505;1c1c394e-1e48-752b-92b2-a0ddcef2ea3e;95.93.54.147
sbanks@example.net;001-548-319-3629x5431;1bdd297e-8d30-ccca-6eaa-759ef45ec336;66.16.204.57
foxmichael@example.net;4498590132;a488df84-5868-62d2-cf5a-1260e587abac;88.91.252.180
zlam@example.com;9754823854;d42968c9-cf9a-85b0-e36d-594057d48028;140.168.81.46
hsanchez@example.net;964-434-0016;0e52ea49-727d-16cf-dfd3-1e1a6f5f7de1;150.9.46.126
melissa86@example.net;001-851-965-7422x038;559bf545-6e6b-a95c-1e4a-787941f87b40;189.231.218.175
johnsonryan@example.net;+1-396-689-2423x90167;709cdbb3-f276-a9aa-0071-3ad82b809518;72.43.245.23
hobbscourtney@example.org;953.598.6154x969;9770ea76-3e44-9230-9396-c2bcab976147;132.28.226.230
mpayne@example.com;395-553-9901x4673;f81c7c9d-30f5-3266-79ce-e8e561728153;81.14.67.14
bradley62@example.net;432.453.6025x298;955591d8-bb31-8a41-bc98-878717eeff71;21.9.16.18
nguyendavid@example.net;001-278-965-9247x126;2ebcbf48-ecf6-2565-3404-9e4b7e8d0155;55.78.196.177
salazarjesus@example.com;339.367.1054;023cfa8f-0605-016b-f699-c64ff9a76f98;193.77.196.181
fphillips@example.net;486.335.0745;4cd09419-9d75-eb8d-cd29-c88ba51bb0b3;89.101.45.111
jennifer57@example.org;907.481.3278x3099;a5f572bf-26be-1b96-c96c-15e5d239ac5d;37.247.177.55
dawnlopez@example.net;595-722-7806x8535;8fc0af47-d6b8-645d-1186-cb72e02d6e91;174.169.69.128
spatel@example.org;+1-766-931-1433x59166;2ef16fb4-d4f3-e62f-312e-5a7c943ce857;182.56.87.89
robertprice@example.net;275.913.5099x631;4fad905b-a032-a48f-38c8-c318f84c8dee;194.85.191.253
jamesmedina@example.net;942-858-2381;5fdff72b-57b7-e7be-19a5-0d5fd7598d0c;211.171.91.206
davidsonmichael@example.net;+1-273-531-4535;ee870cd1-0c90-7d5a-2afb-6a146819977c;200.226.212.77
christinecampbell@example.com;305.894.0078x9989;6382c475-7002-7e4f-0b40-90529f5b516f;175.66.116.18
olsongeorge@example.org;+1-690-318-3927;cc4b2a3f-e3e6-cb54-cf2b-7fcae6de2427;140.234.98.156
ahenderson@example.com;+1-275-852-4452x77615;f8d7d62e-cbf9-58e2-bd33-dbcc63f4415f;221.123.78.163
stricklandrodney@example.net;(625)862-4711x388;f84f3bc0-d02c-e8d2-c517-ac2bfd4f8677;152.237.21.10
floresvictoria@example.org;719-437-7736x98052;72757155-3a35-d18a-1501-e94e9f07ebd8;212.7.108.146
fortiz@example.net;296.835.2959;6b4100b8-e260-5611-ff05-e6076634e2ac;187.204.58.253
wigginspamela@example.com;876-279-6715;68fdd888-bcb9-90df-d449-453548cd1976;162.104.125.30
thomas90@example.org;884-689-2057x228;bec6b937-1eaf-80d5-58a3-afb612dc86d0;208.79.134.78
molinabradley@example.com;579.774.9427;b50bb978-045c-f0d2-1dc2-bfab47d0a3f9;128.178.197.167
carl36@example.net;562.649.5651x0122;0d031245-42a5-d3e6-349f-97425cba727b;101.0.38.26
brandonpratt@example.com;001-568-431-9170x34145;8572b9ce-e4c3-166f-66f9-be73f2c6016d;111.243.241.141
scottallen@example.com;(710)201-7657x7424;fa39ca76-b6c2-f1ef-9927-a1fcee249f1f;108.129.6.231
bhudson@example.com;(859)709-0627x0220;991f4c67-9846-749d-3905-4779b5751ed4;183.1.191.255
jking@example.net;912-381-4342x09811;f1a1054e-b92a-4f4b-912f-c464061fc6b6;88.192.194.69
betty60@example.com;(314)338-7522x7904;3e3d1dd6-8364-cf45-3618-ec7343b48a8f;195.94.179.231
reedgregory@example.org;512-487-0535;56bd14a6-461b-c3de-82e5-a524d9afa230;87.0.87.175
dbailey@example.com;(879)234-6692x085;156e917d-b4e6-8faf-017e-568b778d01aa;105.33.33.3
mmeyer@example.net;+1-581-698-4653x691;1581b247-8614-f15a-d112-41dac333447b;163.204.163.201
amber77@example.org;(548)419-3808;4bc81320-81b0-5f2a-420a-34372233b851;11.202.201.135
jamessmith@example.net;001-901-415-9778x26477;ae9a4195-dbb8-341f-aded-a8263f9e000b;178.214.63.7
bprice@example.net;+1-358-655-8837;191eb92a-8edc-081c-5d83-6d9d3e44a2a6;138.69.147.50
rhodesjeffrey@example.net;(485)931-0283x97319;0e047df6-ed9d-589e-0708-4d144d2f74d6;5.54.109.192
nicole69@example.net;(880)597-4852x30239;3e1d1aa9-049b-2dd3-db83-42f0a311f3ea;134.141.134.76
ugarcia@example.org;682-329-7256x606;1ba780bc-9a09-b3c6-9b99-f5a6c39e0097;208.119.55.189
angelglass@example.com;+1-692-717-8135x291;f46f2a72-5ab2-f493-1cac-d563792f5c62;146.98.215.218
kingeileen@example.net;001-398-987-9630;0929ede1-a77a-de7c-403f-aaadb5f0ffef;112.102.198.50
stevencook@example.org;863.395.2026x9596;39921f53-6626-fd85-5f22-176d792f9ba0;217.70.66.180
zwatson@example.org;+1-683-276-8627;34e0ac6b-0b3f-8108-42e3-f76df8859504;188.246.22.251
vharvey@example.org;955-496-8919;3b0a0744-38cc-de30-3499-00c97811ccb9;215.35.41.192
sara25@example.com;332-566-6936;dfd45d54-73a9-d05e-5cf0-d133cb945a5a;216.23.184.44
smithlisa@example.net;260.307.1225x84854;7ef63dbc-aac9-8ad2-e261-7c1e4e222cb0;69.87.128.47
eugene81@example.net;001-861-394-9866;dc709e87-da6b-c0ea-9549-cb81c6e3dbe4;206.249.15.201
yvonne32@example.com;977-345-6056;cf20672a-bc63-b789-67ec-8b3ff50a4d52;207.242.192.218
vpage@example.com;001-516-682-0335x4871;3a56d147-1f47-bc92-35f2-f9dece6e4e31;161.116.133.175
chapmanseth@example.com;001-400-957-5453x438;8d087bb2-a96b-9274-4ed8-aeca431eb134;222.144.211.219
ssimpson@example.org;001-791-714-7683x6480;cf32de78-ed61-f9cd-79a5-b2f319ac1f81;161.65.223.148
amandagardner@example.com;573-676-3666x241;88eaa360-4a56-c43a-ce8a-d3add661bf5f;35.245.36.238
gomezkristin@example.net;+1-427-314-6049x8610;9ddea270-0472-fd93-fa0d-51cfa012553e;207.75.157.114
warnerryan@example.net;893-982-9925x91929;61801ef0-6d49-4e54-6e65-e3518dceb571;212.151.144.63
graytamara@example.net;(799)338-9037;59a2a4e1-acd7-6bb7-98d6-c8eb2de31949;202.123.215.233
erica09@example.com;248-834-9331x8824;c7d6f189-4196-2ead-6b43-28c92a42e0fa;5.149.10.35
michele43@example.com;270.788.1206;eac3dbac-2947-39e6-79a1-0b81f53d9ba5;210.146.129.115
sarahmichael@example.org;858.520.2376;17e62ec3-d084-970e-7682-ccd868b02557;11.44.36.75
turnermarissa@example.org;6519417265;4124febc-6f34-34fa-cffb-cd52ca6e729a;42.229.41.238
jerry13@example.net;802-732-1577x10312;e54fb877-0a72-4cb2-c7d1-78e450d22c12;84.197.81.129
harrisonjulia@example.com;862-555-3728;4d01be7d-a40d-1257-4c60-4f75a5f5a92e;16.111.58.178
adrian38@example.net;569.524.4947;493b1cae-f1c3-0585-4868-1bca6d4d72b4;200.111.75.249
joncervantes@example.org;+1-738-543-7844x655;89143890-8c70-142a-a248-0c610036fd65;129.92.221.129
lisa11@example.net;8584911203;b4c7eb22-a70a-0117-4285-57d56f0ca9b6;184.136.152.42
brooksalison@example.org;(715)487-6203;193d10ea-bf47-b874-2f72-073a441b9409;181.81.101.79
damon80@example.com;(577)684-8429;0c25f636-ffb0-7c2f-8962-a32ff508f0dd;63.85.112.28
holmesanthony@example.net;001-354-578-2293x50772;3e6ea7d5-13b6-c7b5-bbf4-f8f79c87dd14;74.135.15.183
derekgreen@example.com;001-936-696-0468;a829c443-44d0-edb2-7395-20f54a0c2fce;16.138.139.250
nicholsmary@example.org;+1-581-636-3489x19203;89e01d3a-6f15-51f3-1e11-206388540754;152.232.164.6
apope@example.org;(907)627-8381;2695d092-71af-ee91-9da0-0eeb1aeb105d;217.84.235.149
hchandler@example.net;4082832317;8f5418cc-6d4d-eb99-9de8-d219db5305bd;54.51.180.29
johnsondanielle@example.net;(962)312-6770x425;5bd2200d-42e4-a3a6-cc0d-32f340599f83;199.248.40.5
atownsend@example.com;(293)804-5963;d1217078-c056-58f2-3a13-09472c663db0;117.23.47.105
oliviamartin@example.com;226-425-5724;c671f857-2da9-1036-3313-f0dcfc78da93;206.162.183.241
pamelamoses@example.com;+1-265-463-5747x08295;93a886e9-fc7e-29d9-0657-b907d1ad92d8;187.119.161.253
jenny65@example.net;7588766985;06f37605-eed4-48dc-06d0-daf5ab09e7cf;148.16.167.120
sarahlopez@example.org;4855688615;02bf75e4-cb3a-83cb-579b-1f56bc7f20b3;123.21.184.237
cunninghamchristian@example.org;9643382099;9f12dcae-41d9-989a-0373-002877763f2e;7.229.122.33
suzanne09@example.net;001-352-494-8263;d1083854-4266-3888-f247-6b5c2f2689d3;141.68.5.205
walkerdavid@example.org;(447)963-4722x38501;a2d9504f-53bb-249c-d8c9-01796f40ccf7;155.194.86.101
mercedes72@example.com;+1-619-234-1604x717;967e951f-65c9-b395-8c9c-8e5f15351f42;86.0.103.176
tthornton@example.org;980.859.3001x790;4874d218-fcb1-7b8c-7b4e-52db36ad0ec8;97.81.44.202
normannichole@example.net;+1-405-640-1041x294;2dcce641-7c55-a929-d950-9209fc6e0132;71.137.2.167
davidmiller@example.org;592-337-3378x45871;9859954f-e21a-5486-af77-94f218fa3c3f;192.94.217.147
patrickwatson@example.net;+1-705-201-6057;acda40a3-704d-a818-bf1d-652722104479;32.13.102.32
tyronerobinson@example.net;883-329-6037;e5d540c7-c6c0-704b-b47a-04d0f55f7e2a;218.140.115.21
yyates@example.net;402.961.5162;1d2e1785-d03f-9722-8c16-a85e853aab82;16.48.50.98
tara23@example.net;450.254.1887;fb2df41e-10e0-068a-b8bc-20c191f4f0a5;38.151.8.50
benjamin75@example.net;236.354.2829x0322;71ab94b6-5799-70c2-ceab-0bbf1edd7efc;194.243.197.184
hansonkimberly@example.net;+1-569-864-2882x400;a82ac08b-2b18-121f-2022-d38172df55fe;198.233.24.129
gonzalezstephanie@example.com;430-945-2273x6941;509aa6fa-92d7-cfc1-c948-1d5a53ff2836;199.38.101.8
anthonyadkins@example.com;+1-364-875-0032x504;984e2979-adc5-1336-356e-1826e54aacc8;145.12.4.232
heather19@example.com;+1-201-466-2205x900;85af8111-b13b-569d-6fd9-125dd2b999fc;185.90.115.43
steve21@example.com;001-639-338-0404;a47ba773-771a-200f-bda1-cbd4d1dfc2d5;215.220.94.104
leonpatrick@example.org;372.541.7477;2e8c2e6e-57d4-c162-1fbb-6b2c346e0697;152.19.171.0
clarkgregory@example.com;(872)248-8505;9599a1e2-444d-afff-76bb-0ba08595e942;95.232.250.114
watsonrebecca@example.org;001-499-394-7299;082174e6-5a14-874a-b341-8dd4ceb24496;25.26.49.145
morrowbrittany@example.net;001-231-678-9702;5c707f6e-1d99-0cb4-4680-34971dd7f9bc;179.96.137.70
summergarcia@example.com;804-930-6413;aae9f7cb-9e99-7966-1eed-029baecb7153;212.14.194.86
jdouglas@example.net;001-509-469-7645x58296;ff87d8ab-6b1a-a103-e8f4-4523d592d26f;57.128.164.182
jennifer86@example.org;756-981-3051;33ea1f2d-a53d-3306-2b77-834fd5f1e8d5;52.107.168.11
stacyschroeder@example.org;001-309-410-9572x4273;192f5cce-a53d-c0a0-68a2-a8e2e7a0bb29;128.253.184.84
rogersrichard@example.net;9217417723;02055ce3-7e06-5218-57ab-632315599f44;141.104.170.28
michaelmoody@example.com;5192495011;222769e7-43d0-60c1-49a2-3cf7dfe8e913;181.185.61.178
hmiles@example.com;001-369-600-7193x799;de4cbddd-d2f0-45de-4574-b8dd84fd1240;82.57.236.96
colemanjay@example.org;(313)532-1419;3a420294-8bbc-1061-4311-44a149cba57f;184.44.61.141
taylortammy@example.net;544-302-5669x73907;3a768f0d-3819-8dab-d5e9-1792ab2d6649;58.121.22.28
janice27@example.net;6098088854;8796e04d-96b9-127e-9ae5-99626cb4c204;218.14.212.87
javierjohnson@example.org;001-729-660-1633;f1fcfdfb-c6f7-9a48-a49b-b3decd209bea;198.24.58.195
bryan49@example.com;+1-373-507-7139x7828;47e0483c-1ff4-3507-9f13-83e38f9f66f0;131.91.9.1
kara57@example.net;+1-892-965-0408;70a5febd-19ee-ceef-58ab-4d7dcd5ba6c3;88.181.94.60
dtaylor@example.org;001-256-548-8880x899;b3e28a05-2163-040c-f806-40d047117b07;5.57.180.156
bensonjames@example.com;001-531-973-9806x0513;340f9b16-aeca-ed2c-95b8-73d13d894e44;203.133.180.65
juliemora@example.net;001-467-603-8809x7834;ac25f91a-334f-f6ca-e665-b0b2485eed4a;202.92.115.148
stephanieibarra@example.com;595.821.5687x83604;d8285425-1bd1-7899-a25c-29bf4897be2d;182.123.17.57
scross@example.org;+1-391-405-4756x2839;13e22429-5ef5-65fa-5a47-289e5804b67e;184.150.133.239
martinezian@example.net;4663491506;d68cf934-ff50-38ed-26a9-4b1fb0dc4774;216.207.180.175
timothy33@example.net;+1-830-256-1978x72482;97b2569a-613d-70c5-95fe-4b98c8100b77;162.166.134.92
crystal41@example.net;912-977-7407;8c6f88d5-56a7-3965-d56f-ee84ae5227fb;18.71.214.32
jonescolleen@example.com;421.874.7399x0195;13444746-540e-0f19-4abe-2e01a90736dd;85.50.126.48
deborahthomas@example.com;+1-419-370-9868x46859;9772a0a4-8c9d-fab2-a1f9-6c4b092f3a11;195.124.225.142
wbarajas@example.com;(601)958-6222;e7b142f4-92f9-4b81-c1db-1189a3cf9404;222.213.59.138
mary70@example.com;222-588-0634;0dd43638-083d-8480-addd-0233b0665e0c;122.70.11.11
calderonjared@example.org;638.597.2810x7153;4976cf70-5021-b789-a186-b06b4384ce39;215.123.68.114
diazoscar@example.org;+1-928-610-1779;6460067d-39bb-9600-29a1-1eea33cf479f;170.32.164.101
james53@example.com;(375)283-0029x31078;68d0b680-9a83-5222-34e8-818aa764e5fc;56.236.242.50
davidclark@example.org;+1-486-667-6293;673572e2-e2bf-63bd-0039-481e73791bdc;4.236.218.115
jackleblanc@example.com;273.344.7301x8934;c6db0db0-9052-8eeb-0721-fc663a28a997;207.111.71.234
ffloyd@example.com;935-633-1398x01975;9a7a290a-ac2a-2348-e1b8-f2309c3fd6b8;18.184.142.116
wallandrea@example.org;+1-747-632-8883x7157;9e368acf-cc39-aaca-832b-ce3ade7533bc;184.153.103.56
jeffrey56@example.com;583-956-0257;dac0b583-63aa-6495-a694-480ab3a28370;155.92.50.177
shawjennifer@example.net;405-686-8092x31237;50bb814b-3f5c-01b3-5116-d17472a7b4dd;177.27.179.229
jcox@example.org;206-714-1992x551;5c55d1fd-81ea-578d-9446-6e83a623ade9;32.185.50.84
scottsmith@example.net;001-949-468-3398x718;4251215d-5943-0d32-097f-226f8d53cae7;140.222.197.145
rdean@example.net;001-396-913-8912x025;3b4e2574-2e01-15de-f205-fac5727bbce0;157.91.26.87
jocelyn70@example.org;001-219-304-3030x86017;9d17f1f9-ea2e-08e2-069b-b61a5c2795bd;199.3.165.48
westtammy@example.org;(278)584-2828;8c76f6c1-e4d0-5c00-656a-602a70324723;114.139.215.161
jenniferatkins@example.org;001-621-675-1158;aa3c85fa-cf58-7ebe-abf5-b99dab881362;199.180.13.115
ahodges@example.com;3498385070;739c03d2-dba4-e52a-bfdb-b05515979eaf;159.238.171.211
stephaniebarton@example.com;784.970.4971;7b71381d-8c71-3d81-6149-586fa21a0a42;205.168.163.133
hannahwarren@example.net;838-207-7140;93563754-d406-e276-75f1-37e65955186c;189.73.227.6
jonathan27@example.com;(609)944-5437x16341;24cd66a7-6d55-c4d0-fb9f-aa973471c6fc;191.68.22.213
emily65@example.com;(961)602-6784;8d41dbbc-eab2-429b-878a-e96c00ed8671;175.172.28.96
williamspamela@example.com;9872727712;92bef4db-6518-5b94-82f4-df541c62ae5b;201.104.216.227
gina33@example.com;(924)281-4993x1714;40b481b1-c200-ece6-3f6d-78a9a9f7f6d6;213.56.152.131
scottsmith@example.org;339-958-7288;c4c66fc9-2bc6-6f2a-6538-325d585cddf8;205.230.188.181
corey22@example.org;(937)874-9232x89803;df8ed6f2-f698-536d-9f54-3a16a042e4e0;192.204.146.242
ojohnson@example.org;676.328.5175x7552;e3e57e7e-7502-a560-62c5-4cd70d515337;67.136.184.102
bhunter@example.org;923.214.6590x0524;08f57c62-1b39-266a-71c1-20077d32f231;68.137.242.44
matthew55@example.net;523-245-6528x473;6544022d-1357-a12b-67f0-6394142260c0;82.41.22.168
susan35@example.org;592-900-9718x944;5a46f4bd-35ec-a2b4-5b24-e4ccffe8f910;220.176.120.88
vle@example.com;(649)750-2439;b4a7c496-d210-d42d-9341-e4ba1585148b;211.90.221.168
zacharybowman@example.net;(741)611-9582x588;89db7396-f2de-df2a-0d34-249be41770c6;221.107.5.193
amystevens@example.net;(323)500-0213x41014;a4dedb9f-defa-318c-a55e-4b4a57ae4fcd;79.14.63.202
bergderrick@example.net;(237)443-1788x31697;e18156db-135b-abe5-284e-d1f2e1b0928d;64.226.102.230
steven41@example.org;9438382564;f062f058-975d-95c0-e3cf-7bd4666549f4;147.130.138.30
znelson@example.net;711.752.5814x9263;dc022d4b-d709-ffea-a6de-a8e199eac46a;200.49.140.24
nicholas60@example.net;916-972-4663x9954;d9c37547-8156-b19e-0f74-5b843b566c95;98.211.108.95
anthonyadkins@example.com;+1-364-875-0032x504;f23ad925-cfaf-8b35-3e4f-93c3ebea816f;192.79.203.131
oconnorjeremy@example.org;(373)870-0951x725;ff6fefbc-6e1e-11f5-b84e-a073621896e9;65.53.201.120
floreseugene@example.net;+1-934-320-7461x6916;30feea20-10c6-84b9-9da5-019dd418e03a;142.124.42.185
mooreamber@example.com;888-583-1759;51007cc8-6cf5-a212-beff-9a972095b930;161.213.235.1
desiree09@example.net;+1-234-819-1414;10b8d209-e7d9-4fae-493f-e48c6eb539f5;198.117.42.200
omoody@example.com;314-861-9831x4599;ab3473a6-c00b-48ac-df63-e7e13182fc3a;195.250.101.252
wilsonemily@example.org;714-725-0763;a786c9b4-fe5a-a8aa-ecbe-3922424200bc;219.125.210.179
gregory31@example.com;+1-474-256-6019x411;e484403d-9df3-cfb4-827d-7cac5a7c802a;163.129.205.200
susansimmons@example.net;792.789.9846;4e3957fb-1da0-c9ed-96e1-bd112ee53bd3;130.170.84.103
michaelwilliams@example.net;777-968-0039;c3b00a12-ab57-6b50-2885-495ce9364b01;123.140.136.56
lestermichael@example.com;001-496-471-5310x4446;7fb00e8f-2137-f6db-335a-d8467efff6cf;213.154.253.161
hcruz@example.com;(627)642-3256x66656;23402fdc-1a0d-978f-a559-5de6cd196917;187.205.80.141
amy38@example.net;537.419.4708x32804;d9b9acc9-b523-543b-bb68-64a35676ca7e;25.173.223.250
perezlarry@example.com;001-905-976-3268;d70efcd3-649d-ca20-eb90-a6a449726aa4;134.85.254.226
mario82@example.net;2837492603;8ee6ddc6-3bfb-abce-de60-1cde10816db9;123.8.43.41
heather95@example.net;748-555-3628x45127;054f2df0-6335-493b-6b94-e9fa8d81edcf;217.196.97.54
hunteraaron@example.org;001-690-629-3553x77934;85818bd4-7bbe-1428-f97a-3610c8098689;66.137.227.213
patrick93@example.net;+1-713-365-6031x787;5ae67880-eb66-a686-c42f-a10d1b0e33cd;89.78.140.66
richardsonsarah@example.org;3797520502;79ec5e9f-2a8b-5a59-650d-60c54cdc8287;209.233.112.17
barbarareilly@example.com;345.900.1761;a50248b8-5abe-3096-d552-4050ca18e18b;157.9.59.86
qsingleton@example.net;231.547.0432;695da776-a48e-56f8-3b48-7cac19b885cd;210.18.59.131
ashley29@example.com;491-372-8690;024ec1fd-4989-71e2-d36c-b906d43df4f3;154.215.11.148
courtney37@example.com;001-830-891-9423x74962;06655e51-3cfb-fc71-8cdf-f11f28c00bbf;60.111.58.71
rebeccagomez@example.com;6624301015;3ce9f3bc-f78a-6d5d-e468-4780619859dd;83.160.81.216
crawfordjessica@example.net;(290)768-9882;18c249d1-6246-5013-85bf-a60c8f44eb0b;23.150.246.37
coopergina@example.org;346.470.4151x944;c083d5bd-b3c3-d1f3-00ed-191ee0cad9cf;39.231.54.113
zsims@example.com;5422261040;fba87952-b375-9719-d72f-9c793b411dcb;196.19.64.172
gravessteven@example.com;+1-292-254-1975x2307;bc569030-42ba-79f7-5cea-82a246a3d7c1;157.192.84.227
mitchellbrewer@example.net;812.896.5349x55573;c74b5643-6a9a-90d0-57a4-e1392a6e8ed4;207.223.201.181
jamieharris@example.net;+1-440-333-1882x5136;b612a11e-d3c2-1f24-4fa2-f7138a3e97f8;145.54.155.160
birdcharles@example.com;2097961850;67c6b44c-bf94-b53e-88bc-33e980e4211b;133.98.150.108
jeffrey77@example.com;311.718.8949x297;4948dd6f-f60e-5b4a-12af-06aa288e0d1f;198.182.33.240
isaacbaker@example.com;001-536-550-8994x60457;b06cbf41-9489-b238-5a7e-e6a0a7f1c816;45.104.96.104
ashleewebster@example.com;001-775-349-3967x180;87cb0bc9-a7fb-23ea-6e52-c70200e82956;222.25.100.139
jermainemendoza@example.org;(941)339-4359;50e44613-64e0-773c-3201-3c6131215bd9;185.248.89.105
melissa86@example.net;001-851-965-7422x038;0691c4a8-485e-63f8-0933-9bbd82f1ea81;189.231.218.175
jimenezrobert@example.org;(822)554-1865;7fbf5edf-38c3-cd47-7275-6b9dee02d82b;107.178.183.21
mleach@example.org;626.910.5707;cc21a51e-b068-c53b-010e-b63cbdc50d3a;210.208.248.116
thompsonbrian@example.net;813-850-3847x70001;e97b5bc1-f10a-fd1c-af73-a929f3206713;184.77.136.241
matthewsjoseph@example.com;687-575-2847x8461;dd82973b-2ad4-f921-ec83-01e2a85fa3dd;150.4.86.19
jamesgonzalez@example.net;3329890175;2939b7d8-cfd7-bd85-7322-274f888c5917;212.104.29.37
gmiller@example.net;970-627-1641;b7467363-b0b2-8a57-5570-2dc5c2236f7a;214.52.159.253
daniellethompson@example.net;(607)314-0919x467;54ff18bb-b0a3-b8c8-7738-e93e0a6df720;201.98.28.254
stephenelliott@example.com;(545)221-3502;615f6a92-a340-d1dd-8285-02f2e8e806e3;187.245.24.218
tylerlewis@example.com;264.505.6229x9320;f078d038-669c-91d0-ee53-9f26a692d0b4;193.10.99.117
iweber@example.com;001-794-826-1762;93133a94-8c2b-2345-2d32-0967bd33a16b;22.237.75.73
reynoldslisa@example.net;994-324-1275x4327;3a2cd898-6501-8c20-bb82-07a1983f7bd7;45.86.115.15
qburns@example.net;2725342769;666e2a11-5af6-2fe4-6de6-07d7bb2a5550;126.19.141.206
joshuabutler@example.net;+1-635-811-5065x2734;5e7eb13c-0888-95cc-1fce-0949fd8f3ecd;178.152.96.126
qmata@example.net;(985)358-7488x39619;a5fad94a-c82c-7561-6dd5-cf69ca6c9ab4;200.209.153.121
mileskatherine@example.org;+1-859-708-0015x84270;835302fb-e228-bec5-6c7e-e70354ea0c88;218.174.28.10
gmeyer@example.com;+1-469-553-8170x5553;9ab91894-554d-22dd-b54a-ad00f0eb0a57;207.74.88.79
kirkortega@example.com;354.949.1790x3384;4076ab85-72e7-e7d8-0464-58e557f45a71;200.91.216.196
mmoore@example.com;001-985-951-7337x82210;cbc83da1-0d4e-bcce-7af9-2c12a929c7ab;195.10.104.178
oterry@example.org;991.434.9125;2e8c2e6e-57d4-c162-1fbb-6b2c346e0697;152.19.171.0
salasedward@example.org;616-515-8182x51608;78f7184d-2b0a-dbce-05ca-0d61a2708a0e;40.20.5.52
lauriemorris@example.org;+1-888-851-4195x9938;30feea20-10c6-84b9-9da5-019dd418e03a;142.124.42.185
gonzalezsophia@example.com;+1-855-864-2552x042;74a2bd8c-bb1b-3571-489d-12b53c30e353;129.213.1.161
urobinson@example.com;+1-605-364-2622x928;8c3a940d-3681-5a6d-c530-f486b679fb2e;48.34.24.121
dadams@example.net;+1-406-207-0677;d0d709b3-3800-a05f-7748-ccb8ccf73eb2;157.9.59.86
jonesbeverly@example.org;001-776-679-5583x967;fc2c8ef0-2fb4-d0f7-46c1-6d1a8c8a1a8d;222.122.17.30
markcastillo@example.org;811.695.4705;8b257e25-a795-dfc1-a8de-234af85e0c38;17.213.51.65
wardcynthia@example.com;(290)252-9376x558;6ae07895-5540-86c4-055b-aefe4b406916;16.199.88.10
ucarson@example.com;960-774-5040;3ed2e560-170c-ca17-3fe4-4535a5162ad7;195.62.52.32
bruceroth@example.net;228.717.5561;92020b86-7097-332b-d87c-ad739c25c427;200.171.14.243
austinjackson@example.net;637-766-4783;3dd220d7-87c5-55a2-ecf8-d5c4a4cadf95;203.44.41.94
wthompson@example.net;593-638-9477;2da958ec-4d63-d9f8-f8f1-af07ba73a78b;151.197.142.109
pwalker@example.net;(790)386-5522x5410;90ced511-1243-aaa5-21d3-f6c8f1731b08;131.60.211.233
kaylatucker@example.org;+1-334-959-5931x62316;f5803063-f6d0-e680-02fa-812ffe0aaafc;131.51.251.45
kylerobinson@example.com;234-318-3847;c835751e-d01f-8421-ee9a-faba5c7580b4;212.70.155.194
willisnicole@example.org;+1-958-515-7332;404d85b1-7c15-8802-2ca7-7286fe7831d8;26.40.226.80
hollandpaula@example.net;6042927386;3e4a0af1-0504-e910-7d95-e91d25cf5f6c;198.87.11.13
jamiesloan@example.com;973.577.2343x01941;c786d302-3b43-d32f-e3b9-8766b2e025e6;214.64.63.235
wpollard@example.org;670-815-6154x1145;63460482-dee3-a625-1cb8-bde67d780e3c;96.193.156.161
medinasamuel@example.org;(836)824-3300x484;86779897-ef9b-ed47-0c02-5a7c1f879e9e;131.229.53.35
yangmorgan@example.org;525-940-3038x015;46b601e6-17f0-8824-bd05-1d3eceada361;195.142.170.20
dcarter@example.com;(212)669-5888x413;f7771344-ee02-5d01-1a93-8a48396258d2;195.253.120.154
jensenerika@example.com;(542)900-2760x3208;a90ef816-e773-8d1e-ccbb-da06f377d2f1;11.15.234.193
micheal36@example.com;+1-337-705-1954;f7364fe4-228c-99ed-913e-325fea729623;158.18.155.7
collinporter@example.com;306.763.5960;ab791052-41f6-b4b6-aa4d-b3b9b4eb00b6;201.17.130.123
melaniemolina@example.net;001-646-952-9111x2205;5c721455-87c1-b386-0c5b-6f0916a37254;186.228.217.184
hughesnancy@example.net;450.274.1861x7980;4407a52d-5680-73d2-f635-c4d73ad56c30;157.64.252.28
brandyparrish@example.net;648-659-3810x841;54847aea-8eba-46ae-510d-2f8e8b19fb7a;179.207.227.193
cynthiadurham@example.net;3297012301;7dac13ed-84b1-1faa-a935-360cdda14006;52.218.83.81
usimpson@example.org;+1-898-828-0445x06561;fac420ac-7f27-b455-5bb1-400be82b6e8b;192.92.15.58
jwheeler@example.org;+1-561-432-4853x5183;a5e38cad-e89c-85d8-680c-6341b4f27747;207.198.109.207
phelpsrobert@example.net;(637)902-9453x2268;1ada3ce2-8e7f-5325-b4c8-b9ad6dbafa27;214.136.183.55
smithkatherine@example.net;(975)759-6296x29068;e6d9f2b3-3adb-e611-c07e-b4d0486ce8bd;137.60.0.126
collinschristina@example.net;666.233.3030x154;05e576e6-d411-58c1-f478-db5d426f6c9b;11.166.24.3
christinetucker@example.com;+1-949-275-4805x808;f391735f-ffd6-156a-d204-3b2d5a4133ec;222.140.68.126
watkinsjason@example.net;498-905-1352x7791;68405a3a-4238-d292-37ea-0c6a596d541d;174.245.143.81
daniel17@example.net;727.531.5120x7232;289310d0-3e08-908a-8f31-b713f9061f41;216.126.253.248
marydaniels@example.com;937-914-6847x90109;f94e33c7-6950-f58e-15d3-3377e91eec2d;52.31.181.218
gerald38@example.com;001-541-948-7493x5200;878a81bf-e443-6cf1-2183-b52cfc7a48c4;101.196.32.199
patricia97@example.org;(770)471-4943;d204c986-3d6e-a841-22fa-03c18ae9734f;161.163.178.2
johnsontracy@example.com;858.669.5324x2810;85813022-ab05-c996-6713-09d39ba07653;98.205.143.196
courtney73@example.com;666.358.9576;9fac9174-c317-8078-9e39-12a091e2896d;193.200.243.209
leachgary@example.com;+1-541-642-7275x3537;9b63e1e6-f425-b8f2-83f6-23e09e28a257;137.178.15.159
henrypatrick@example.com;+1-955-464-7188x0735;a8758817-a6ad-8029-57dd-93b8acde5007;122.208.255.169
barbaragriffin@example.org;001-538-224-2442x4083;d3fbf9c9-ea54-3f26-e101-1a5ae21782de;101.89.92.137
imcdonald@example.com;903.335.0023;928f4ba1-f8b2-83f4-0549-36fb9e6437fb;184.102.78.189
cyang@example.net;419-380-0363;37ff1ffa-53c7-78dd-5d48-4c24cb9f9df2;162.203.253.116
johnwilliamson@example.net;(997)810-4344;e9d4135c-7e8f-fc2a-f445-87ab3056f25b;57.54.218.126
asoto@example.net;6329713885;efa19026-5253-6062-a798-b84dc46a8e17;189.174.33.47
curtisjohnny@example.com;537-221-8819x731;e02956f0-e92b-1ff7-2d95-8769e0772296;104.129.25.252
todd90@example.org;+1-569-933-3411;10a99147-0421-d486-c73e-93308e9fa555;150.171.81.23
qhunter@example.net;(675)514-2703x67642;33f4e0ac-0adf-06d6-7129-85e6266c5986;182.207.153.248
bjackson@example.net;334-797-1428x72330;d0dffb99-1d35-a9a8-b9c3-a14050044299;215.35.174.57
lewisandrea@example.com;276-545-2360x4385;3ca6c2b6-cc1a-a962-b3ed-31143e88e21b;58.17.224.156
paigemiranda@example.org;349-559-2644x6674;9599a1e2-444d-afff-76bb-0ba08595e942;222.88.253.161
vchristensen@example.com;697-922-6814x4935;c5ba74b8-1c6b-a566-8fe9-1f1b17224e8d;168.33.80.64
smithjacob@example.com;917.327.1163;cf59d9f8-e342-f6b2-4435-b9a9963cda86;212.68.175.170
turnerdawn@example.net;(289)889-7918x4819;f8e83155-e00a-1164-d3bb-df1963318804;208.231.101.76
terryrobert@example.net;+1-897-832-9163;65c120df-96af-fe21-e78c-88bf0c699175;212.5.60.153
kenneth21@example.com;001-529-814-1450x9086;c77c1d91-ff0e-c345-ed42-8e8fc5a99648;193.225.120.122
qboyle@example.com;327.855.7934x0602;d2cb5971-ae0c-61d6-4736-453bdcfec586;200.99.114.2
lgregory@example.com;540.224.8815;cec39ba0-0312-c347-e453-903e4afa44c8;137.236.86.189
qgarcia@example.org;+1-699-855-8317x88621;b928a24c-dd49-b9d5-36fd-46b3563c8a66;115.161.111.0
jjones@example.net;(785)635-6487;d0922ec9-1835-d090-8d4b-30e2dba53d24;220.15.81.171
toddnguyen@example.com;001-797-966-9342;00e8c62e-ebf5-5cf7-f93b-2d090bc3b6c7;81.82.105.190
yhoffman@example.org;888-728-2630x8281;cacc8aca-3f8f-0a3f-2e55-5cfb5894689b;96.66.105.105
wolfeashley@example.com;001-543-568-2093x96127;0a29b180-3f7a-4e08-9647-93524eac3244;90.10.30.63
lsingh@example.org;792-854-1092x104;7f49bfb2-e2f9-8a1c-3c28-d2147c4c20f8;188.197.139.117
martinezsteven@example.org;001-319-393-3693x930;437dae04-9f25-b48f-d06c-4c03f43756d4;155.177.118.141
howard04@example.net;(524)239-1560;5b541aa0-4ffa-b819-7244-a255daa9e038;41.149.3.208
griffinvictor@example.com;454-558-7750x5473;9f1c00a0-a9f2-abff-8336-a9f8b4384e31;47.55.137.130
hibarra@example.net;001-866-687-2234;0bc4ba88-fc64-f8ae-b5c5-2b56c9bb845b;198.120.169.37
orozcolarry@example.net;+1-457-749-6587x29172;f538c29f-3f29-2086-be1e-9226a4cc1e04;112.29.53.92
ocarpenter@example.net;485.861.9723;eeeed376-1714-0d64-93de-50508c99bfca;125.41.135.26
yolanda87@example.com;+1-912-275-6826x3445;981cbc97-0804-e149-4ca0-8898494ddc4e;200.226.199.237
jaclyngarcia@example.com;+1-930-469-2579x153;40f0003a-911f-010c-e40e-b1e4cf547976;132.161.245.208
jerry38@example.com;545.996.4957;55faec0b-b2e7-569b-cdb8-9a8e1d90f51d;167.151.247.9
jamesperez@example.net;(231)508-8410x92853;0f97222c-394a-1402-04cf-0cd4172470c1;154.49.80.245
richardsonchristina@example.net;343.764.5879x10665;cca27279-c9d5-a193-619f-65a390178efb;150.42.46.207
jesus63@example.org;001-830-744-1752;742db63e-4e23-7074-ecd1-db7b6bd6dc85;214.247.102.105
royandrews@example.com;810-778-6874x8169;c46f4a0d-93cd-d654-9a59-771b873ec13c;210.247.161.75
hnguyen@example.org;001-760-973-3339x21616;2a6f17a0-8534-f599-403b-831d3d8722a4;188.243.168.30
mitchellbeth@example.net;436.914.3233;fe15f7b8-7feb-b42e-8d47-4db3f4664c35;2.211.249.221
davidrobbins@example.net;(470)345-9004x1548;74e0dc9b-9611-9f6f-dade-bc35163a5324;69.224.252.252
ashley12@example.org;(559)220-5502;70f77dcd-5306-c6a5-3ea1-9e70189cc5ee;178.201.176.123
willisashley@example.org;+1-730-265-8607x190;434a7532-6c66-33e2-d5f3-5e5b70d235fd;162.166.134.92
sara08@example.com;001-233-621-6087x2681;675c0b72-5f89-35ad-e743-83ad44614cef;201.252.135.144
darrell36@example.org;+1-460-225-0085x504;3474d46c-51c5-6014-1e60-2ee3e88265ed;212.229.4.25
leesuzanne@example.org;(993)578-1069;82a65275-a16c-d73e-55c1-62e150950ed8;130.10.54.93
fwatson@example.net;+1-809-366-4809x6909;3ad34f8f-d7b0-b275-4b17-6c0af2f6ee51;208.8.3.84
gwashington@example.net;+1-477-517-5452x815;27a981ab-e8fb-0fa5-4824-d30b28ea348d;180.53.119.29
aaron81@example.com;367.504.2959x437;0501ef23-a79f-e465-d8ae-e1cf28032d74;188.45.204.78
kim94@example.com;3963779559;3d4e2802-7412-db22-70da-4508db98a5ce;126.207.250.132
richard88@example.net;354.937.9990;06c6c4c9-d0c0-4e43-0eee-8d2be936f8ba;144.92.175.38
jeremybuck@example.net;(544)659-7595x7808;82603964-7649-ed1a-6511-7b712276597b;202.213.200.162
michaelmitchell@example.org;409-300-5549x727;2da1f438-4944-4238-d7a7-fc3b7901593e;136.125.157.194
amanda84@example.org;+1-355-319-3467x816;de741d78-ca5e-3ddc-449d-9cc7ba3e747f;188.243.211.57
jacobsdominique@example.org;556-800-3315;3c79c219-1424-0617-f3ea-919d21a5fa54;152.111.76.16
kibarra@example.net;001-501-827-1069x62458;c4c55f5d-8d73-6196-9105-99f0986a5557;188.252.13.144
andrew43@example.com;5739848148;a416b687-2c4b-35f7-c228-8810f4096f26;218.56.127.249
lammark@example.net;001-335-484-8302x538;f39a845f-6cc4-32af-f49b-4c6ae213c338;12.211.157.55
kellyfrancis@example.net;(333)291-0763x8336;c1bd94a1-24ca-fda6-52bf-9ac8504d01f4;31.41.182.61
kyle46@example.org;+1-906-715-6475x180;5d5313f6-a464-f45e-e2c6-49e3cfa04b07;216.141.214.192
seanroberts@example.org;+1-611-358-1230x7033;70d8968c-e47b-b997-cc2f-596a6bd659a7;166.252.111.33
aliciamiller@example.com;314-521-3808x64525;7d468a0f-42ae-c7b4-90b3-af4671788ba7;194.74.182.15
jackweaver@example.net;531-695-1271x40333;af7babb1-9332-8a42-02f9-405f12d124fa;43.62.183.67
kelsey48@example.net;(800)726-3393x3852;30cfb645-ba78-6924-fa75-d0a4f681a6da;178.45.239.69
dbright@example.org;(734)365-2682x96488;733e6839-96f4-9042-8234-db003e94dd36;216.126.253.248
marydelgado@example.com;+1-893-810-6044;267a0d78-a5f8-0b6b-d83a-0192175f8c62;206.74.246.194
harrisonmichael@example.net;803-505-0022x635;04d4d38f-13c3-604d-db52-c080c8ff4486;161.164.2.12
mary24@example.org;263-489-1563;0a21331f-c9ee-9af6-5163-1a282470a541;203.73.6.125
bradfordamanda@example.net;500-230-4170x903;bc8de75d-427f-472e-a273-b1fb601bbe01;29.195.254.183
melissa51@example.com;+1-800-359-3256x939;e6def165-0fa6-50ad-13fd-62b92722e02d;141.15.33.181
juanhenson@example.net;260-857-8674x3396;e66af21b-0154-9774-6719-6cd39553962b;39.120.240.36
kathymason@example.org;939-632-4839x11285;f6f974bb-6d68-fa52-6a21-3bff73d701f8;214.28.163.180
jamie32@example.net;+1-310-974-9278x308;8481f0b6-a178-1ba5-5ea7-a0d1e1143302;192.19.173.70
angelabrown@example.org;(746)856-4975;432c929a-ac1b-74a0-42ad-9b14d07e8b4d;212.80.43.254
myerschristopher@example.com;569.782.3203x611;dc827260-513b-3b79-5a9a-2e577339169e;205.168.89.104
brittanygreen@example.net;661.333.7655;5d30eed4-3078-82f9-ce1b-e92ecca53ffe;59.242.180.144
samuel61@example.com;(828)554-2555;b937a8ef-1301-0a8e-91a9-5612d892186a;95.146.146.56
browningthomas@example.net;983-233-3306;fcdb05ec-81d2-334f-ba71-b3e0ad08f27d;196.246.225.242
priscilla18@example.org;+1-822-539-1448x921;265479b3-f27f-7150-c9d9-89a2247167a3;220.138.157.165
jacksondavid@example.net;(489)563-7321x44756;eb72b102-0750-69d3-52cf-264a3f1c3c20;186.246.155.150
chelseamartin@example.com;825-491-0465x64596;40dd8508-0309-8331-4beb-6f62ef266fd3;60.162.7.25
steven08@example.org;001-405-407-6777x7597;8c518035-6d37-789d-6da1-bbb310b1b9b4;218.173.118.201
xoneill@example.org;(546)502-2151x44466;f236222c-9669-8ef9-9abe-23ac5c16351c;221.175.152.102
deanna20@example.net;774-241-7806x246;8f8398a4-c0be-e76f-94ea-f44fb43f2b94;220.0.45.223
myersjennifer@example.net;810-778-6874x8169;c46f4a0d-93cd-d654-9a59-771b873ec13c;92.18.24.147
isaiahmathis@example.com;916-424-1651x827;92283277-0f6b-ec02-f90a-7a5c191e8518;24.56.103.37
jlee@example.com;322.781.9032x543;748904be-84ff-1dfd-fd41-9fe4d64fe961;183.221.134.34
vicki17@example.net;(720)386-9766;aa325d08-d4a5-db92-d33a-06ee20122940;142.42.84.181
gabrieldiaz@example.org;+1-900-417-9710;4f2e2ba1-731f-7eb5-7bd3-08fe8a72d62f;28.54.211.73
jason42@example.org;(699)874-3379;26d000ec-534e-fa5d-83ce-c5643f87eb32;206.97.153.199
ypayne@example.net;9866275113;1483d00c-0d7a-5103-3f8b-5c6c23fb99aa;218.170.82.181
hesterstephen@example.net;001-618-204-0758x4764;97c55878-5259-d74e-cf2e-c557b87bbd3e;207.230.97.128
christopher32@example.com;+1-575-219-5292;e52d0eb6-67f3-01ee-0f53-747239615da2;153.122.167.195
marshalldouglas@example.org;+1-895-963-1881x8995;957ea281-5885-f870-ab0a-f48af4edae69;200.95.117.175
tspencer@example.net;+1-780-900-1132x0163;4dfa3334-b3af-0d72-fd4f-3e7526651202;214.124.163.96
curtiselizabeth@example.com;(610)393-5609x35189;d9d43ba4-b123-5095-b09a-ab27eaeac52f;175.114.246.139
alex48@example.org;850-228-0139x5562;e6def165-0fa6-50ad-13fd-62b92722e02d;141.15.33.181
david64@example.com;568-656-4932;ba3dba07-2ffc-c680-481e-9c5bac118bea;165.50.52.91
walter23@example.net;+1-249-682-3821;a50ceaae-19c3-fd30-410d-786efe683b36;74.206.114.192
kevinpalmer@example.net;7492094959;7314683a-bac3-d021-b1ae-26eddeb4a1af;133.24.89.141
johngreen@example.org;(716)884-0056x1187;c8d7a8f3-ea97-ad82-d51c-bff2c2b474ca;187.152.111.165
gomeznancy@example.org;(718)863-3758x058;087de185-00c4-4bd0-616e-b69373ca30f2;109.71.165.99
fosterandrew@example.net;(860)531-7259;9a992895-4b72-b339-1c06-f4c4339656e0;181.152.63.170
christiandoyle@example.com;395-553-9901x4673;f81c7c9d-30f5-3266-79ce-e8e561728153;194.183.145.114
david98@example.org;691-506-1252;c8b69176-6057-30ca-c687-c79c64fa1afc;125.86.131.163
poliver@example.com;+1-592-752-8878;7068c5c5-4abb-4c9e-14ad-573435d73d39;195.148.59.14
wendy08@example.com;852.292.6471x4013;be15201e-081d-48a6-d10f-9343f2e5bc48;208.211.107.248
crosscassandra@example.com;868.440.5024x01722;0271154a-1c45-ee8d-8b60-a1f62b4fdaa8;203.220.140.29
gutierreznicholas@example.com;727.851.8156x9827;1c7f0eff-32e9-c43e-c48d-48d61ce3595b;172.171.128.88
lindajackson@example.org;504.848.5167x950;5545be7f-07b4-3c59-78cc-7fb3a818c150;194.101.46.248
murphyjoshua@example.com;644-480-2893;6ca9864c-4288-24c3-49cf-d8497ee1a5b1;151.123.24.86
hhayes@example.org;(620)565-4688;21819ebf-f87a-b017-d6d8-93df8235f241;164.234.169.4
revans@example.org;(312)403-3003x79458;1495dc14-18ea-74cd-5ed3-3b2cbbad609d;220.40.248.39
nguyenronald@example.org;001-430-296-7179x79132;d71c5d2d-842d-d1e4-8cca-db8b02ba912b;9.110.109.62
bryan35@example.org;001-678-674-8777x05921;26043441-b91f-f39b-faa2-4c10c2126e39;30.53.252.51
ncooper@example.com;572-849-0809x8826;48078bef-8db9-551c-0797-1417dc4f6058;91.37.178.24
rsimpson@example.net;001-804-355-0097x988;53f62149-9bad-770a-d54d-82fc43ead11f;151.175.138.192
lopezalisha@example.net;911.874.6654;99d3ae81-41e5-6f82-ac39-67d00173c4d4;134.227.144.218
lisarivers@example.org;001-247-905-3945x90960;b4f38ade-21d9-f128-1132-c74c892646da;95.229.201.110
rosariomichelle@example.org;817.659.4961;90529b85-834e-fa54-4009-d6e689f21615;200.15.66.51
baxtermatthew@example.com;001-623-773-3645;1810e3c5-cdfe-5753-f030-083335650844;165.136.52.49
seanschaefer@example.com;930.282.8786x15887;d5dd6876-b6c3-902f-c665-3a5b535206d5;152.57.19.214
awarner@example.com;+1-550-928-3782x4037;0862c8db-e37f-f49b-927c-938d32327b90;175.19.217.72
tpatel@example.org;812.355.0839x6900;ceb0db3c-4a88-0359-828e-c990ae5ebc52;212.195.45.160
scottzachary@example.com;279.315.6668x104;e49b2066-7226-d6de-8792-5521f90d6833;73.131.22.214
jgonzalez@example.com;573-524-2572;7c1636b2-9db0-a704-46f8-01279921e2fc;74.73.12.76
mckenzieelizabeth@example.com;(847)536-6937;eb38cbf1-b8bb-adcb-5418-faff09965bda;211.151.249.199
ryan41@example.net;2502297355;d062e6ea-e767-1ac6-75ad-4911d95d7094;220.14.242.180
rjordan@example.net;(238)654-7567;697f2741-302e-9fc5-71f0-d97362cd9814;153.134.74.166
ashley23@example.com;(475)487-3415x2639;f05df025-2ba3-1f61-b514-2c5741bd2ef7;200.48.93.219
sherry91@example.org;443-662-5733x1945;f0a0666d-2ce7-c6e3-b3cf-361f05b6a9de;181.209.218.69
vkennedy@example.net;001-523-242-0773;e001fe68-a4ea-993e-3801-bc93ecb7675b;197.56.130.165
brownryan@example.com;001-247-810-4213x99219;f54b51a0-fe89-b609-5773-d659d0ab79c0;21.143.159.165
popedustin@example.net;4653352782;d3a81f28-423f-acfb-ca3c-3e35daea2a59;152.152.127.225
christopher44@example.net;610-458-1866;4c975dae-d86f-2f13-6134-3588a73d05dd;146.142.56.12
timothyvaldez@example.com;(586)452-4062x7531;facd89b3-c6dd-55b3-f52f-2f496022352f;186.72.68.198
tamara56@example.com;943-924-6830;5f840ee1-03c5-5f27-77fd-84d0fd970839;189.91.238.229
pmcgee@example.org;289-708-5882;565ce000-8503-690d-3162-7d56bd79879e;182.36.8.77
adambraun@example.com;465-334-7161x4054;3541873d-f6f3-1fa4-6902-e0157c70d62d;153.234.40.180
robertellison@example.com;507-934-1871x921;b04aa519-9617-eb90-d9e2-173b6d87bb9e;193.103.153.92
zmassey@example.org;001-284-347-6796x6610;2de245b2-2ecb-f912-911e-798b400e9fc1;200.249.225.164
sean64@example.com;(921)778-7297;f13d3b9c-f3c0-ed32-c17b-daa1c24690d1;187.147.181.162
tmueller@example.net;390.979.4242x39077;299c4731-1edb-1a7b-d433-e1037429bfbc;102.105.47.176
edoyle@example.org;001-805-696-5847x816;9c8a1f4b-7a31-1052-7f93-8c651fc78e60;25.199.116.95
diane45@example.net;+1-542-991-7272x52567;91aa39c3-aa7d-5aa9-44f5-be7460850d2f;196.127.224.95
herrerajoshua@example.com;001-240-709-5118x73591;89e01d3a-6f15-51f3-1e11-206388540754;93.137.98.71
nelsonscott@example.org;001-477-925-3820;eed33357-ef2a-73b3-14e8-b27bb399d380;207.217.194.63
robertsjames@example.net;+1-425-491-6038;d768ab6f-51f0-26fe-3a34-f9d022d40fdc;217.115.246.63
joycejohnson@example.com;001-718-342-1247x43296;a051287e-65c5-271a-4008-c184b9cc65e9;9.28.252.88
joshuapalmer@example.org;3955528995;7939f0aa-edb7-be09-563e-826ab5678f79;203.134.241.253
ashleysalazar@example.org;368.975.2508x63927;56b93829-d3b7-cfc6-6987-87c839b13ae6;193.147.12.203
melissaroberts@example.org;001-751-380-6877;721a256c-717f-ceca-576d-7d47bf3917df;206.44.225.36
jennifer38@example.org;+1-297-396-3290x2501;a187e699-b13f-cd64-6e12-10782aa2eb55;19.176.255.91
thomascarroll@example.com;353-723-5387x1327;11981be1-983e-a4e6-04a8-ab88e577842a;216.238.217.159
qmiller@example.net;843.497.6479x0040;478e4213-5d08-60bc-ccf8-1a33936b7472;222.64.2.161
abaker@example.org;666.375.3275x9164;265479b3-f27f-7150-c9d9-89a2247167a3;68.157.71.206
janet22@example.com;779-368-5947x2093;fd106209-95a6-9e89-1adc-a463fc05ade3;96.108.241.214
wesleyburke@example.net;748-788-9814x912;a37ce79a-55d7-8771-7241-580f4175f187;215.170.176.17
joshua25@example.com;673-775-1407;7b23bad3-00dc-267a-b292-36af3f1ecc80;210.107.149.200
veronica76@example.org;286.265.9584x550;9cd4398b-0550-0afb-0cea-7179651ed706;216.187.12.218
keithortega@example.com;(676)964-1061x19125;496dab3b-46e2-f1b0-f62b-67b2d2b97e7e;107.68.182.233
wendy20@example.net;933.598.4806;c3ae42f1-2a58-50e2-57a9-26225cbae233;202.46.120.202
victoria73@example.com;001-637-421-6774x4435;c93dc780-04bf-f0fb-3d50-551ab0eb51a3;30.202.254.189
gonzalezdawn@example.net;001-694-499-7611x74385;d8aff3db-0106-e8bd-b491-3760bfe89bbb;139.120.202.147
gary88@example.net;684.613.7114;556d3b65-1d3f-bc3e-2f5a-fa624c4f1a77;212.108.185.75
uhansen@example.com;+1-540-741-7102x7076;333fc5d5-25a2-9957-013f-613a04250234;204.135.196.118
djohnson@example.org;645-670-6983x4072;0b958ce2-11b3-f03a-a8f5-3ad2bb596b72;132.189.195.131
brittany56@example.com;782.707.3996;f9370df8-3939-9db8-158e-1dc3423b4187;20.49.200.107
qarroyo@example.org;821.411.9264x754;2befba36-dc8e-d1c0-c7ab-d98cfa4e0669;192.115.73.110
leedavid@example.com;(959)836-4190x0938;29f1266d-bed6-c3d7-c82d-9cebab4fee7b;154.189.85.101
qsullivan@example.net;(801)991-0919;d9b4f35e-7cf4-9c81-e287-1015602e3f55;137.67.44.107
meyerdiana@example.com;(262)800-6173x14267;88a36fd6-5fe3-ad14-e0a6-c23b7f123aec;144.237.91.185
michaelpowell@example.org;972.346.1738x358;52c11a80-f9a9-14d4-f4b5-50eb2433ea3e;90.250.169.173
rmoreno@example.net;743-951-4727x84151;99544a12-c06d-a1d5-2331-ffa6289860c2;222.153.43.176
kelsey84@example.net;338.587.1408x9195;657919bc-ea2e-c657-3d12-bf3aa143736f;84.211.84.240
christopher59@example.com;(282)630-9992x26044;29794dcb-0dc1-dec1-8e95-35cf3c41e6fa;185.150.219.241
johnsonbrian@example.org;745-979-5414;2f96ccbc-a77f-e9e1-9e11-3690a9a7500b;123.60.206.212
hkeller@example.net;+1-658-937-0454x94829;fc99c844-fcc1-e953-74b7-81eaf510c7aa;94.33.248.20
gonzalezphilip@example.net;359.523.3752x436;539aa3b5-00ce-6fb6-8283-600eb12b49b1;139.6.220.132
kelleyaaron@example.net;382.998.9596;6ed5135f-b832-4e23-878f-53fe04350f9f;209.157.37.1
psmith@example.org;001-488-889-7024x39522;d654b7f4-2cff-46b9-c7ff-ec803afe1c28;141.41.30.161
pstewart@example.com;+1-808-251-0855;2829923c-df36-4efa-132f-9d2a5c54eb87;199.214.80.231
hallmichael@example.org;8539476473;0c8d2529-7755-c2be-c063-3e67679ae355;109.178.114.109
lbrown@example.com;839.301.5528;8d86e29a-b946-208e-23b7-7091ae8249b7;131.149.30.158
charlottelee@example.org;277-404-9425x75431;744b8f8a-31e1-83cd-5bed-fec42c66fedb;207.243.121.52
ashley47@example.org;477.213.0145;45ba87d0-71c2-356f-8ef4-4505742a6bb4;145.200.226.86
charles79@example.net;001-480-814-9644x07439;1ec4318a-8215-4fb8-2140-13ecb13b538a;208.76.139.242
elliotthannah@example.com;(804)419-4478;84432c81-f52d-38e7-357c-bb65f22414d7;180.10.34.229
pdavis@example.org;(420)295-8709x75704;37ebf2fe-e0bf-94a4-ab77-0a1ab6c70013;215.146.170.213
woodslatasha@example.net;648.751.0902x97339;afb50597-6ed3-7547-e2e4-0dd126446057;156.237.195.37
vazquezbrian@example.com;+1-355-307-2281;27544f1b-2f44-ebba-3bb0-2ece5cbc2588;200.241.153.2
madison31@example.com;727.853.3071;21ad7347-ddf5-38af-ea1b-56261a4a5a1b;214.145.4.77
crystalschaefer@example.org;234.712.3136;ef738ae5-6019-aac2-643d-0e9765113628;213.244.155.107
rebeccachoi@example.net;001-449-744-9810x107;a0a7cf1c-5c87-fba2-2caf-3ca317652d43;136.177.236.169
kaylarusso@example.net;556-890-4488x984;4d0cf588-1b0c-7e50-d2a9-183b4a5c865c;213.186.69.172
cathy26@example.org;535-894-3092;c84eacc4-697a-d315-d62f-8f24e4da61a4;189.227.79.105
creyes@example.org;869.678.7330x0308;eea9ba6a-6c6b-1f74-b315-818a46037eae;174.62.84.80
xmorgan@example.com;+1-598-210-7278x6191;3359f84c-017d-d6d8-8841-ece2ac0f048e;65.235.120.132
laurasingh@example.net;001-714-348-0830x926;ae0f0db3-1d30-02c2-b3a0-37f7654c06b1;170.67.139.70
april60@example.net;001-519-994-8406x284;e44f06ac-bf53-af13-1c7e-09a5536bb46f;207.212.223.175
johnprice@example.net;8118841139;025bdf02-a58d-ef1a-0ed9-6407407ec880;20.68.228.68
zacharyramos@example.net;(313)452-8723x62780;0c377754-9dae-6f22-b5f6-d0415133d1ee;188.132.100.17
msparks@example.org;551-573-3149;127dcf4a-e24a-62d3-e0b6-d28da9a41404;72.242.178.45
robertlopez@example.org;+1-614-381-8795;2ebc4302-1f9e-598c-00e5-331347270a17;60.7.81.232
russell40@example.org;581.833.5520;5d6c9226-dcf6-05a6-9322-22bdc57a9701;215.163.105.190
garciamichael@example.com;+1-659-309-3205x791;9a8159b6-3d1d-8d53-08ab-7a87e63c85b5;199.66.249.236
bonniejackson@example.net;(655)414-2448x2344;c3e3868b-0a26-8b59-e3e6-0c7d42daf428;114.55.66.54
martinezelizabeth@example.org;+1-264-726-4959x969;66479f30-2c40-f86a-998b-44a264803c13;169.17.192.164
burnskenneth@example.com;+1-844-479-1352x58350;6eacde2c-913d-e51e-0b8f-61b7cb8999f6;48.247.33.94
fuenteselizabeth@example.org;+1-705-701-6841x1652;cf05c3b0-25af-87d5-6644-a10db6389974;109.206.187.84
coxjenny@example.org;001-942-274-5975x746;bf2e5466-a310-8ec5-a951-600292b9fa9a;183.250.103.200
stephaniethompson@example.org;(925)372-9636x75053;052ac6fc-da89-329d-998d-ba2e34c19415;130.50.44.83
bmorgan@example.com;(411)638-4771;a82588ba-30a4-4984-3745-25be96dc90e3;57.120.67.183
jwheeler@example.org;250-713-4931;f8c0685e-ad27-38fe-0484-f1778fdbbe8e;222.30.235.38
haileyross@example.com;250-829-2495x43946;89fe65c1-f717-62e9-dcfe-fba2d29a7d55;93.206.92.55
michelledavis@example.com;655-576-9469x71049;1e9068a3-aab1-1762-7012-655a41c84d5e;209.1.246.148
emilyjackson@example.com;+1-882-665-4787x262;b6f33a71-d5fa-6aef-9622-20d40efbcce8;116.75.180.8
cameron50@example.org;771-613-6381x24471;6da5d662-a494-1a71-227d-2add8307d824;132.8.125.103
garylevy@example.org;874-505-2942;9b2de011-6171-d498-3a6e-74fe24f45029;210.195.186.109
gmcclain@example.org;737.834.6303x487;139e3ca7-54f1-2f3a-c026-f5a3854cbe2a;202.177.138.254
edwardsrobert@example.org;+1-202-633-5890;379ca961-7257-74f2-0da4-98c7cfdeff8c;203.0.28.253
bailey98@example.net;568-542-3197x77954;e4a6cad3-3171-9f29-a36a-143ff109efa9;67.237.57.83
chavezrachel@example.org;001-856-265-0140x8578;6dbf2120-6cf5-009c-a7be-a5e0dc31c285;81.79.23.170
phillipturner@example.net;001-353-308-0834x887;dab8f1f0-ff74-3f4f-b3ce-4ef0fee008af;137.198.12.90
underwoodkrista@example.com;428-966-0746x358;0ae3e157-1bfa-8fff-520c-6ba5e1c4ca13;169.234.124.128
daniel68@example.net;001-502-753-2309x8378;560ad4b2-a24d-c6e3-bf53-74ef37e1822c;198.7.239.163
ithompson@example.net;840-421-7888x635;88bcba71-4693-a29c-93c4-b6e24e0fe1d8;192.98.176.169
huffbrian@example.net;616-587-8272;9dfadfb8-fdca-85ea-8221-c1065f448404;194.18.110.190
rrodriguez@example.net;+1-313-719-5222x75659;2ef6e0db-bac2-fedf-b4d5-6d52030b3697;171.38.63.248
lisacarr@example.org;(880)835-4969x71555;abf1b187-a8ed-ce9f-7754-c0f77f64495e;216.145.172.11
bfrank@example.net;657.709.4387;398c6f63-88a0-b0cc-bdd4-2d3c9bef0a03;190.245.187.38
jessicathomas@example.org;+1-213-966-5679;1b038d86-e584-0f11-866c-29669a82878d;183.33.104.207
kimberlyfuller@example.net;482.633.8617;08431b91-cd56-4dc0-1865-e524b6742c57;218.128.38.104
brianwalton@example.net;(367)292-2536;68d96860-2f85-93fa-93a2-21d979cb6cc3;129.136.220.221
jacksonkurt@example.com;659.647.6982x871;ed4bf513-4494-d284-c54e-95a11c662988;30.188.197.167
jeffreymccoy@example.org;(792)603-3430;6f1a1b80-b65f-6184-eb21-04c6b3ed5c6e;187.73.118.7
hardydennis@example.com;6355307859;825b0a40-5f66-99aa-2e5a-565324e68f10;174.113.209.252
bkelly@example.com;695-639-7079x150;bdaba8bd-90bc-86f4-c904-464ff73a25f8;96.144.76.17
amber93@example.org;(825)400-8444x6807;ddd414e6-6332-d5f2-9a07-f1f049690aec;68.118.68.216
kristen31@example.net;001-694-231-1575x93924;8420f1f2-d2fd-02ce-d8fb-7e4ea8860392;26.120.233.220
jamie79@example.org;217.726.3858x4000;66a9839e-787f-4faf-a532-960497f891c1;75.97.123.42
daniellehorn@example.net;(314)429-1433;f92ca924-d218-c403-872f-07c30d2ead56;215.178.132.161
sarahhuff@example.com;001-248-379-5185x346;5d12ac07-de27-b534-0a70-653e937f46d5;198.161.186.128
mroberts@example.net;555.643.5872;d26c7a84-d21e-63c4-0d0b-fc665bfa44d4;5.56.251.82
vturner@example.org;673-688-4450x3774;c29f8526-d9bf-9613-f167-442c08bf8512;158.150.139.35
mitchell52@example.org;496.756.8145x7111;96b7ddc7-1696-3fbb-6088-4944697264af;150.32.246.220
diaztyler@example.net;+1-679-972-8162;5726a7c5-73ff-b8eb-e740-43e5db5fdcdb;152.178.35.104
longlisa@example.org;468.410.6718;555026bd-9379-a05f-a9e1-2cf617c1f4f1;215.172.210.195
vegasamantha@example.org;507-305-3248;17f56168-c76e-7dc6-0a1b-9a1d65708429;70.245.227.167
heather67@example.org;001-409-598-9140x316;b50f1eda-7032-62cb-96b9-89f56b54dc21;66.168.166.81
nicholas18@example.net;567.536.3046x45104;71fd506d-74a3-5874-5b95-45a50b5cf2c3;189.161.255.242
yangangela@example.org;300-932-4709x782;7a984873-db84-c949-17b2-13821f7950d7;180.183.180.49
leonardyork@example.org;(658)794-2138x26966;037bbae6-bca6-0d41-c2e5-a3bcd619267b;194.199.230.139
laurasmith@example.org;459-600-3524;a23ccdbe-511b-c451-236b-b9f6d984315d;91.22.169.10
jeremywatts@example.org;4327443349;4d602f60-9a74-72be-db9c-cdc27481b952;217.87.176.14
bryantregina@example.com;(346)830-2952x211;79eb2aff-af07-fb71-7d76-c9c83e2849c5;104.190.75.201
joann84@example.org;550-897-4136;f845d67b-92a7-acd3-7e50-5bdf4dae900a;177.92.212.191
michelewalker@example.net;529-559-3286;92c9c90f-0853-f3eb-76f7-339d39728886;143.199.48.37
ysimpson@example.net;+1-239-386-6015x67720;784bb2e5-b0f2-df7c-f684-0522e47e3ba6;151.34.107.187
stonejacob@example.org;+1-885-610-2912x6200;de9d7756-9f46-1202-d8ec-d482214b50e3;135.74.148.151
moralestravis@example.org;441.334.9946x2069;0edfda6a-40d8-cdf8-d2ff-a8d6dfeb30f3;86.205.246.231
hannahstephens@example.net;001-389-758-2529x9395;67d73c58-4777-e04a-4d78-c460903879ea;56.119.92.185
edwin72@example.net;001-730-717-3558x2934;6d61e937-5f60-316f-c9ee-b3bbbdec2f8c;169.38.8.75
parkerkellie@example.org;492-701-2014x616;6cd2ad35-fc5d-cdd5-f1ea-b4b2cda9e03d;159.233.184.55
christopherwilson@example.com;+1-822-902-5710;a7097334-ebe2-6c22-dac0-0b537b1a00b6;218.204.163.201
hudsonmark@example.com;+1-992-235-8709x4617;947c49f4-aa4f-ae60-a2f8-2e4f80350fcb;73.24.254.36
inguyen@example.net;757.633.9011;85401335-7436-9a49-349c-24dbf6a4f470;213.156.193.113
rogerscassie@example.org;001-443-730-0005x7353;d8562b73-8ff8-07c2-347f-3232e386135d;212.155.245.228
bakerlaura@example.com;470-235-6378x303;912020ab-358f-80bd-0c8d-e3845cb74aed;144.232.243.104
tlopez@example.net;(310)370-5197x810;2914560f-ba48-3c7d-0cb5-5ecccf08b26a;166.56.177.183
deborahhamilton@example.org;340-666-7112;c8a6eaaa-8cbc-8285-b1aa-e65bfb142f70;131.177.54.209
gordonamber@example.net;(312)706-4267x1832;67829550-b8f8-6964-b08a-2564b62c363b;55.219.145.125
thomas92@example.net;+1-450-553-8784x5555;a9a9ef40-e1eb-91a3-51de-6ddbeb0de4d3;7.57.30.129
mrose@example.com;9169424423;bc1a8613-45ab-5d68-4c3e-435619d8c54f;69.63.181.159
jesussloan@example.com;486.335.0745;4cd09419-9d75-eb8d-cd29-c88ba51bb0b3;82.255.100.75
ispencer@example.net;001-322-483-3511;74a337aa-14ae-d215-dedf-681df4fa47bd;72.109.22.182
morgan52@example.net;381.667.2786;00ee36a7-175f-7e5c-39ed-30d322438c37;122.229.172.199
thomaslopez@example.net;(535)530-3858;99dcc686-d111-688a-d506-050289afd9a4;204.59.20.41
dustinpatterson@example.com;+1-579-782-1789;db77729a-31b4-f60f-9e20-c82f416802c7;145.27.53.197
stevenwalker@example.com;+1-559-928-7521x5804;e0271b6c-22eb-c54b-27df-615557e40567;132.229.206.230
kristenserrano@example.org;616-583-5517x5177;f08107c6-fba2-e250-bba5-3f418c475190;192.140.134.238
erichards@example.net;+1-484-209-2616x05465;13d881f2-b4ec-4827-f102-6813e08b1a69;33.139.49.1
julie63@example.net;2466488144;f7505b30-8b38-c796-5418-bb2cf11ce295;221.213.153.75
acompton@example.net;(631)361-6037x0041;7613a081-e10c-e015-af5d-64f05b988829;204.54.53.181
carl73@example.org;726.974.5094x62218;e45b9f0f-5ada-6b29-433f-12f5f464ce5a;49.185.226.187
larry22@example.org;7955813316;e46b6ea6-9687-3cd6-3c16-3a1c27d27f0d;100.48.96.152
baileykimberly@example.com;001-644-904-6264x557;50acf755-e26e-dafb-ac32-3a4bfc0b8d29;217.89.95.31
trivers@example.net;505-635-0954x47658;7967d11f-3828-573e-91d2-acf3c155695e;18.27.103.163
matthewlawson@example.com;+1-496-225-6284x0235;596227b4-ca26-db17-fd58-e5bdf98e42a5;205.141.76.45
stewarttimothy@example.org;940.768.2546;eae75999-8cb0-7790-e3f2-f2b36c1d9d2d;201.166.73.116
hwilkerson@example.org;7718547862;337c59dc-b60d-e3c0-a847-2cd4d3082a18;95.227.78.200
gshaw@example.org;975-580-6194x3659;aca4ce95-2bb3-9238-ccd7-cb1866969904;115.76.98.212
david29@example.com;001-669-295-7986x143;7bbb0191-8724-f6be-8205-e1f70662315c;206.253.164.52
lloydmichael@example.net;+1-513-932-0783x33637;4af4f01b-4bca-9030-4a85-948a75acbfa1;184.242.71.128
jane95@example.org;(516)807-5150;565ce000-8503-690d-3162-7d56bd79879e;66.235.204.187
ncameron@example.com;5669246525;d4ab87d3-38fc-b639-94d0-279ce42dc526;211.24.144.128
grahamgregory@example.org;853.980.7161;3240f30c-9543-e5d8-e5d4-5b125ef731ec;3.166.25.59
watsonellen@example.com;(928)475-7645;e516e264-c411-3670-493d-cd685f6181d2;8.71.54.18
xmyers@example.org;571-459-2295x3708;7e356c79-e2df-ddc5-355d-48b343463b84;221.139.9.103
mcguirerobert@example.org;001-910-371-2256;6068dd5b-a5db-1f09-857b-29adacac46bb;120.76.114.62
megan28@example.com;(980)602-6897;62d77fc4-b4b2-2c9e-e97a-d8904af85627;156.78.203.120
marvin81@example.com;324-557-8523;b4d5f39e-3c56-1dce-032d-6a1946f605ca;67.115.195.109
yrodriguez@example.org;001-744-205-7476;adf7c2ba-3013-69ff-0761-c961bea52f73;202.84.11.22
ffinley@example.com;718.521.8108;f644865c-0c1f-7fae-6836-22b56ce901f7;178.55.255.251
lwang@example.org;(502)356-1919x240;66d063f6-81b9-250e-1774-bb3751727237;43.181.125.88
iwebster@example.net;2765181612;7d4666aa-9db0-2200-bac3-3a6f4c3b0f39;180.78.250.116
holderrachel@example.com;(643)959-6344;f63a11b0-8d3a-e642-a3f4-b0c5082483f4;196.98.62.38
barroyo@example.org;424-229-5546x984;1c761884-025a-1413-1713-ce82aeb83b5a;223.233.134.150
maria38@example.com;+1-354-948-0703x97080;3f0c5d24-aeab-f38e-9f98-a496cdf0b17a;50.96.29.78
msingh@example.com;(533)859-0306x63350;49b498ac-a677-0999-ee24-8db42f5b66b8;167.50.51.28
craig29@example.com;+1-364-560-0993x14125;22ffa727-2f31-787f-c56d-ebd19543de7b;188.71.105.173
amber13@example.com;6258021704;f409ed71-6f39-f757-8520-52d1d5e0ceaa;199.73.232.175
cochrandawn@example.org;+1-445-657-1167;090be0f2-ea24-493c-9dbb-2b08379d4efc;140.116.116.4
jamie12@example.com;349.327.5555x9597;39d7ac89-6900-2d9c-0777-52307f5ffdef;194.135.215.43
melissa98@example.com;001-888-513-0310x3956;b862f59b-e288-ee94-625d-a3414bd49dcd;203.52.5.191
williamjones@example.com;9374499114;2400e8f3-3236-9008-abb4-dba319b24fd5;67.255.253.183
dianasingleton@example.com;535.884.0507;a9c73042-7b17-b3c4-19fe-381217323833;197.244.127.209
ssellers@example.net;827-252-8938;abf1b187-a8ed-ce9f-7754-c0f77f64495e;117.24.59.132
harveybrianna@example.com;855.641.5310x229;e4fd387b-4dad-5fc8-f483-1aacf16351eb;48.135.104.119
catherinebowers@example.com;8539476473;c365160e-5d20-61fc-9b1b-84438c81f10b;109.178.114.109
clarence74@example.org;568-656-4932;10c5797c-3d7c-5445-ff5a-881ffaefd468;197.129.252.137
houstonpamela@example.org;+1-486-331-9461x2401;f3955a9e-549d-7b56-f954-57fb0e081a5d;74.212.148.231
joseph21@example.com;8056512201;61d99ae7-f71b-67c2-2d4f-8450ed1402ef;39.74.199.113
andersonholly@example.org;001-230-310-8651x792;f803f9b4-1a75-867a-2cb7-5663a57990f7;212.207.222.123
nhall@example.com;731.528.1256;a430497b-da25-18ed-4342-009191f6dd35;185.241.255.37
christie76@example.net;+1-687-452-9900x8159;cae28c88-4abb-f292-1517-b2480fc861eb;75.191.4.82
smithkevin@example.org;(477)911-8476x4509;6604cd94-8a6c-8b83-e81f-b96759fdb33f;100.53.180.235
calhounmadeline@example.com;+1-869-967-9029x4413;f59f141d-ed63-85a1-59ef-78c67c8e7693;187.120.102.13
christopher81@example.org;(613)728-4853x8989;5faec419-163a-067b-6d40-d8d1447b0428;206.147.164.179
jeremiah52@example.org;+1-665-865-6826x55186;ed61b564-63b3-d613-abbe-5d26aadfeb81;130.252.73.100
cooksamantha@example.com;(733)369-6541x5961;9ee0a8b6-15f6-47cc-fc9f-48ca72a1a223;202.137.139.191
combsdonna@example.net;+1-633-957-1024;1ae04c25-4fd6-be07-7d6c-4877f2ad3f49;196.97.45.221
shelia03@example.org;299-809-5188x1439;19acfc78-35b5-f8a9-9c6a-301045cf96ae;14.22.201.107
colleenwong@example.com;001-744-593-8020x56022;a052d2fa-ed4a-109c-0917-3bb49f4ee558;201.231.54.223
ethanwilliamson@example.org;+1-248-395-1132;e84a2e5d-fa08-280b-41e8-c60a3e924a90;43.58.223.135
susanbauer@example.com;449-682-4790x95793;321d39c9-0f1d-4b79-d403-45120e9f6058;201.255.62.236
grahamkelli@example.org;(744)818-3727;5a9f43c0-bdb7-e5e8-302e-dbf414209915;190.216.240.213
marknelson@example.com;749.293.6343x900;1fcbdf98-5f2a-4ae6-9826-1bf1f55adf70;168.183.148.44
susanmanning@example.net;(447)963-4722x38501;f8ee02f4-5a3f-ed74-f06b-b213ddd03821;155.194.86.101
nancy48@example.org;248-988-3726x785;5952e94a-8868-a84e-039c-0ac51c55ed95;219.153.198.146
davidbraun@example.org;4742032316;c90b0d18-874a-fe2e-23b8-c4e3feea30b7;132.189.195.131
zcardenas@example.com;867-655-5531;523ab032-a140-0249-f57d-543145fcac38;202.116.12.222
maycindy@example.org;+1-327-605-8041x529;71da6c23-116e-20f9-630a-a1251405f314;97.83.63.223
aherrera@example.net;579.623.5347;2f11f771-ba28-16df-73e7-d9f711d36d54;210.101.249.192
award@example.org;001-705-757-0551;9977a92e-d706-d57f-d249-580ec9bf43f3;120.56.254.252
foxsophia@example.org;+1-390-541-1424x997;f821f25d-60e1-3f3c-e50e-347eb00506f0;218.76.254.26
martin78@example.com;001-464-830-9861x863;d3a9b3d4-a365-84e3-d16b-0a599ef65919;201.28.47.18
edwardslori@example.net;001-275-411-0355x6556;b7f6604c-2b34-98c7-3805-612d77a57512;200.106.81.82
jeffreymorales@example.com;(356)692-9730x15593;eb72b102-0750-69d3-52cf-264a3f1c3c20;173.138.244.93
michael72@example.net;213-978-1450x657;0d73a1c5-3b73-95af-9320-49d98912b392;43.47.155.196
rhondasmall@example.org;8798077456;12b6ae4a-e8b8-7e34-9516-d06c7c98ec13;88.213.52.147
matthewsjennifer@example.net;001-716-922-6849x64776;af22b966-49c9-df0c-0ae2-a9a099c5487f;206.44.46.197
andrejohnson@example.net;+1-921-351-8966x02118;8e4a9967-820b-46d5-733f-2fdaaa61bcdc;207.150.250.67
penajames@example.net;391-863-2949;f5e8ed01-4413-83dd-f58b-f985ff55a66a;180.188.148.48
karen09@example.net;+1-931-464-3432x7188;64fad4dd-b06f-781c-e728-e47063fc2fc5;181.247.228.52
holly63@example.org;(464)201-2953x24971;3283f1ba-dd03-43ed-7dd6-3a70646370b3;208.48.23.97
freemanjennifer@example.net;(307)379-5720x616;528b833c-09ed-9f69-d49c-5d0799be259f;14.239.129.203
thensley@example.com;+1-799-421-3579x0720;fce2b63f-4c42-4117-c88e-ccc31d3f9ef9;212.70.155.194
yfleming@example.com;(311)340-5651;351d6473-34a7-f6b0-5c5d-51f93965672f;84.75.188.210
xbell@example.com;741.722.0181x35143;b2392b69-13c0-0b4a-5d46-6ba01656f595;6.76.176.234
wadecindy@example.com;621-314-9568x1148;c95dbfb7-6b1b-d619-db26-35238f214583;151.170.214.211
patriciabrooks@example.com;+1-483-622-9676x490;62efa52d-a693-d46f-54a1-a7b89f8c60d7;133.104.70.129
dixonerika@example.net;715-769-6922x643;c76bbe92-b9c4-af90-02e3-bceadedb1fd3;150.103.1.27
martin20@example.net;001-995-713-2924;57c39b24-968d-5a61-0b6e-fddfffa10001;28.48.231.27
joneschristopher@example.org;8047331328;4b233611-b880-248b-bfd3-f61669c810a4;200.57.252.59
jonathan99@example.org;468-940-9281x0210;a018efda-e53d-a522-ab39-76df67de298f;167.141.184.98
rodrigueztyler@example.net;(342)373-1179x172;a5cea9b7-5219-e4ba-38fd-a56407160df7;3.167.7.78
thomasthompson@example.org;544-552-1705x74999;b08eca82-0e36-8169-59b1-569080bfb229;22.22.222.147
anthony71@example.net;981-234-6344x9568;258c1ea8-7f22-7a2c-9daf-516fd88867d4;81.4.40.228
gordonchristina@example.net;+1-275-678-8388x1812;da57da0b-aab3-14ce-6a25-22ba6ee1ded7;191.225.193.208
cnavarro@example.org;+1-351-416-1575x26496;8ca67d33-2873-e772-de6a-2a9ef69cecef;86.103.196.232
kalvarado@example.org;746-220-0923x48251;0bc69772-efdc-a540-35f7-18e7c4d7a1a8;40.151.62.67
nicole93@example.net;001-943-759-7715x3814;dbf4a29a-71a3-af4d-6990-13f887e43582;157.153.0.1
yvette19@example.net;001-386-939-1585x283;bf4368e5-0032-34a7-097e-58344cd54dcc;132.90.152.166
amber60@example.net;792.518.8218x42890;6cb3080a-55bf-7c5b-5351-f1f4d283e8e4;184.175.60.149
jbrown@example.net;632.899.9001x503;e4ef515f-5418-4da7-4f7f-dd0432bce6d8;103.171.184.0
sford@example.net;001-758-686-0360x48711;5a5b5995-32d5-2bf7-3f90-5984f7c458cb;194.160.5.182
cartermichael@example.com;822.286.3784x218;0b876652-06ba-331f-734e-fabdd1cf1292;11.66.109.247
garyryan@example.org;7433342797;174369dd-9622-f4ea-63b0-723109b0f647;96.197.128.230
kochkari@example.com;930-290-7812x3293;8a66cfad-eb9a-ecd1-b4c5-cfea09555e0d;83.28.28.217
scottharrington@example.net;384.575.9001x05936;0fd2fbc1-30e5-9d85-25be-172b62ac18e1;174.167.68.106
twilliams@example.org;001-869-785-0410x37642;7248ee43-8544-ee1e-b1e0-7aebe8d0f434;77.117.164.126
nmoody@example.com;+1-316-626-9024;7f0cc9f6-7b6a-fdf1-63fe-0ea32a726f89;157.55.205.76
joanne39@example.net;860-873-9890x1131;18aa2cad-f470-002c-3869-4a5e3c9cc986;206.181.159.46
claytondonna@example.net;2173025422;4d2d3d71-b49d-9b3a-b128-a6200577f9a7;58.192.96.137
tlopez@example.com;401-568-4766;0eb67421-5801-8086-e49f-beb992a307a4;163.139.19.63
jamesburke@example.org;(939)286-4554x2557;e51561ed-113b-50d9-5cd1-66f13e1a2ad4;181.228.131.47
combsdonna@example.net;+1-633-957-1024;1ae04c25-4fd6-be07-7d6c-4877f2ad3f49;76.170.47.190
andrewthomas@example.org;(828)631-5657;5c294ce2-f597-6fa3-ac5b-836044945255;180.188.4.93
brightmichael@example.com;927.568.5836;86b04119-10c6-a804-bd6a-83d441b00f80;175.125.35.90
michaelgonzales@example.org;001-594-899-5357x1505;68642e68-394d-ef08-c01e-28684d734531;22.18.164.170
debra62@example.com;001-292-455-1422;0ad7152d-4595-8a99-66ce-e721e74ec843;200.145.155.74
brycehooper@example.org;224.758.4687;7fbd9b2a-3319-356f-9cef-0c50267ae9f2;153.188.127.144
hollysandoval@example.org;(478)221-5354x3657;02387452-691f-46b1-3157-247ba2df219e;197.15.101.138
tbowman@example.com;7777991821;7c98897d-aece-369e-a8ef-b0be7bfd414c;210.185.11.196
eddie12@example.org;875.892.1982;28152af6-b26d-af25-8fce-6fa3e1be1d8a;47.84.220.242
katrina22@example.com;(389)393-8300;0c0d80ea-6880-0e17-84d6-f8da292c963f;38.174.160.179
amy93@example.org;650.991.5819;8e3fed76-f6f5-9394-66ff-91f9ba505fbf;214.104.222.26
shaun55@example.net;262.893.0769;60bbb203-c1d1-187b-b839-3ace04b7b381;132.70.114.168
aarongeorge@example.org;(428)381-4434x230;59aa56db-2b82-9b0f-e513-bddad0826bed;149.192.135.48
kwashington@example.org;(730)681-1102;8f0cf0e1-d139-a91a-044b-50c61b2e0290;197.246.4.240
lorianderson@example.com;220.613.0465;42ce4d05-ab68-29ff-c619-b407b938408a;187.122.140.199
meghan44@example.net;(401)720-3316x78703;98c9c971-de14-0968-74d0-fadd9f4204ad;196.228.221.41
boyerheather@example.com;001-528-490-1536;f22a367b-55f4-b66d-e850-d10dbf91d5bb;197.78.217.139
corydean@example.net;7005173337;d0105033-d389-7025-e2f3-a2ba1f049dec;69.160.126.74
davismichelle@example.org;+1-790-790-9147x1488;fff1eba7-9ed1-c405-28f1-e5211153693d;222.86.217.33
luis06@example.com;(636)318-1064;03d40313-219d-a8c4-e595-1b425f93894b;48.77.8.125
amanda63@example.net;001-888-210-7679x533;8903c91f-c1d9-b6a5-246a-44101848d711;156.110.41.98
pstewart@example.com;(431)708-2245x0858;2829923c-df36-4efa-132f-9d2a5c54eb87;212.70.104.114
ortizbrian@example.com;+1-663-970-7566x304;af15e02c-bd01-1343-cdab-3e2fab55514a;194.169.85.29
penningtonashley@example.com;8935903932;f70132e1-086a-7b3b-6cd1-c74982be9f32;26.109.110.63
sheri82@example.net;001-339-919-4908x013;53ae0f5a-92b6-7810-65e6-eacae5ef8686;211.140.153.154
bakerthomas@example.org;(831)963-1067x43967;e66923c5-a15e-2b67-ec6f-b459fbb0c8f1;13.241.136.69
xaustin@example.net;902.534.4281;7ee8f192-27ed-7602-b61a-ab93fe6a1e57;154.38.62.7
benjamin42@example.org;+1-733-915-3604;c5ee3619-9f1c-a90b-d918-8d8cecd21c42;100.236.137.175
montoyamichelle@example.net;798-790-9940x93488;a6022420-5788-2515-5e7e-c50717050ec5;79.241.202.21
trevorgarcia@example.net;(435)288-7634x7521;ed1cf668-2490-7c79-c702-647bbc1d5500;214.4.238.22
aaron25@example.org;4685395829;efbf0252-1d46-6ab7-5138-c10a1f5b13c2;84.8.22.7
davisjames@example.net;001-881-789-4230x0851;d9f4c968-d0da-0cb2-e40a-63924771e68f;100.172.66.36
heatherhawkins@example.net;001-516-882-3164x04598;3d338d56-afb2-7bc6-104d-9c7467590be3;152.0.118.128
joseph26@example.com;(828)631-5657;424a6318-9cc5-69a8-ea3f-028ef3187d5e;180.188.4.93
brandy00@example.com;(276)636-9778x08221;0e88281f-3e8e-fa2a-84d1-3969d0f9d3d8;221.232.57.216
aimee63@example.net;7552030671;d2b7041c-c643-b7d5-6945-c559f428403e;212.183.6.106
michaelgarcia@example.net;257.849.5662;6aff5ef5-72ef-a79b-bd7f-1e271794aa60;203.116.67.121
jose79@example.org;001-751-898-2696;b3176071-c970-3645-ea16-77f883d69efc;93.187.90.77
dawn95@example.com;721.933.9677x761;b1720562-4de4-c363-aa84-966167163d27;44.252.153.150
vasquezjeffrey@example.org;(577)692-3645;db452484-3119-7034-cbcf-8386bb93a93a;50.231.228.212
andrewmartin@example.net;(648)869-9827x67916;9ba1f459-04b5-240e-169a-c3badef29f8f;155.220.95.150
amitchell@example.com;523-947-6871x6667;c717e3c9-73d3-b3b0-9882-dc3a2ed5b0f4;159.196.156.100
mathewwhitney@example.com;(373)408-5848;e9108cf9-8188-2052-87c1-a7f3e942121e;176.22.12.22
keithortega@example.com;362-410-4123;496dab3b-46e2-f1b0-f62b-67b2d2b97e7e;107.68.182.233
tiffanybaker@example.net;485.588.3683x684;62a4ca35-e1ba-fdfe-298a-2bb8f409374a;213.252.105.195
michael69@example.net;833.795.2641x209;637addf1-e537-ce12-c591-ac005a6707e5;210.30.16.43
david09@example.com;3797520502;ea1f77d0-8883-c29d-9554-581188008c0d;210.106.216.89
ggarcia@example.net;845-493-8600;a3baa18a-a9fc-5d70-c42c-d1705d6e2e1b;210.253.112.206
david27@example.org;+1-513-377-1143x1967;ad66a03e-c198-ee5a-d5e7-56a19cf406c9;165.182.109.58
julie08@example.net;001-901-528-8891;c86693e2-afda-e71d-f10b-d899a5d0e12e;184.100.64.145
karaorr@example.com;387-368-5884x032;858a71f0-585c-6bba-6990-f445268e4e24;9.13.151.15
gonzalezdavid@example.org;(432)550-9254x43921;3cc7052e-c292-ff89-0d35-35d58494395d;203.66.31.171
kennethfranklin@example.org;508-390-8186x70783;708e8c77-8809-171b-0b09-580129f413af;203.156.27.154
johnday@example.org;+1-402-603-8830x45905;59c45df4-1d07-60fe-0d3a-217e8e8e8bb5;178.158.28.161
kristamorales@example.net;538-550-5183x423;cdda201b-1133-5bd0-c8a6-08d5b52f443f;135.159.122.213
vphillips@example.net;4502121065;bbd75a7e-b560-43c6-8cf2-cf4afddbab4f;172.42.83.124
thomaschristie@example.com;602.891.8004x5194;c7c99c0c-e375-c88c-2fe6-b32b2aeb3a69;89.159.37.69
lthompson@example.net;(427)884-1082;38c5d94a-795c-16c1-cf2b-89ad0cc0f5e5;6.170.49.172
wfigueroa@example.org;510.286.9775x227;e4a94bb4-46d3-ce15-f5c9-98f8dc8ee00d;8.217.123.244
brianjohnson@example.net;001-536-550-8994x60457;b06cbf41-9489-b238-5a7e-e6a0a7f1c816;45.104.96.104
diazmorgan@example.net;265-881-2341x51488;f1cf46db-3863-6600-5293-c723536eea20;203.201.212.151
stewartjohn@example.com;497-504-8894x648;4f483ee0-1895-0b59-8268-965d3e23417d;212.151.144.63
eric18@example.com;001-414-441-8571x04168;62852a84-70aa-b7e8-27da-44630b56981f;193.238.165.107
stephaniebrock@example.net;001-554-916-6065;342a2ce0-f2f7-d29c-f077-8ecfeba912cb;77.186.142.24
watkinseric@example.com;970-202-2318x998;dda414dc-477f-a1bf-4528-95dba646b414;66.253.208.193
zacharybarton@example.com;001-779-632-8951x451;5fe5c31c-0f5a-d17e-99db-58ca7ae84db8;153.24.141.99
eric55@example.com;921-509-6383x1865;051040b1-a37b-994c-497b-2fa72c120386;223.143.154.5
harveybrianna@example.com;393-638-2166;82cc7a5e-83ff-6160-e4e3-16b00ae9a0f7;144.122.167.59
johnsonsean@example.com;+1-808-565-7566x1598;8bb650b3-1174-aa06-2255-58b6fd0a74d8;207.124.122.193
reidvirginia@example.com;474-867-2084x868;101fdcdb-24d6-ad1b-5820-1c3e4d9e3b31;149.47.144.177
erinharper@example.net;(726)409-7175;d929f426-58f3-3469-f66f-48436da7fe66;63.66.76.100
samuel43@example.com;275-720-0018x60231;f387d416-d8fe-1c35-9e20-a1f07b99e824;139.215.160.175
john68@example.org;609.661.1554x601;e3a01277-7521-b76e-c4a3-3a3995d0936d;208.194.212.217
deanmegan@example.org;472-235-5810x604;08cd00d7-0373-1e11-bbea-2f511bbcb25b;195.62.52.32
deborahking@example.org;576-285-0310x263;67b12606-52b2-f9da-fc60-8bfa62351f81;213.235.77.47
lauren96@example.net;8954981451;fab74e23-0256-2727-3b01-4b7373afd677;84.0.198.187
fuentessandra@example.org;(213)893-6360x3104;139d812e-7489-a174-439b-4826462648bc;196.111.81.99
kortiz@example.com;001-889-961-6254x6720;2ecc1be4-87c6-2884-fcf7-0a5a5ac0ca84;41.252.76.211
jamesbird@example.com;576-375-7351x738;9d871b15-a0f4-8601-f3a7-e2174c617195;221.168.159.205
castillojonathan@example.net;887-432-0871x45437;51bd476e-6815-043d-15a4-52b6e393ec6e;209.13.179.107
ashleysalazar@example.org;603-720-9945;56b93829-d3b7-cfc6-6987-87c839b13ae6;43.30.97.150
whitepatrick@example.net;+1-236-631-0135;8614363a-0847-8b3d-15ea-44d0559a1783;221.156.144.62
dustin11@example.net;382.464.4892;936d0d0e-d3db-29be-e944-97f52fab53f1;210.86.49.40
millermary@example.net;4747346593;7b1d901d-3668-5683-569c-a2c951eb319e;146.25.76.227
pamelachang@example.com;796.368.2411x2233;800e4d5d-a5ea-02e4-cbea-343bfd2b1705;139.83.7.131
yoliver@example.com;999.208.0011x40900;ff2f9756-0e05-a504-13ab-c5c66c1c6822;17.146.12.189
amanda41@example.net;716.952.6126;19360360-02e0-1f70-8ff9-312bc19a1836;186.38.105.200
toddcarrie@example.org;334-881-0404;5f715535-2abf-2265-d60d-1f0791f7c091;165.109.157.79
edwardstammy@example.com;206-443-5494x85921;6d8f0c63-c48c-b73f-212c-77de4783dd93;218.228.230.27
wmiller@example.org;204-825-8118x36774;f7964e18-19f6-1550-6016-3b903514d432;151.116.61.136
wfoster@example.net;(449)805-0142;310e7568-fc04-0ccd-add7-7340a51329d2;146.165.69.43
wendy54@example.org;628-736-3119;af461186-a62e-12fb-18f4-cb3b0f282beb;161.122.29.167
andrew83@example.net;408-278-6245;26bc9e81-5da7-14e4-1a5b-38b5252ac4a6;206.134.229.98
dawnsparks@example.com;648.789.6529x4776;f0696582-7131-f7ca-9535-f036d76da8c7;202.80.161.65
michaeljenkins@example.net;+1-239-977-0580x7057;e6364197-dd5d-ecbf-eee2-d87b614397c3;84.97.22.177
xcohen@example.com;001-832-617-4946x6346;3f5b34d3-e053-ea9e-fb6a-ef456b1cd4af;119.124.226.72
hcarson@example.net;965-245-6325x435;3978f54a-cf5d-5f60-ff6a-122e5687f2e5;23.100.156.153
gregory55@example.org;(821)318-8790;352a9f62-aaa1-6d69-7600-bee08ac87522;209.123.105.3
willisnicole@example.org;(651)926-5104;6854eaa9-769c-dd13-1ba8-af08b57527e8;26.40.226.80
ylawson@example.net;6589146131;4919cfa1-fad5-c2a2-8dc6-f226fd510e1e;48.145.105.204
jenny94@example.net;(988)467-8937;f2eea1c8-d9c6-3970-2fc9-21f12c6903b0;118.73.176.132
jilllee@example.org;9448884919;c3e39ede-6a36-5822-cf13-f7f6e1aeefe4;60.215.224.94
emilymurray@example.com;001-418-794-3281;7b47dec1-879e-99ca-217f-7c808f3910ca;152.0.118.128
nhoffman@example.org;(948)888-1928;0863ddd4-2bae-1c21-5b57-b5fbe500ff08;80.137.125.5
watsonryan@example.org;627.511.0450x819;ff384d21-afd7-1cb0-4bf9-1600ce421bfc;179.197.196.38
ktrevino@example.net;391.597.3464x796;c8b44759-f539-9da1-33ab-25933f0a1567;20.219.192.246
lauren11@example.org;+1-242-626-9347x88112;d2748f19-d1fb-ce57-b882-c19d2c5da234;195.212.198.239
keith10@example.org;4497789310;01169183-a2b0-66cb-3ffa-69a431d1d544;32.231.80.56
qking@example.org;(326)638-4655x61472;fe842808-947c-2473-f5d1-f459f25cf226;95.130.219.19
foxmichael@example.net;532.484.2657;4140f8c5-fc5a-23a5-67d7-2f970ed31c20;216.67.151.126
johnscott@example.com;757-745-8860x94449;8a6a776f-da2d-bee7-80a6-1a12bedff93a;138.116.148.97
torresmichael@example.org;642-733-6296;8bbbeaa8-baa8-1ffa-28d4-8ace5458933f;194.210.137.28
udaniel@example.com;409-283-5591x80582;addb1580-a81f-b0b6-227b-953c22b0dc6d;86.157.186.244
haynesjohnny@example.net;469-361-1787;ae386987-5e53-77a9-e506-3f5ea0371da0;176.75.104.226
candace96@example.org;001-939-342-6675x31149;eb43158f-5e13-0e6f-db21-c32f69e78393;118.127.67.68
carterkimberly@example.net;(246)411-0336x15029;a6d555e6-da3b-43f7-cc4d-5b624a41dc6d;222.51.182.58
chanjason@example.net;001-637-421-6774x4435;5c8379bb-b005-0b69-57dd-414eee5ae9c5;30.202.254.189
rossernest@example.org;690-501-6988x07154;3a471451-b8b8-9c39-6aa0-0af307b6d267;209.47.8.179
holdennatalie@example.org;001-924-680-7591x18615;9e836e22-bbae-916b-c515-81d2d6eb1b99;183.224.209.41
waltermaria@example.net;+1-398-296-0152x7437;85eebb85-b405-74f1-5747-79e361ae71a5;153.58.73.71
john10@example.org;814-548-5600;37bf4c47-75d5-0bd9-be37-f3ef28fc764a;138.152.54.142
susanpowell@example.org;(255)331-0550x753;96a4e6cb-b0ec-3fc6-d952-b11bbb97f27c;205.77.220.252
swu@example.com;(956)627-7310x17050;c8f466a6-a66c-39e1-800f-669f00401b93;205.21.124.145
vazquezashley@example.org;696-718-2975;e9dc1352-70e2-f8db-df5d-caa5aa2bb664;129.180.97.255
huntralph@example.net;001-833-523-5198x06028;ba1bd350-f96f-626f-724d-0b7dc3fcabf2;85.51.102.151
rasmussenmaria@example.net;(646)607-0917;0e3e309c-7538-6032-bdfe-b7fa541a8db9;59.37.114.13
wilsonjeffrey@example.org;8453165509;7132352a-33f9-d890-42ce-487dd72ef52e;157.97.44.36
jacobhancock@example.org;+1-528-557-4575;f96ef223-8602-0604-24c3-b62cc7e1e3fa;195.239.78.225
hansenamanda@example.org;387-400-3980x776;0a7262d7-78c7-18bc-e527-80a44a5c7851;107.181.40.37
gonzalescourtney@example.net;500.786.8019;8dd4f5b2-df19-981e-932c-d6f33f2f1c67;122.227.112.206
timothyarnold@example.org;7865162370;4e3574bc-8c30-9d22-cc78-ebf7d3e11858;202.1.121.186
catherine18@example.org;001-341-257-7770x915;60ece26f-30be-bdf6-e7f8-c58b15b70bf5;72.195.53.251
patrickmoore@example.org;(848)209-3609x62376;3e7915e2-5c79-20b4-d001-35087224dc86;167.238.189.250
yujeffrey@example.com;+1-703-260-2052x239;8524e2ea-c98c-d59c-23ab-1748a8af8627;214.129.124.46
tracicasey@example.com;8959250168;5517916a-b836-3884-baf3-e2171bd083eb;211.222.170.71
phawkins@example.org;3273237951;f6221280-0c63-8955-e837-6d8eefd9d2c7;151.103.224.239
eromero@example.net;386-416-5312x49769;75c05bd3-6b29-fb35-3dcc-fd6193dd790c;66.67.147.204
stantontyler@example.net;594-791-0772;21681af0-1863-505b-ca94-716cfc473397;212.255.46.73
shellyholt@example.org;758.294.3620x47335;5552b0a2-d2c5-f044-861c-bffec347c4cc;171.184.254.192
elizabethsimpson@example.com;(246)412-1202x6957;37643bff-2043-c341-308c-786e72ef2e96;204.128.172.229
emilyross@example.org;456.244.4807;f2abd189-69a6-82a5-0214-db9bda014716;73.233.135.105
sjohnston@example.com;(952)221-0189x769;c6e85ecc-3c93-9f02-c867-d697c87595ab;208.1.83.114
tylermartin@example.com;574-313-0562x35677;ac419328-f7cb-6641-2ec9-3ffea55854b7;193.80.36.59
wendy14@example.net;001-311-710-8357x92082;5093ee7d-32c5-76a8-133e-b4413da290ca;170.226.98.20
zacharybaker@example.net;920-380-8913;a06f412f-6975-4cf8-31f8-b02353fcaf0b;75.171.162.165
contrerasstephanie@example.org;535-894-3092;c84eacc4-697a-d315-d62f-8f24e4da61a4;189.227.79.105
dsanchez@example.com;(564)764-4056;b5e3fb7e-2604-a957-029e-15314f5767d3;213.210.127.190
bartonmichael@example.org;900.801.6058x1342;ebd9e1b9-5681-eca1-f534-e4705768d3bb;166.178.41.158
andrewgalvan@example.com;730-703-1096;a301d69f-95e7-7d82-4b1d-8aa1ec4c365e;150.114.82.0
yolandashaw@example.net;001-571-515-6339x80429;54951d5c-8314-2345-977c-8b162ef616a0;222.29.27.136
loretta88@example.net;+1-942-619-7024x568;13a1773b-ab80-c709-1a06-af2a058e2a38;214.29.195.79
jlong@example.com;001-358-309-3587x264;e5307940-cea1-d844-cb7c-4584e62ab275;149.146.190.89
lisabrooks@example.com;934-313-8053x24327;07f04c83-1c1f-e10c-ef2d-95ac529152e9;195.103.203.107
bryan80@example.net;+1-787-841-1224x371;64b258af-cc27-8442-6d34-117f82131d1b;9.133.2.67
ronniebradley@example.org;001-981-678-1235x7723;e0d67090-2fef-848e-9d63-c8750045a9bf;211.145.25.142
matthew73@example.org;916-683-1066x48592;32467db6-e917-ead1-fe97-cea3d5202596;48.220.149.67
sergio61@example.com;(443)848-6756;44c379ab-bcbb-3c13-832d-abcfc455aaef;212.119.143.90
jamie07@example.org;(692)989-2291;7c56d1ed-405c-0364-ac09-67074476e11c;120.48.71.189
odiaz@example.org;513.809.6169x939;22a4d8ad-5892-cc09-3196-f301792aa085;179.45.166.236
jessica97@example.com;+1-539-252-5527;4e8d722a-d35b-ca08-18ab-1a579a19bca1;206.218.215.243
susan52@example.net;+1-536-211-0143x174;0cc44288-ca24-5e7d-edff-9639ae60cb69;183.251.118.43
robert79@example.net;646-365-6891x78115;33fc0d31-98d3-8651-17d7-5c3025e0c02f;87.110.216.182
imarquez@example.net;(568)834-4529;4eb2731c-185d-c369-e4ea-da7419fc7cc3;198.162.98.172
morenomelissa@example.org;9452947342;d0839100-db31-fe53-0892-0e8ea1900b30;171.56.86.88
anthony74@example.org;990-649-0926x316;8524e2ea-c98c-d59c-23ab-1748a8af8627;144.225.252.170
cturner@example.org;(280)816-7581;859b5f4a-c84a-eb7f-0c7e-985596c8ef7f;182.45.227.161
edavis@example.net;902-792-3845;9afc347e-61ec-813b-375f-87aaaa67ab73;167.236.20.169
ashley45@example.org;001-443-960-3158x300;8734cc9e-7f48-53a4-1bb9-2afa89196e24;174.152.201.51
bjames@example.com;+1-413-993-3797x3898;a0f06625-488c-15fc-f922-bd5014d593ad;206.128.77.114
bhoward@example.org;+1-570-631-6906x31130;d7d3efda-0082-c8fc-7d31-ac3250024762;212.152.175.92
erikhebert@example.net;405-264-8359x189;2a98b446-73ff-9619-1f03-41752d2420f4;199.134.245.182
gonzalezamber@example.net;001-287-748-1883x814;d1df4bc8-0797-9d29-21af-44fdb28d2dae;223.27.234.114
alexanderwood@example.com;776-640-2214x173;a2f114cd-169b-f3c9-c3b1-d27a25b84d0b;122.45.239.116
natashaschroeder@example.net;+1-871-288-8025x46231;a0973f2d-6067-0e7f-2fdb-2e7ca13e9fdc;16.193.12.134
shawnbowen@example.org;3052633926;4cc14b7c-6288-d2bc-d6a4-da7c67885aea;182.124.197.17
evanschristy@example.net;3147302160;f45bdd95-f228-3444-4fe9-b5268086caf9;84.251.105.216
lucashensley@example.org;905-886-9629x538;8d245518-e70f-55a9-2379-bfe4a78c7617;70.94.160.217
alex48@example.org;850-228-0139x5562;eca4cf84-e5d2-a015-45e5-6b241eb89f08;143.94.77.2
fieldsvanessa@example.org;460.783.0073x3940;94f74827-c925-3871-31fa-9c6c1e5ab2d7;146.14.200.165
jamie18@example.org;001-814-943-7092x9857;6b94df7c-e4ef-e876-72c2-09cb3e7d5a60;213.0.205.134
chadrush@example.com;316.326.0810;b218713f-6c0f-0c07-a71b-620d237e7403;202.202.5.162
pkirby@example.com;7552470452;d63601d1-9c21-78c3-94db-87112a5376d8;124.2.84.6
jessica53@example.com;9366258696;cfce4bbb-0ff8-2c8e-389a-64f3fa9d4c4b;89.169.242.146
pclayton@example.org;001-253-467-3855x60845;d5aceb75-fe59-cfb2-ed0b-016b1c6cfc57;115.239.127.33
leonard36@example.org;941-831-3459x3754;c4b7141a-600d-48a7-c943-a3990bbfeaeb;112.46.235.78
joshuaberry@example.net;963-263-2327;49b0453a-74e0-e914-0ffb-44358d90cb87;117.149.70.202
conwayamy@example.com;920.817.7155x4230;09efe40c-adcf-6cbf-499d-a1aa619182ca;193.58.64.132
lopezashley@example.org;+1-797-341-7959;b1edf047-de62-4130-0864-b1bb12ecc8be;158.128.211.143
ronniescott@example.com;3964480841;2b991ab6-8c36-f68e-ede3-9465128ce0da;152.187.195.170
rramos@example.org;+1-486-821-1272x75015;17568baf-c1a2-1879-2ed6-9a97d305cfaa;196.118.199.24
evanwagner@example.org;(965)900-2557;97dd7739-5de9-1a2d-0939-d97680c1e317;82.98.70.8
diane03@example.com;(301)229-4262x4630;2fe19f48-9bb0-6769-ab81-d1b73f085ed6;83.77.231.164
ashleysmith@example.com;(250)903-4595x6784;90741b50-d531-a021-6186-e6b1b7c909e5;78.78.228.232
bradley96@example.org;001-992-454-5145x9820;21fa5172-16a5-d0c7-9624-d58e89022383;35.110.192.115
richard97@example.com;500.888.3874;3f39be23-a2e9-3492-e4b5-58ca120dbd3f;203.44.164.245
ualvarez@example.com;+1-473-442-3489x98590;539a5895-48ec-f4b4-28fe-2a2309065410;182.143.42.71
jorgemitchell@example.org;205-375-4811;fd620097-bde0-90ab-8d92-982f1fe34d5f;206.239.129.232
nancyburgess@example.net;647-603-1009x18858;541b7724-47cb-0c48-12fd-c3bfa68e4131;84.211.52.165
gabriela91@example.com;9695629288;11514449-5166-d7fe-df1e-26ceb3f5f171;60.135.192.47
raymondangela@example.org;661-642-7562x050;2a8681d0-0387-59bc-d11a-f11bc4a89e77;192.52.219.162
wallacejennifer@example.net;817.368.3444x633;b6dfb905-1736-c494-071a-b71534159c25;41.58.166.201
amurray@example.net;(330)358-1541x1509;da587801-7299-9b99-3f1d-c1ef89f91576;102.95.59.136
ndrake@example.org;570-967-8328x608;5de14cd7-9d86-aba3-e09b-e609fea1594c;48.29.242.17
weberlaura@example.net;262.571.7222x170;47cf26f7-7047-e1bc-4358-a0cd1eb67588;213.103.190.146
fwatson@example.net;+1-809-366-4809x6909;3ad34f8f-d7b0-b275-4b17-6c0af2f6ee51;208.8.3.84
myerssue@example.net;(356)692-9730x15593;cab5cf1a-892f-1b48-f097-f411b66483db;133.2.0.113
timothy20@example.com;280.861.2078x702;30c92256-e5eb-dbef-55ca-8dbd27bcde02;179.38.115.52
stacyrivera@example.net;+1-283-417-4640x000;c1c747af-9171-3d02-60e6-90edc73a747b;178.167.164.128
bwebb@example.com;(270)632-2542x793;4c51cd1a-82ef-f1bf-8804-c52d708e684c;199.52.221.31
erikapope@example.org;(976)480-8249x6005;2828350f-c0c3-83b3-8e23-852df7263c76;197.86.98.237
zwilkinson@example.org;476.672.9733x88966;65824b40-2723-a0f8-c802-231960662ac5;18.146.150.38
steven71@example.org;+1-974-599-1492x008;73d10df0-39e8-fa26-ff24-b1345df0920c;206.96.100.171
robert84@example.net;308.474.2907x5494;010f474d-6868-f25f-c098-5241489edfc0;197.246.4.240
rwagner@example.org;677.768.6258x93074;1488ff93-3fdb-e325-d957-1dea0f64e275;60.103.206.61
mwillis@example.net;916.366.2094x2979;0fe9bf8a-cc91-85ff-fc24-9d74578c662c;92.238.157.247
janice21@example.net;+1-273-480-5548x57512;ff84094a-7c31-4869-faf9-d39ce91b6072;5.56.251.82
jonathan27@example.com;001-552-303-4902x6399;24cd66a7-6d55-c4d0-fb9f-aa973471c6fc;168.8.45.88
bergerbrian@example.com;5317602357;0b030b37-317f-149e-fe1d-e0e610e53bec;173.83.29.252
oshaw@example.org;(201)762-0874;1bd5d938-0215-525d-fe89-a1d4c1949d42;109.204.9.16
zgeorge@example.com;3063697507;2ee42146-7cda-5176-7dd8-b4cf36372af3;158.12.136.189
joseromero@example.net;395.489.7349x079;977cd973-541c-6bed-1004-48e3868adabb;159.3.1.172
scott88@example.net;464.609.2245x3688;10abc690-0e47-a9ca-55a5-aa56f263ee9d;193.94.222.156
michaelsmith@example.net;(326)638-4655x61472;fe842808-947c-2473-f5d1-f459f25cf226;95.130.219.19
harrisshannon@example.net;6786468607;0534ac13-a506-421b-8688-406f65dc3e41;19.26.134.55
megan50@example.net;001-409-975-6213;42522df7-7440-e18c-5322-f9e9582b70b2;219.235.105.81
ronaldpatton@example.com;+1-440-945-3559x6807;98514947-c14a-fe27-c985-fca32b9d423e;20.151.132.187
ohill@example.net;508.505.3892x50332;73919fac-a7bc-160b-f206-3198047f1c71;195.68.251.128
xalexander@example.net;001-368-440-9214x3711;2f217249-5c53-41b7-c608-1611a14151d1;142.118.249.158
doughertyvanessa@example.org;+1-977-798-9282x635;cb4ccf1e-b59d-d59a-80cf-76e1d83e867e;190.201.122.129
lawsonwilliam@example.com;459-914-5884;2e0ea6e8-1c7b-4061-ba4d-bcf7b084e00b;64.144.212.166
johnathanbrown@example.org;356.341.8379;6177248d-8b9f-427d-84cf-7c0a9e3b199f;172.183.68.21
pamela19@example.net;423.734.4950x83784;6af10bd0-6e25-ade5-cf7b-3dd6b5c64c31;198.89.251.175
stephaniewells@example.net;4267027669;6a981d4b-8ee0-49a9-7ebd-88c0b7abea3c;83.52.51.49
charles38@example.net;+1-830-996-3781x221;07632710-9c56-5732-83d5-797f68eb1b77;202.227.33.162
adam79@example.net;532-305-4709x3767;c5a4e5d4-0f4d-f7ab-528c-5ee88f6fb54e;156.181.221.139
pwood@example.org;001-429-957-5138x090;0ecc24eb-dc6f-ee53-4e19-15cf6cd678dc;35.183.166.130
thomas24@example.org;(831)520-6463x4556;23347b58-93e3-549c-16f9-750969f666ce;157.184.205.139
cgardner@example.net;+1-206-827-8402x465;d67ea91c-23f6-f5e4-8d5d-c6c20a799742;187.17.21.104
deborahbrady@example.org;423-765-5933;850a6caf-aafd-5341-fe7b-b7f788a573f4;218.83.183.40
estradabrian@example.net;545.996.4957;ea745c80-d475-7c0a-cb3f-edbc34a6aa96;117.252.58.120
fmcgee@example.com;620.436.2171;0f23b62d-8e77-0234-8628-53a7d6127a6d;163.53.116.23
antonioedwards@example.com;001-617-897-2348;1d769f47-0eaf-9868-d049-f5b58d3b2c6b;181.67.27.209
rebekah72@example.com;707.763.3877;352c82d8-024e-3853-1128-4a2c08d83e7f;50.55.126.177
sharon31@example.org;756-205-3093x27038;5235205b-1166-d789-5ed7-dd5afaeacc57;206.191.82.82
fsmith@example.org;870-739-8496;e74cd62e-e45b-3adb-59ad-702fae5ae15e;163.87.179.94
zwaters@example.net;836.389.6156x84004;e6d324d9-2a64-5e14-9264-42fc479f5a5d;74.30.167.121
cruzlinda@example.com;(610)630-6928x821;bc1180a9-27df-7355-e6e1-59b853853a27;222.203.140.220
bradley62@example.net;001-916-834-5267x4323;6604cd94-8a6c-8b83-e81f-b96759fdb33f;21.9.16.18
owhite@example.com;+1-865-287-0613;cf47d11f-e5a5-cd90-bc2f-34db330ecc87;79.194.104.212
stantontyler@example.net;(391)386-4750x98554;21681af0-1863-505b-ca94-716cfc473397;212.255.46.73
anitamason@example.org;+1-570-464-9571x688;c760c36e-4786-6491-fcb8-67071d058c10;195.218.185.43
kdavis@example.com;483-621-8795x7939;5b129b6b-d198-03ed-f436-2109c310805a;91.8.9.202
derek84@example.net;(384)846-6439x74534;ce293ef5-9797-165b-e2e0-d236236f3119;30.54.164.21
alexandria82@example.org;433-229-8497;40369340-f445-690c-74ca-9eb36039953c;21.177.121.204
yhancock@example.net;290.270.9946x64279;1183cca5-60aa-b3e4-35a2-90f2ea2b5c0c;223.152.146.88
ericksonkari@example.net;516.499.5058;bd6ca6c0-8dbe-7d65-4589-f04c5801f4a7;131.108.189.92
aprilbell@example.com;498.469.4091x14079;5fd606b0-c08f-e243-0bc9-82d15fa9b2be;201.190.36.18
rhonda58@example.org;298.484.9252x4291;1f4c89de-7eee-14cd-242a-512edff4afd2;218.238.251.177
qhoffman@example.net;(705)575-0582;e4bb11f0-27a8-7357-1cf6-5ebf15ba6afb;154.182.247.160
mrivera@example.com;373.302.6934x79616;98c088ab-12d4-ace4-ce38-85a3a87d9ea5;198.207.108.209
cruzheather@example.org;(994)909-5306;25f7cdaf-92c5-6797-97da-3bebbdbc8083;109.61.229.77
carterann@example.org;001-580-503-5730x758;8d7f8de6-006d-feb3-a75c-7b6c3e05caee;210.53.31.186
mallory97@example.net;(350)551-1958x932;d4732d92-b047-ee54-fec7-aeadff517cba;123.41.148.40
matthewgray@example.net;976-248-0702x53151;76b5fc1b-eb36-ec05-5062-e4108c67fb1e;97.9.241.248
michaelhamilton@example.org;601.786.8819;4b3f3720-ddfb-d9e2-cdb7-4f5da0535c68;25.33.70.176
huberanthony@example.net;291-842-8937x5314;52d357e9-5144-60f8-07b9-2d453aaa7bee;206.125.198.35
carpentercynthia@example.com;+1-843-853-4272x03140;b4a8d4ed-96a1-0794-eeb3-1fea024c5859;208.153.215.145
christopherdiaz@example.org;907-533-6915x10735;fbfcae3a-e6a2-4c93-3787-f1007ed84548;25.250.116.57
garcialauren@example.org;+1-385-488-9454;30939e66-fde5-939e-4036-d441f168076d;103.93.4.128
larry42@example.net;(680)544-1962;bf2f1e03-a205-461e-c510-f5017c9d63fc;169.248.41.99
clarkpamela@example.net;965.762.3432;18518fb0-6a35-c102-d2b3-28e704bf6859;146.23.172.23
stephanie73@example.net;407-453-5685x94930;3ff36914-6c11-de82-6cef-344dbaa2fe4b;5.140.28.47
brownryan@example.com;337.517.4954x4525;4f208c87-5176-77d3-365b-71d9b934bb44;187.25.229.25
erin87@example.org;531.324.9274;c3b9ac22-5453-3948-5891-af25f1c5306c;216.34.190.59
colemarc@example.net;+1-359-793-6618x5109;c303db09-3a59-2c36-9b1f-49042451039c;53.82.126.170
yatesjason@example.net;(910)399-6281x027;2f63ea85-7575-5ed2-f650-060a29bce0bb;150.195.2.82
mbernard@example.net;001-429-463-1724x95884;36bfec7b-8a21-fb6b-3a08-e8197ec4e9c7;218.193.174.41
sarahwallace@example.net;2028273618;cc04fd2b-8578-2d73-1207-fc9d8317aae0;185.21.221.50
rogersmark@example.com;+1-854-674-9123x905;fd50bd14-aafb-e397-4342-08676e61d769;89.224.223.10
usherman@example.com;840.457.4836x93377;9eb0fb7e-8eb1-8203-95d5-5b14ba016a9f;126.68.136.190
jody31@example.com;320.238.5867;8658a5d6-7a4e-9fa0-6c73-d9e6af9e97c2;196.126.222.53
justinwhitaker@example.com;001-989-369-3741x0300;cb64c40b-0eaf-5996-0f98-e6b499f8c4e1;76.116.19.13
ohobbs@example.org;(372)656-2558x33622;e84ce936-414a-02de-23eb-7034d8ff78f5;132.39.107.223
ndawson@example.com;001-743-648-1684x6918;e56a8d57-942c-f106-0446-e989f93b7427;50.16.82.197
ginadrake@example.net;815.608.5429;3ca784dd-2c7b-88c6-89c7-bef1c92c8920;70.14.200.42
dgoodwin@example.org;804-332-4435;2af574d6-9d83-438d-fac5-c4e945d784ab;48.136.68.181
jeromesmith@example.com;984.887.2303x14743;fab92d5d-4931-1099-9fc1-af72bf6c1b54;151.21.154.230
coxfrank@example.net;(563)883-6200x56793;34243bcd-1d56-7042-93e1-168c4935623a;189.244.84.193
julie32@example.com;231.245.6248x208;014afc9c-5ec4-a378-2363-92c23c4a84ae;206.74.1.239
kennethdennis@example.org;883-573-5910;6a209abe-d7c7-eed2-73f8-c96fb5d67c50;151.174.26.7
cpage@example.com;958.236.0105x7890;03858b46-0fbf-b9bd-8646-ea99580aba39;112.221.182.101
brichardson@example.net;+1-888-341-3432x8952;b6166baa-72ec-890a-e04f-09bfc771c889;220.22.208.193
craigsanchez@example.net;(909)688-8651;dcd0b14c-50a3-04c1-797a-387821af4c44;90.204.67.10
uwilson@example.org;5904609632;ba81c467-6e7f-179c-038a-8a12805fc297;165.125.158.182
sandranelson@example.com;651.614.7836;93c78c5b-65e7-d85b-401e-e788a5ea194c;81.49.31.3
gonzalessteven@example.org;798-790-9940x93488;0f0a5018-2795-0291-566c-9af2be23a132;218.38.88.78
michael23@example.net;001-876-415-1434x23260;b6bebd31-a790-0362-05da-d07e536bbc07;139.130.212.184
bettycervantes@example.com;001-398-264-2702x26484;540ea76c-859a-f999-aa27-3456633d273c;84.30.42.42
mackenzie31@example.net;001-227-993-8892x53625;c10e8da4-20be-4519-54c0-81026c53ab92;14.110.135.102
brianharding@example.org;(764)263-3285x02158;3dd18b6d-e37b-f31f-1960-711cbcd7fcb0;211.249.254.96
ithompson@example.net;+1-471-620-4785x904;de49865b-bb67-2786-495c-84b206b0e026;172.234.37.165
jamie12@example.com;349.327.5555x9597;39d7ac89-6900-2d9c-0777-52307f5ffdef;194.135.215.43
smithmichael@example.com;(903)707-0549x316;7873a8a6-9f2a-87c3-1b0b-cbbdec604720;186.1.145.236
omanning@example.com;8947973114;d68111a1-7b07-2c6e-7766-f526b6e81701;15.221.3.217
chadrhodes@example.net;538.442.0670x4778;9a42ea3b-e4df-2014-010b-9b3942057292;43.34.140.235
cbradley@example.org;517.204.4956x9144;b3e246b6-9335-c793-50d3-54082d21de4c;176.231.244.239
ebowen@example.net;001-804-925-0187x67614;7105f008-5f9f-ce00-3ecc-6c1c99c47e18;121.100.80.249
garycarter@example.org;560-542-4297;d88a25c3-e492-5de3-4b61-746abe316dc9;63.136.184.250
smithjoshua@example.com;(583)597-3414x301;0e3e57e6-cd53-0f5a-47bb-630976dc902d;150.97.164.15
jeremiah89@example.net;368.790.1275x473;e7c9fcce-ea23-2634-86cd-3b0697d2746c;198.106.170.106
hhenderson@example.net;404-698-1881x8134;6882b5a6-cb82-42e5-4ece-d4f35986f24c;32.43.153.126
molinachristopher@example.net;435.491.5632x370;39a51dcb-be3b-f9b0-aee4-f375dad8aa5c;189.167.95.102
emilydavis@example.org;(463)645-3932;7ac9c176-1418-cdf5-59e9-9531b4dd6ef1;190.124.2.47
danielmccall@example.com;(840)679-0673x756;ef8b1e01-dd3d-4675-b71b-565e29281735;55.0.169.43
daniellelang@example.com;(705)905-0125x809;140a610a-a7e3-99dc-9cd8-05e3afac859a;179.116.109.164
bradleydustin@example.org;+1-779-320-7203;a95cb5a4-5fad-f4c1-f312-2fb2831f45da;202.202.5.162
loristanley@example.org;804.752.9220x919;fc14d5c8-7a68-81b6-38c8-bff4cbf69167;130.195.189.59
kylehowell@example.com;(668)379-1470x610;ccb04447-c417-208e-0b57-2540abe3dd94;190.206.79.1
holmesnancy@example.com;632-763-0372;23524b18-fa2a-a533-20da-5e0f593dd099;118.58.150.50
brettwalker@example.org;934.755.1095x4849;13d6d27d-8feb-ae85-6046-25570f2c68ab;178.203.178.161
rachelsandoval@example.org;001-580-870-8700x51866;c80df5e7-6f5a-831d-991c-1ffbd1ee11b1;222.221.4.171
pbuck@example.org;+1-863-384-8620;c8b3b739-8118-663d-987e-942a5fcca77a;116.176.239.133
mullenmichelle@example.org;918-441-1534;b7006aa3-c749-dafe-6ec1-eb83078ed5b7;205.131.171.232
kevinhansen@example.org;(387)909-8201x9965;ab1f8dde-bb0f-6fad-0115-890760859420;86.79.184.26
chadrush@example.com;203-899-4920x19545;b218713f-6c0f-0c07-a71b-620d237e7403;126.89.26.254
fcook@example.org;+1-983-414-8113x974;dc2cbcd3-8567-8f5f-424c-290ca0bb0e61;64.23.75.191
daviddavies@example.org;+1-855-443-4659;867aa0bc-6f39-5188-6dfe-0438567850b6;119.249.86.225
jessica70@example.org;001-988-942-3192x5812;08b9d744-9ca5-7bc6-18bd-02ffcf815204;30.244.85.29
leahgraves@example.com;(469)265-7196x19861;a2768272-a87c-140f-765d-69bb86c2ad29;194.58.55.62
smithlisa@example.org;001-627-933-1227x29372;e21610e7-6c5b-f18d-f732-1a726fa4c32b;29.119.110.121
christinepugh@example.com;(406)392-1680;a553c520-6269-dd95-ef31-1fac94fe750e;120.71.163.137
williamjones@example.com;(894)569-6748x4741;2400e8f3-3236-9008-abb4-dba319b24fd5;67.255.253.183
hallcaroline@example.com;(525)742-2747;de7a3790-474e-aea1-4f68-b9f78921a79a;219.16.57.42
michaelmoran@example.com;664-734-8575x22869;dc6718af-cb8f-c3ee-0711-7731e4ca47ee;38.134.251.126
karnold@example.com;001-567-252-2103x46651;b180c4aa-89a8-3bb8-2f3a-1f9a7de36cbd;171.205.40.2
youngsteven@example.net;818.740.4753;77207951-da8e-b396-f518-74d725097fc1;197.163.219.185
penningtonsarah@example.org;7889359624;22f67f00-018d-9835-078c-3a1b0df563db;148.75.16.45
kduncan@example.com;3229988442;7b4e0f69-1165-1d7c-6238-18f9e6262365;119.56.165.213
nrobbins@example.com;+1-893-729-6706x691;27ebee5e-f6ff-d89e-b4dd-afb9f289049b;213.57.67.119
lucasdakota@example.net;3286957624;02e8147e-c70e-c1a5-3fdb-f5ab3ced2e08;153.91.175.244
tanya55@example.com;001-220-748-9531;8913de7f-074e-dd72-d8ed-6693cdb1d2a7;28.142.189.236
donnatucker@example.com;(750)817-4003;65ed1f41-28de-eb2e-0215-d2e78cea5d50;200.255.113.255
bondsamuel@example.net;001-860-733-1695x49797;226dad3e-9b8e-d010-2d3a-64a0c04f4cb5;28.247.251.112
pittscarolyn@example.net;759-973-1584;f1eb73b0-e240-6e5c-7ead-c81720100268;180.252.178.168
osmith@example.net;001-750-727-3365x94721;6b230af2-6760-2e84-0ec0-629124dd3ce2;65.65.253.148
ellenchavez@example.net;(951)888-6641;a308b158-acbf-402d-cecd-dc209dfb57f5;89.114.239.107
ricky04@example.net;(560)367-9076x44303;cbf7d02c-053f-3f33-517a-45b22e708ac1;202.181.141.220
sgross@example.net;(793)810-0504x641;53803144-4c60-6ba6-cc3f-ba823ec184e8;216.70.92.170
brucecampbell@example.net;579.220.2589;2fc9870b-0f80-acaf-7722-a6fd663e4568;192.143.230.135
rachelclark@example.org;985-625-0187x6160;cf7ebd37-1319-2ad9-eff1-3f848e41c19f;65.131.232.126
lyonscynthia@example.com;+1-611-358-1230x7033;70d8968c-e47b-b997-cc2f-596a6bd659a7;166.252.111.33
harrisrobert@example.net;442.630.7997x8529;ad442fe1-3a12-408e-5a29-897571dbcdf5;105.135.159.202
lisa41@example.com;232.202.0201x29080;77d6c306-b46c-dd4b-af59-604a7682549f;144.70.82.76
daviddiaz@example.org;001-599-339-3411x335;b7000dc3-3994-a46d-955c-c4b711d6c3e2;149.43.192.76
uwagner@example.com;(760)563-1569;22befeaf-e787-e8ed-74e6-72be8bced305;203.55.166.212
hcoleman@example.net;613.753.4688x20447;dce210b0-05e4-a361-abb7-eac902169cd2;33.138.89.136
ghayden@example.net;238-748-0779x0049;acff0f25-d676-e820-773a-1996dd23fcd0;197.103.237.188
jarvisjennifer@example.org;+1-856-289-9491x945;314b81a4-63bd-cdbb-cb7a-0437d6ae4d2c;207.231.155.111
tmurphy@example.net;8766834097;914852e8-38cd-3010-1329-280d2d8aa8a2;136.135.220.81
vanessa83@example.net;735-941-7073x3095;0ac3013f-886c-b3ea-419d-be6d493b1528;174.103.61.216
davidgrimes@example.org;2173025422;4d2d3d71-b49d-9b3a-b128-a6200577f9a7;4.42.185.146
qmccall@example.com;001-400-957-5453x438;60227981-bc06-13d3-001a-b272b963f992;222.144.211.219
michaelhamilton@example.org;(598)958-0472x776;4b3f3720-ddfb-d9e2-cdb7-4f5da0535c68;181.41.142.46
dparks@example.org;(896)615-1277x859;4a7dedae-0f4b-9a0d-3728-13d17a9fc8c2;42.96.126.35
nguyenelizabeth@example.org;416-763-2199x56987;1ce4558e-24bc-226c-88a8-93d9cf9fb98b;117.75.68.123
danielmorton@example.com;(387)297-4895x83757;9371f150-4fc5-15a3-f23e-21481f1d69c9;181.118.135.232
katelynpope@example.org;001-782-554-4095x0175;8d702801-0aed-65eb-73f7-5d4cb014dcb6;87.139.192.29
morenoamanda@example.org;(951)402-6106x904;85b5902a-fc55-0dcd-a688-7e7a794f0321;199.127.58.193
rhodeseric@example.com;988-673-7080x955;9f3d92c8-6c99-76f3-a96d-655e6192be6b;162.133.94.170
roger54@example.org;865.989.8038x13465;5c4d32cd-4785-d9c5-4ff3-bc897285da26;98.205.218.83
glen58@example.net;001-830-969-7618;f4762e85-23ac-9e5a-4829-1f69334ae94b;189.63.110.40
hunter10@example.net;001-830-744-1752;742db63e-4e23-7074-ecd1-db7b6bd6dc85;170.220.195.100
alexanderwood@example.com;3594957451;5986346f-41a2-2196-915f-2bcac1c12aa4;169.23.184.163
gdillon@example.org;+1-717-488-6963;28f844a7-45f4-d700-b4cd-77a92c93765a;40.255.241.125
arichard@example.com;+1-524-375-3406x98654;f878049e-cdc1-14bb-f520-3afa087a157b;38.170.140.38
jennifer05@example.com;(332)384-1011x334;22dcc64d-bb57-aa01-5b5d-a1f05e953808;220.125.159.137
coxanita@example.com;001-601-988-2085x772;7f28aa60-a04a-0bdd-9537-31b890aab507;216.2.227.129
fullerfrank@example.com;+1-397-975-4192x722;2be64efb-4393-d26e-7bd7-77e50afd380b;199.240.111.167
vpierce@example.net;001-353-280-1124x472;563e46e3-1633-a885-2e85-b6928e495f22;41.149.3.208
woodgeorge@example.com;404-632-5494x1320;7eb70289-00d4-e548-8220-1d6340c64d9e;98.82.22.164
christopherbell@example.net;806-514-8436x5511;d44f67d1-dce0-34e8-ae80-42376689ab7b;175.185.103.3
rogerreed@example.org;(489)563-7321x44756;2fc8d06a-83db-0098-a69f-d543a02226df;186.246.155.150
tmitchell@example.com;+1-782-521-2105;42a4f41f-6f96-228f-1764-29942fa1122e;207.136.128.128
lyang@example.org;+1-201-327-5100;e2ccc09a-0460-34c3-2d08-7846d5f4b01f;200.193.116.196
copelandnathan@example.com;893-803-9872x469;e5bd9d59-630b-f2b6-cba3-ec89fa940905;17.174.239.127
nmckinney@example.org;471.327.9463x11041;c23fcf51-0497-1252-0711-7dd39b910a37;13.158.253.137
mackenzie25@example.org;400.872.4216x657;9d68b11e-9384-296c-d0f8-186aba5186eb;192.246.98.45
beasleypamela@example.net;9102117090;445fb505-4a5b-94d8-6719-15d478410e8c;90.224.177.150
ericksonjeffery@example.net;7409298305;52fd1150-d198-03fc-dff3-4869360217a5;100.227.165.146
prodriguez@example.org;+1-383-479-4606x92849;9f76999d-91a2-a5ca-a06e-9d015e4ecd62;95.200.103.217
xschmidt@example.org;001-625-836-5458x75785;59308965-85c4-262e-3914-1b395b6aaf71;59.62.130.112
oliverlisa@example.com;001-743-983-7558x8605;1441a58f-192c-6ff7-a1e1-7c69dfa41196;131.44.126.165
nstein@example.com;359.523.3752x436;539aa3b5-00ce-6fb6-8283-600eb12b49b1;150.30.39.238
iwilliams@example.org;467-729-8968;ae16583c-b461-7c20-a383-f771050e4d58;202.143.56.153
wparker@example.net;(208)427-7564x5872;0bff0e3d-302d-f136-cc01-a48d0b11e80b;208.20.165.146
georgecook@example.com;+1-819-822-8817x703;c549aded-d052-d349-cbf1-77c9861bb661;64.35.144.194
rickymolina@example.org;+1-731-567-7203x56338;7baadf0a-6708-7846-57cc-3909371dd3e4;206.177.78.105
daviessean@example.org;916-209-4145;31c418a3-cc31-ba71-5734-af9f9413f27b;165.250.240.38
ewilson@example.com;737.657.1867x480;c0f6aa4e-0471-ffc5-45f9-5974b6cc569c;170.161.251.41
megan54@example.net;001-435-787-4609;42d559f4-e3bc-80b3-c2c7-570c593044fa;203.207.238.63
donald42@example.net;678-477-4000;fc66c4a9-0f38-6792-4790-7b74242e4929;221.206.190.84
jilldavis@example.org;001-379-584-3722;fe42e714-4630-51c2-f9d8-c6e173850d88;62.237.138.7
bethanycoleman@example.org;+1-713-453-6534x04602;72a8a92f-bd40-d082-91df-00ffd1718503;181.110.138.139
johnsonjulia@example.net;+1-341-920-3603x058;4e747048-3e87-72ac-d79e-10d74e74b418;135.166.143.28
lori97@example.net;(898)800-8359x7633;d7f7050c-ed00-f636-512a-0b806aaee6c6;170.205.114.85
stephanie91@example.org;226.709.0376x0136;2b250a84-2e70-a231-9823-7653dbb4d81a;197.50.218.210
shannon64@example.org;968.979.6629x66078;eb43158f-5e13-0e6f-db21-c32f69e78393;169.253.70.11
ashleysmith@example.org;001-541-739-1000x2579;d275be0a-c436-dfca-5431-52f7e60e44d2;161.83.10.66
timothyvaldez@example.com;(586)452-4062x7531;ecc0f7ee-4c8f-d2fa-4e27-1fdbe920438c;196.88.163.172
williamsmary@example.com;386.549.0906;e0fd7e18-3258-5f02-e015-62e32b8a9899;107.253.116.203
benjaminlucas@example.com;001-555-705-5457x88518;f4df8a59-0c34-4509-93c2-ea40ae8801d8;13.127.129.76
oterry@example.org;262.893.0769;60bbb203-c1d1-187b-b839-3ace04b7b381;149.179.226.158
davidgrimes@example.org;812-681-8711x167;0470cfec-8866-a7a2-0a62-8499a05c09a4;4.42.185.146
jeffrey21@example.com;539-894-9904x310;e4559a8f-b97a-4739-d864-a85fd0e956e9;9.91.48.102
shannon64@example.com;(810)655-7108x913;b6151fa5-5859-8a40-98d0-ea4da126c211;102.150.210.229
umitchell@example.org;(778)827-1708x135;dd17e9aa-5792-017a-8325-5150fd44357c;103.191.121.150
travispatel@example.org;001-585-900-8349x57079;b220149a-b5b9-00d4-3f79-0932cc5fc6b4;203.142.92.24
patrickwatson@example.net;859-958-2600;de42309e-4fd3-76c1-b003-5ef8f8fbab8f;32.13.102.32
nicole02@example.org;996.798.9734x026;5d19c8a6-e6e3-2419-7446-d7c25a8e49c5;80.148.186.99
casey94@example.net;001-705-333-2174x82293;cf9d4e9e-c27f-7c65-2f06-1b418d846ad1;202.176.234.183
paula72@example.net;(481)873-8703x0319;c586c28f-33cd-57bf-55b2-61357b79a865;111.69.129.134
michaelrice@example.org;+1-441-430-2414x288;1c418a8d-d76b-7fc5-dafe-d04c5496fc90;221.21.195.236
larsonkerry@example.org;265-401-2446x151;39bf0961-1314-d847-97f7-c9ff5aad3e48;22.76.17.243
austinanderson@example.net;700-758-8131x547;1a41ed22-8329-746e-9695-0d162f736a31;43.97.192.108
emilyroth@example.org;493.501.9948x605;db00a224-5add-3bdb-137c-6991165740a3;215.62.129.158
ashleymary@example.net;374.512.2685x55568;0d7a3ca0-2435-a5dc-0cf6-f0d39a6c880a;220.182.133.45
cevans@example.net;566-990-5645x92495;501dacf3-ea34-cf67-137d-8986836e3275;88.65.89.237
rwallace@example.org;330-343-2600x851;694f492d-6f72-0909-c493-bc2e0d878d39;102.53.170.175
hcoleman@example.net;613.753.4688x20447;fb5c949e-84e3-e4bb-6e22-94a646cf30e2;65.13.243.250
savannah04@example.net;362-534-8597x37905;f179a68d-8788-32ca-5a1e-bbfffbdf75e6;160.48.149.223
jonathandavis@example.net;315.363.5218x10197;3395aae3-873f-248d-c4fd-a71737160bfd;188.3.54.149
wcurtis@example.net;573.482.2683;5a253c9e-e4ce-345f-ffdc-7426a06d7786;194.177.55.178
xwilson@example.com;(496)498-1724x846;d2c9f953-3d48-6082-6faf-6aee7f250d6a;32.197.157.81
wolfeashley@example.com;001-543-568-2093x96127;0a29b180-3f7a-4e08-9647-93524eac3244;90.10.30.63
johnpeterson@example.net;001-293-446-6689x7026;23a3c429-1cec-6bc4-e797-b6280cd96a12;175.84.144.147
reynoldsjason@example.org;989-738-6543;d5cf4d3b-660c-bc77-f9fa-f299a6434f8e;92.85.92.24
banderson@example.org;417-710-5379x2839;0f267b6b-638d-e749-9178-167dfc2a20d7;200.59.155.158
dcarr@example.net;(791)980-9553x016;b6d47df2-f00a-b0fb-895b-240c483de62f;156.77.233.27
wayne04@example.com;479-228-6123x244;a9b6a4e4-9e32-5202-9d1b-c7aff839d7c9;220.76.57.54
jacoblarson@example.com;(440)770-4562x908;5174a810-5b53-120a-13bd-931ca35efe16;19.65.140.209
grobinson@example.net;755-812-2272x8501;1f454c26-ee26-78a6-93a5-0efe613c2898;205.198.132.29
amanda12@example.org;001-837-281-3230x90122;67d73c58-4777-e04a-4d78-c460903879ea;56.119.92.185
jeffrey18@example.com;298-415-1591x3152;b1035a17-49fe-631e-380f-4961e473aa9f;212.185.126.87
thood@example.org;940-848-5623x32326;2f947cf2-cb9b-b6f5-f337-fae3f0d7dc6a;149.86.216.71
allenamy@example.net;826.388.4932;5a871d10-e03c-201c-15e5-deba8450c316;109.90.218.171
holly41@example.org;+1-703-364-5822;554a0406-9b79-50c1-f890-71fa59bc4963;173.216.170.44
delgadoterry@example.net;001-911-609-5069x91238;00d1a04f-e48a-c64f-2d62-4616119f3ff9;139.70.102.226
madeline87@example.net;001-773-886-3035;9e614b04-f697-8858-22f3-96422114ccfc;153.211.40.183
kimberlyfuller@example.net;482.633.8617;20d49820-8d84-6ab9-a27f-633b12d86ecb;85.214.84.135
holmessean@example.com;977.946.0466x5404;840a45a8-8603-6151-c822-dbd4bab23596;180.148.201.80
jenny73@example.com;930-686-1531x43757;63528f9a-a7ac-f9ef-eda2-f42e10b9bbd9;79.115.183.157
michaelhopkins@example.net;(211)493-8638;e116109b-1eaa-6542-3406-6d78dc1cb119;187.202.133.88
loristanley@example.org;001-634-617-6162;71ab3b6c-6bf7-8404-d4fb-54bd9ab013dc;48.44.22.236
pamelabowers@example.com;8784026369;84e3998e-e3fb-f2dc-768f-c3842b921d7b;139.228.34.180
ruizjulie@example.org;001-829-832-9337;e634555d-4cd5-cc8e-8156-8a3b4b2c3f4d;150.5.58.126
uwilliams@example.org;+1-303-458-5155;c203f9fd-3a0c-cc49-ceb2-92fc2b3908bf;102.116.137.246
samuel19@example.org;+1-374-944-5603x76385;b3119260-4da6-cd92-fde6-9cc279f7c609;93.150.169.41
fspencer@example.org;001-809-495-0147x1159;d59ceabc-9886-4f9e-b007-1dda8810489d;214.151.44.85
millerlaura@example.net;3872091654;86f2966e-8f61-fcef-d790-1513ace2ce21;71.32.167.213
greenpaul@example.com;+1-602-835-1369x46903;da77e291-c178-ef88-d0ce-2a4a2b63c087;144.255.168.128
mmccoy@example.com;227.947.7435x6671;752b44ac-11a9-feef-8c37-496b85a4e12a;9.131.250.160
dawnwalsh@example.org;(277)363-0223x026;f02b4ad6-9d0e-4617-3f6d-5c4761760984;206.191.155.254
savagebrenda@example.com;+1-330-682-9765x1261;a42e636a-485e-5968-dddd-ffbc67b11ac0;178.242.79.251
garrisonveronica@example.net;710.695.3558;b48e0cee-81c0-2c57-ba8c-6a47704491fc;202.27.205.45
griffinjames@example.com;288-599-7927;b0094e84-aff3-fd36-91af-1947c08ed13f;195.72.208.206
calebhayes@example.org;001-308-933-7373x398;a0b2fb15-8513-f5cb-f778-4d881ca14c25;99.127.78.15
jeff62@example.com;283.977.6836x415;8f297557-d432-0e27-d588-9cec90744e11;111.138.208.43
angela97@example.com;760-270-6648x04912;5a83af7e-015c-8b96-6e3e-91c125e48b76;33.159.216.156
davidgarcia@example.com;(879)515-3734x7939;047e3777-89bd-c02b-f5cf-14c2e41a2982;204.154.99.48
christineweiss@example.com;001-948-858-3462x40126;fd819a50-3de6-2324-c686-845d11f1b453;153.243.239.53
kevin56@example.net;490-511-2941x57918;f06f7ec0-1ee8-9956-97cf-1cb268f3e6b8;83.77.231.164
victoria90@example.com;722-771-2547x8348;dba161c6-6f05-7c77-0d06-f57d86d9e5a6;54.221.36.158
christopher58@example.net;001-369-600-7193x799;8656805c-ed6a-fbbf-7c4e-aa3510af4c1a;3.214.151.80
deborah27@example.org;(645)297-8988x2052;5fde105b-be4d-450e-401c-1e237776764f;146.39.97.62
alexanderbishop@example.org;448-941-3257x1396;d676932b-3a4c-da9c-e7d3-6a5f9492173d;171.100.224.7
johnsondaniel@example.org;(792)556-3258;a92cfd85-816d-b292-c05b-fe9c062c363c;3.80.147.32
justinlee@example.com;+1-227-996-6411;fb48e2b5-7e64-1762-31b1-f5ecaf7db994;211.124.222.255
melissa27@example.com;209-429-2207;f4d600d0-66d4-a455-487f-f2115484484b;55.178.176.197
englishbrett@example.org;586-723-0982x5121;6ae891a8-b7cd-1293-40aa-0fc0774f637f;136.160.210.74
iking@example.net;001-601-988-2085x772;9faf6408-b6b6-5cf0-5a82-853705681a67;170.50.67.135
thompsonkaitlyn@example.com;+1-267-544-0092x77418;84cb8d09-51ac-c2ec-7e22-8be258b4e869;197.6.39.212
matthewharris@example.org;858-324-8578;448e2015-ee18-e9e9-74a1-b873b219d16a;46.2.72.134
kristen33@example.com;4333346544;c69259ff-8ea7-a99d-de44-0270a70c80bf;190.235.59.175
alicia09@example.org;(867)597-6426x297;f046d7a2-ab0a-0710-3a18-e42244b56451;213.45.101.19
evanzavala@example.net;+1-816-323-2279;e08e0e36-1709-f199-febe-6a4efbbd6a79;120.120.161.211
pettyjose@example.net;+1-841-628-8116;5ccfbe75-8d06-0315-61d5-ad2c05879b5c;183.131.227.232
whart@example.org;919.374.9218x8109;0ef58966-f194-c45f-ac70-c421081b646b;1.34.144.101
brianharmon@example.com;(733)452-6254x25040;ba6cfdb2-fecc-c8ee-cf4e-c6976377a5f9;223.129.22.82
cdillon@example.org;001-387-560-8991x9204;b49ad568-885a-5d3e-c27e-4c7311507b6b;220.233.69.148
brettwalker@example.org;001-220-748-9531;12baec1e-c314-500a-526a-c0f89af47f5f;178.203.178.161
crosselizabeth@example.com;(624)922-0555x513;350fce63-431c-7a79-8068-2e4bb45c55b3;141.241.249.100
dixonerika@example.net;4452759252;a06f412f-6975-4cf8-31f8-b02353fcaf0b;150.103.1.27
turnersandra@example.org;(809)819-3405;a55bb0c5-0765-9908-17ec-69e9bb000b2e;209.194.112.209
elainehorne@example.com;206-275-2752;8180a118-98fd-c210-1d10-7e0680bc0373;178.100.226.177
markbrown@example.com;(604)818-7994x50665;90882f0f-9f36-60ae-8f46-4d32f7882243;202.90.205.187
rreynolds@example.net;(968)851-0556;6de6669f-625d-4c8b-b354-bf2c5bcfce56;189.27.139.54
shellythompson@example.com;372-314-0649x759;f878d112-54fb-a855-604b-ee6605d1c27f;149.68.202.91
gsimpson@example.net;+1-602-580-1621;bd62ff8f-25b0-d055-a876-866e17ce4687;219.97.50.88
donaldhanson@example.net;+1-993-566-9736x3800;0ccaee4a-90f6-991d-aa7b-10f9cec964fc;147.224.241.145
stephaniewise@example.net;001-712-241-3953x9934;df9d5b39-d042-c9a9-0d3d-cf446210af3c;145.104.68.142
whamilton@example.net;(704)366-2149x38224;b9a8451f-b4fa-c992-fc24-a072c21fd57d;73.73.180.175
icraig@example.org;672-919-1694x769;3ae56f41-58e3-3a2a-9fef-f3a5fdc1f9ff;200.107.244.54
ggarcia@example.com;964.951.8836x092;df0a207b-4049-a620-a7cc-48df8cdb7d72;210.97.219.187
holly41@example.org;(536)899-7099x351;e1c29e92-a61c-d3ff-81c7-9391632683cf;173.216.170.44
kara54@example.net;854-699-0258x9436;329da206-f067-44ff-cf7e-b698bd3e1519;94.52.226.91
reedhunter@example.net;001-271-284-8452x415;498e2235-e309-4172-2d03-9d7e9b2585d0;78.10.11.45
randybauer@example.com;2144467813;0c60e645-105b-2de6-e696-c1170ba6a3a4;192.125.49.40
rdiaz@example.com;(380)287-7113x8531;42885758-6655-8704-0d34-b32b42917eb9;151.39.116.248
frenchthomas@example.org;001-601-463-5942x23045;41e3664c-56c5-dd08-d8d4-cae3672ac798;31.149.89.195
kristopher61@example.org;371.366.7537x5748;752b44ac-11a9-feef-8c37-496b85a4e12a;204.202.104.127
heatherhawkins@example.net;001-516-882-3164x04598;cde29766-8214-1a7e-664c-a19fdd4da456;119.136.241.39
rickeymorgan@example.com;+1-283-726-7603;e47f733a-8b3c-aa09-f37d-49ef9f7cf1dd;57.182.191.62
syoung@example.net;001-528-247-4450x414;22ab8ad0-c75a-fc3f-0d6f-7472b73cb14e;29.11.117.16
wesley42@example.org;704-447-8292x0625;ea7d9c0d-a6c1-8175-0f41-9b75068da0e5;198.32.253.69
kim51@example.com;350.799.8913x70385;aeb59e8d-3d03-3f66-599d-7a74cd999d46;129.209.248.115
christopher17@example.org;+1-543-333-5256x5121;61f5512f-f3cd-2dd0-1062-4d2f46187164;170.234.84.242
thompsonmichael@example.net;(527)925-6797x06178;062de2c4-5b44-aabe-eedc-380ad3e35a7d;217.155.190.214
nguyenleslie@example.org;(458)390-3834x381;845be3af-6cd8-9b4e-fd2e-12978d97df8c;202.129.37.205
jessica42@example.org;375-469-4720x94457;2cf7a4bf-8ec8-dd69-9cc2-b0d598d0bb57;184.120.9.149
susan52@example.net;572-788-2532;dc794cb6-6334-2a42-e3ae-b85cb9bfe32e;183.251.118.43
hendersonmelanie@example.com;505.383.7404;e475de22-4321-00d2-8ec2-fd5d49991073;219.120.116.97
ashley28@example.com;300.704.5364x01960;4c5ae989-be59-2946-e9bf-114adce1b421;203.40.19.248
turnermichelle@example.org;(530)795-6454x47515;7b7e6000-3c84-a37b-be64-4b0599a5571a;192.136.118.229
johnsonrobert@example.com;+1-623-677-1925x77994;a98248cf-ecf4-f149-e788-b3ecef67e0ef;171.39.251.13
cummingsjames@example.org;(204)383-0503x68687;15b6e762-1af2-8d43-17c7-57f24a1cd6e0;130.217.158.202
dianealvarez@example.com;(891)765-1348x874;ed3dc723-e651-d9dd-607a-528fe62df906;207.135.247.140
dbyrd@example.com;869-907-1652x54264;ed78f7af-52a6-cb36-9a48-841050c52fb6;220.248.9.24
mcdonaldlauren@example.com;782.369.5231x320;e116109b-1eaa-6542-3406-6d78dc1cb119;197.65.178.201
abrown@example.net;348.295.9268x8755;ba5ab6d3-7ce2-6eec-7949-61d60c778ad2;63.78.173.128
whodges@example.com;923.877.2506;bab0cf29-d02b-871c-52e1-82421f8614aa;214.88.180.98
pwilliams@example.com;001-532-271-6345x25005;89f03ee9-06e9-0a24-6512-6da14b1ee1e7;147.14.216.51
reevesmatthew@example.net;229.226.6714x09909;8912208e-94f9-0544-8b9a-c959108c30a9;43.218.251.126
tconley@example.net;001-521-853-1942x42517;93dedfc4-8acc-1a0c-034e-15f7cc5a68ed;212.153.185.141
troyproctor@example.org;+1-666-988-0701x489;c3d5f705-f953-78d0-8e50-eeab68940c1c;213.34.194.11
james55@example.net;5795584339;cbdf834d-af77-5d20-9659-cc1b4def3107;140.66.230.25
darrell13@example.com;541-424-7673;9a3ceb00-0658-9bf5-0a03-15ab0a79822c;58.121.42.144
valerie68@example.net;645-820-2720;a1b70d1e-cdbf-d2c7-5bf9-15d5419493e7;67.25.177.114
michaelmayo@example.com;988-632-1432x878;cf595654-7f44-39a3-cbf0-8271f1f6c6e7;161.79.141.199
woodhayley@example.net;(582)871-3059x3840;e4f44e04-cc49-599c-75bb-84e4be471677;181.154.229.104
anthony70@example.com;(784)579-4890x4008;8127b17b-8a21-6c63-5bd3-22afbc2ce3c9;214.16.14.239
middletonbrian@example.com;(436)810-1735;e09934c5-5c9d-f61f-701c-1582adc30106;223.203.163.244
bbrock@example.net;001-621-821-1655x0441;e66c6557-078b-58b5-c568-61ea743a11cd;90.85.62.181
mthompson@example.org;335.594.2937;3429c2bd-4f87-602d-987b-ac2afc8b9a47;139.155.115.180
ybowen@example.org;(908)834-7119;dd5f9618-33c3-7bd5-149c-0cc5755bf686;78.81.27.65
mitchelljohn@example.org;435.318.5943x62582;8ec2ee45-aac6-a70d-5808-d26d2c396098;144.81.248.50
piercekatie@example.org;+1-533-306-8507;61cada0e-e793-af1e-b9af-fceb3991ae34;214.89.21.223
lejennifer@example.com;646-848-0620x764;b68c71dd-5f30-c222-8519-10b7da4df3e3;219.234.60.105
gturner@example.org;+1-759-486-5600;52a6bcb8-0ddf-8f74-dd71-29b32b0cd68d;3.160.113.200
smithcolin@example.com;(503)798-2841;a9f6a01d-8f09-a0dd-d074-f34133f02bcc;168.30.125.242
kcisneros@example.com;236-387-9726x2571;5d4b5a79-d772-bba4-28dc-645027d2ff05;175.223.79.179
cathy82@example.org;001-734-568-1459;0cd3693d-3d1d-592b-65db-223ade8a1bd1;204.221.43.68
hectorroberts@example.org;+1-410-266-1057;fb93e9ff-fd7a-1ea6-984f-7fe1453656aa;208.217.51.202
jholmes@example.net;506.979.2684x02092;3e18dfa3-1f6a-d484-848e-c55fd2818427;212.138.190.65
hillmatthew@example.org;713.770.2910;870a201f-04da-cd52-163f-63d3d07b2253;34.154.161.213
vanessa58@example.net;706.883.8471x0917;3c7bf499-d1fe-e8c9-a032-5c13b4f45f36;187.51.199.105
eholt@example.org;(299)312-6525;54ebc73e-fd01-b478-b74c-3234c4f57126;126.148.107.191
phillipsdavid@example.com;596-579-0259;cb0ec7a4-f28e-9b2b-01aa-ddb9c664f2f3;126.106.114.214
zjennings@example.com;(375)932-4349x8602;53954f72-f3bb-94dd-20e7-e12bf54f3085;59.227.19.183
david75@example.org;846.283.1969x9384;13d881f2-b4ec-4827-f102-6813e08b1a69;201.234.194.177
johnalvarez@example.net;(550)757-8323;1aca663e-0a70-983c-dd0a-78d79d278e7b;219.237.107.129
uhughes@example.org;001-335-484-8302x538;d33c4ad9-dd03-4d6e-e65b-f37ad3cff563;32.132.1.207
kimberlyparker@example.com;335.833.5040;d7a358b6-383b-e932-ac55-0de2652d529d;213.210.122.6
leslie81@example.net;463.871.6269;ec791b5c-7a89-feb7-72ab-c68768b36d53;194.106.220.132
gglover@example.com;001-451-800-2301x6785;8c880aee-981e-e198-ba51-6ab2a0ab42b6;195.217.162.246
youngpatrick@example.net;789.948.6262;7105f008-5f9f-ce00-3ecc-6c1c99c47e18;209.117.27.218
kelsey13@example.net;(284)489-5954;a4ed40fc-b866-36ce-dc9a-01edec4a92de;222.255.194.100
nthomas@example.com;869-907-1652x54264;ed78f7af-52a6-cb36-9a48-841050c52fb6;180.191.1.8
carolyn07@example.com;001-205-815-6418x7399;88935783-cb43-3cc1-0e8e-d61de3a34bda;215.44.133.103
angela02@example.com;(466)476-6757x453;34602c9f-f5a8-78b4-a0ea-95e319ba67de;186.51.194.177
xhodge@example.com;+1-388-381-6898;7a28a842-ec6f-4fbd-4a7c-2579067e3785;200.127.187.230
amorales@example.org;+1-852-577-1854;f0e1167d-a39d-f997-9ffc-56a8ccce99b5;213.232.186.237
phillipsdavid@example.com;623-907-9120x69327;cb0ec7a4-f28e-9b2b-01aa-ddb9c664f2f3;201.238.119.211
melissa48@example.net;(544)626-4786;8e13fcbc-5f58-ab5b-b913-91512ce4a1d1;175.88.84.49
elizabeth13@example.net;637.742.2224x95086;221335a9-84bd-235e-b37e-19ab27b80b68;192.253.144.156
ntownsend@example.org;+1-486-732-1286x45329;b928a24c-dd49-b9d5-36fd-46b3563c8a66;185.251.22.74
mitchellthomas@example.org;5779693726;d1759f81-4d2f-483c-12a1-a931f872d70c;200.59.223.217
richardbrown@example.org;777.492.3744x032;ef182d1d-95b0-6f7a-c8a5-64ca70c8ae6a;90.250.169.173
jenniferharris@example.org;201.946.8982x7643;23e13b46-09c3-0668-0152-71bee6e84807;136.47.135.111
nwood@example.com;(839)615-8948x7335;2daeb8cd-138e-d932-9ad0-051f3b1a0b99;210.225.6.10
dnorman@example.org;001-733-715-1905;12be786f-79eb-b5ba-414e-add1b807b514;3.3.69.193
shelly89@example.org;+1-885-761-8325x452;56f296ba-9b55-cbb2-d3b9-8c84d6c55bea;174.99.35.81
bblair@example.net;769.945.9024x670;353812e9-50e2-6c4f-adde-89bd91e9a3c5;109.90.218.171
stephanie63@example.com;(363)345-0472x664;702b4467-3775-e3b4-47f3-73634186af6c;144.21.155.249
bryantregina@example.com;(346)830-2952x211;05ac70b5-f74a-7b06-eaf8-35cd1941211e;104.190.75.201
ncrawford@example.net;(832)686-5302;88e54164-b24b-9759-4f52-33d499ef51e7;90.62.113.50
robertsimpson@example.org;245.547.3039;8062b693-5aa3-7ec7-d2c9-9eb44807f3cc;24.46.52.158
charris@example.com;+1-661-453-7662x72904;9741fa49-828d-fb8a-3571-68c6c92a420f;1.166.18.227
kathyvaughan@example.net;(733)637-3392x546;9d36b2df-4af1-947f-08aa-7d96c245b4ad;19.196.223.88
amy78@example.org;470-322-0243;b4802f91-b169-4421-a1dd-23f3d283ef72;189.118.37.73
mccannanthony@example.net;(624)362-3983x0999;3ca6c2b6-cc1a-a962-b3ed-31143e88e21b;31.186.182.222
garciajohn@example.net;967.301.7419x0115;9f12dcae-41d9-989a-0373-002877763f2e;219.12.106.87
carrhector@example.net;878-871-1396;34bc7d02-84a9-d057-9241-5e28a13c7630;159.191.185.231
qjohnson@example.net;759.259.9136;9e8b6e47-0145-cd78-0c53-b68287101564;113.239.151.144
clarkbenjamin@example.org;001-311-592-3143x8245;c11716c3-dbb6-43c5-9d2b-627c44a72481;205.217.11.33
madisonmartinez@example.net;556-454-7587;e858a606-f4f6-c2bb-01e2-5f96f55514c4;203.239.217.41
jwalker@example.org;001-579-528-0031x984;d486cd0e-22c9-d1ef-19fb-30f7273ab000;151.243.246.186
jeremyfischer@example.com;304-575-9721;2e2bb5c0-deec-50e2-1c0a-bdef7eec0bb3;159.14.87.208
jcollins@example.net;936-482-5328x43541;a2d11f4c-544e-4bdd-4c6b-9a67fd8dbfa0;165.160.241.1
mharris@example.net;(742)310-1873x775;67f040f5-f487-61ff-e7a2-117745a8088d;154.124.118.86
brucecrosby@example.org;696-393-5025x43070;dcc867bf-1161-1492-6794-57eb4f142f48;136.40.224.80
spearsscott@example.org;+1-879-939-5628;9cf97b86-d987-2b40-2f15-02ee9c5b0b82;184.2.31.96
chandavid@example.net;(823)554-7127;8b103fb8-029e-eb52-9472-78d4b99f9a89;214.209.166.197
zvincent@example.com;(430)509-7820x05505;5e7b3bbd-976d-1f9d-0039-d569b85e237a;149.30.231.9
vturner@example.org;(443)848-6756;b31a74e7-7516-45c2-b228-9770ce6139ef;212.119.143.90
hancockhannah@example.com;001-965-679-6266x4285;63715a0b-9985-3fc0-efa8-f53130def22a;212.9.102.55
christine64@example.org;448.512.7779x37295;bba497e4-e8ff-c741-65a7-ed663b355d99;162.220.107.36
kristina38@example.com;+1-349-986-5565x397;41770c10-b619-0d30-808a-be6c7d7c7389;63.156.228.231
hmontgomery@example.com;(234)654-3443x8771;fc2e3d3c-856b-e14a-dcfe-aca32f668660;183.112.240.211
misty28@example.com;(650)894-2893x914;62c8b0f5-f628-77a7-e64e-4721cf1132ef;209.83.222.120
chapmanseth@example.com;(975)381-2839x6546;8d087bb2-a96b-9274-4ed8-aeca431eb134;147.77.216.52
dlopez@example.net;+1-283-417-4640x000;c1c747af-9171-3d02-60e6-90edc73a747b;208.124.154.25
ljordan@example.com;001-291-986-7690x4380;71f176f1-2dc2-9724-49e9-2797bdb1d6cf;99.96.153.199
jessica97@example.com;(802)996-4230;64a7d999-646f-289b-4397-18282f4ab2b0;101.201.161.221
fjensen@example.org;231-262-7285;21ab6172-e5ef-97d5-991a-352347c6ec6c;205.219.123.205
ucain@example.org;277-653-9720;fd0a7b1f-0222-bd30-c677-a029ba42db9e;183.118.137.163
bblair@example.net;001-833-523-5198x06028;9817e5c2-6971-34be-52fd-56ce2dd7b531;205.111.17.186
mwilliams@example.net;628.771.0949;9f2c2c9e-d099-d365-e46a-35681b7022dd;15.10.248.120
wferguson@example.org;(331)885-2681x51934;3e5b9ac8-782c-cd1c-318e-0eba44b2b7c1;204.171.125.6
andreaclements@example.net;001-793-451-3286;bf123914-5089-f3d8-f12e-7372b741805c;32.213.211.97
ubeck@example.net;724.263.7669x29989;621ead54-7c14-100d-6f71-6514f70424a9;63.99.56.89
russellmark@example.net;351.287.2685x594;ca383673-ff10-aa84-2203-84a19562d702;208.5.248.165
kim81@example.org;202-466-4970;2c56241e-de76-43fd-ec91-49fc856a7435;158.242.202.105
vsantana@example.net;507.406.8628x675;b57b16a4-4219-de10-2b62-6133de48cc06;23.91.133.33
ronald70@example.net;+1-222-514-3674x34853;dd376fe4-b27e-965f-b9d8-895ecabf7861;123.251.122.166
colinmoore@example.org;5015073365;87fbc7fc-ecf4-a088-8d99-8ab8dc8c13d4;220.26.67.105
ianparks@example.com;(935)824-7868x0261;c051c7d7-729e-94cb-225d-e3e245e512fb;14.8.167.145
soliver@example.net;(442)954-8132x542;c57f5f71-ad75-ba47-acc8-e426f264105e;177.26.99.46
jennifer20@example.org;(217)821-9075;d37b22c3-8d3a-415f-cf36-3c131e15e154;6.167.26.43
jacobglover@example.com;693-323-9290;79d7a674-e88b-35c7-be48-3aadfb1aebe1;208.118.253.179
michael10@example.org;661-249-7565x4442;554aafdb-c00c-08f3-283b-d950348c41a2;18.184.16.27
yhensley@example.net;+1-967-649-0168;da836d72-b69b-d3ec-c080-14d4c029e466;218.1.242.5
jerryanthony@example.org;001-488-577-5876x76684;4f0ef52d-86c4-2f85-4201-787e86a0215c;220.95.195.88
ashleyhuffman@example.com;+1-955-738-0772x86031;a773ddbe-db2a-12c1-96b6-b94f0fee3fe2;204.222.21.44
kaylatucker@example.org;213-502-4545;910ca0c0-c5c4-0f84-845d-9679371d061d;3.66.144.149
james69@example.org;401-642-3811;9bc67997-15a0-9318-22d8-0ce5f0e0e1d3;65.241.57.112
robertsglen@example.net;517.204.4956x9144;b3e246b6-9335-c793-50d3-54082d21de4c;176.231.244.239
jesus63@example.org;(233)577-4186x75726;e96e19ad-2659-b8a8-c0c7-3f7dbdee75c2;126.222.100.83
jon68@example.net;+1-773-547-1857;61801ef0-6d49-4e54-6e65-e3518dceb571;3.215.177.156
porterkristine@example.com;(626)312-5024x4020;a020ed9b-82ce-aa9a-04e8-b82d53c1be31;157.134.220.21
ruizjulie@example.org;+1-856-599-0918x791;64de199a-bd35-1516-57fa-0d6b651a02fd;168.36.190.147
tammy88@example.com;2069991663;45cd4e55-9149-aa3d-2fd0-15a2106374f9;212.53.244.91
pyates@example.net;916-984-0257x5744;74c7d538-de6a-a407-af97-04cbc78b051b;119.252.211.255
james70@example.com;612-536-7833x21555;fd1fa708-f5c4-7295-3f02-2167846a03e4;223.169.12.96
annparker@example.com;326.696.2091x87562;4dad85c6-50ed-b8b9-d9d9-3e098622b1af;193.106.172.57
millsjoshua@example.net;001-710-871-6384x99765;c91d8a63-bd24-9ea3-8678-d2854959fbca;50.212.251.81
longsean@example.com;+1-946-376-4162x514;98690892-d02f-4711-e748-1a22e8b90ce9;194.206.18.125
manningjasmin@example.net;563.843.5817;9151ea4e-b60e-fb00-3d38-4476ee75e1f1;21.208.139.211
mcguiretimothy@example.com;670-533-8730x694;cd3dee10-ba08-cc83-6e09-5058370363a0;211.177.245.123
daniel94@example.com;(485)960-5817x2723;ce799bc6-697c-e04b-fb7e-50cc53991b5d;86.123.147.159
markwilliams@example.org;408-280-9745x89531;4f661f91-4c8d-6cd4-db39-e03528eef855;168.143.239.121
cperez@example.net;001-743-842-9490x134;337c59dc-b60d-e3c0-a847-2cd4d3082a18;95.227.78.200
carpentercharles@example.net;+1-476-506-7574x3331;94c00c64-3333-fffc-bc20-706fb4db475b;136.92.192.121
lancejohnson@example.net;(658)463-2838;9442fa05-9366-4d28-51a6-0534baeaab48;111.95.55.83
jessicarice@example.net;001-203-548-4266;3f3c774b-b651-88e6-951a-5b31ce0a6b6a;216.201.42.156
philip49@example.net;+1-490-450-2485x422;67572daf-2d73-b159-4a99-a911da7804b2;174.160.1.21
katielarson@example.org;(775)214-4689x28471;caa3460b-d89f-5bce-0642-7d60e87de5e1;193.32.239.28
tshea@example.net;868.388.4568x272;f9538b4b-a9b6-41d4-6826-c2041047f166;172.44.167.146
pamela79@example.org;784.970.4971;c32f1d8d-320d-e668-ddd2-61e2f4e7dc6d;170.90.228.36
rhondaramos@example.com;255-836-2633;e1a256e5-a7e0-09ae-cd5c-abcf9942c3be;28.122.174.1
eric21@example.net;9022451125;67626e16-3a46-38f7-b96b-2fd6a22692f8;217.190.249.237
garciarachel@example.net;+1-285-757-9570x1730;9f8a14af-f120-6cc7-2de4-43ac7b2cae0d;76.212.46.165
matthewwhite@example.org;352-598-2444x91862;2af97b56-58da-c14d-5bd0-aad18af90c29;79.189.226.80
wthomas@example.net;641.799.0785x5898;a3646c21-4781-d7cd-fa8b-d34b9862d0b6;118.177.84.144
dwashington@example.net;+1-975-932-6976;3c42bee8-983a-fa5c-615f-5d2afce74f9b;214.171.120.191
torreschristopher@example.net;(300)593-9850x357;181d1da3-1ac0-b62a-7acd-3a49e3580949;217.184.59.109
smithmartha@example.com;4556036000;4e715bad-2ae2-2c57-2e04-63d5bfbb39e8;209.137.183.219
farmerjonathan@example.org;650.991.5819;8e3fed76-f6f5-9394-66ff-91f9ba505fbf;128.186.174.175
zgarrett@example.com;(787)363-5846x7508;ef0aee5b-82ad-d695-f699-9159c0ceb2f2;174.157.170.128
crystalmcdaniel@example.com;878-891-9594;6b35075c-ab2c-ec84-e422-07e02248cf5e;90.21.108.44
summersderek@example.net;255.890.5755;c04d6a51-9d2f-0dbf-2ad5-efcc59ece4c7;24.185.166.203
dennis52@example.net;374-332-4604;70a74dad-265a-a757-1b5c-f3c464a45754;87.19.78.148
ashleypatel@example.net;+1-252-534-6517x91017;06a71e53-e938-7600-edd1-38a717a78b89;198.235.87.92
staylor@example.net;001-351-934-0071;4c7db384-9709-5b07-93f4-61db9f2b5109;17.53.227.155
omanning@example.com;001-568-360-6841x9078;c5d7780e-1dc3-555a-0fec-250cc812f081;221.168.234.212
tgilbert@example.com;513.802.2240x84935;49285678-9a87-5bd2-4f9d-1e9aa93b9b10;21.181.83.224
eshannon@example.com;672-334-5743x80603;b0607e0c-ddbe-990e-34a3-a6ec32ee47a4;146.65.176.40
dawn67@example.com;662.990.9309;7514b3a6-5153-5f4f-180f-6e3101198bde;167.198.78.180
ojones@example.org;+1-698-215-2729;ad9f58e8-f8af-eabe-6b62-ac876c87d864;161.175.179.236
bjackson@example.net;334-797-1428x72330;d0dffb99-1d35-a9a8-b9c3-a14050044299;179.209.232.221
wjones@example.org;328-701-2163x4240;5b6db709-4239-57e7-d8b5-a3273bc1ddb6;95.76.52.58
mia28@example.com;+1-516-440-6727x6114;7d482771-30a7-c1e3-20f2-3dd4adf64730;139.166.251.122
egraham@example.net;219-783-8812x0133;20c2f0d2-5979-76c8-164a-efeac06c6499;36.195.170.34
lisamiller@example.com;(790)809-0368x38178;72284ed9-4851-3e39-3b9e-5bde628e4d4b;206.193.246.232
cowansummer@example.com;(360)508-9231x64032;c0a699c2-6736-0588-41bf-96076cf5344f;205.117.104.187
juan24@example.com;(361)226-7184;63769db8-dfd4-f34c-03c8-a621537dc392;173.91.109.66
nicole06@example.net;(560)958-7558x183;eee47c36-d080-61db-1180-1f8d0357ff85;169.91.9.220
dhowell@example.com;377.728.1250x1423;75e61a14-c620-cb43-3e14-dc60b7873bd0;162.14.75.100
reyesjonathan@example.com;597-620-4685;26bba711-29db-20cf-2a16-09452444f50f;149.108.136.169
iadams@example.net;001-287-364-9055x0316;460ae422-caa0-848f-86d5-ea6f33ac16be;83.29.24.8
jasongarcia@example.com;7388303956;2dc332bb-a85c-948f-0740-91658faacf40;220.188.119.49
colejackson@example.net;694-473-2534;ef634624-da99-a9a0-3e13-0db0b5fe6316;31.67.38.195
qhancock@example.org;597-530-5649;52d3485f-105f-336b-7034-8c8c1ec3f8f4;223.69.52.151
nancy54@example.org;790.249.6359x076;87bcdd32-aba4-c1ad-5ac3-6837c81c2a3d;5.234.255.101
brad65@example.net;216.659.4145x21544;2654ecc0-06c9-cd08-e36f-b1b7c2e9ea47;201.242.21.27
kenneth62@example.com;271-240-2470x14536;9b1e6c93-afbf-b76b-4e28-566a0d9fb34e;41.28.243.86
michelle82@example.com;+1-539-402-0394;ca5e59bb-71e2-92b2-5c32-969b376c53ed;82.66.225.73
wrightamy@example.com;209-254-7782x4116;6d510a44-e060-d4e7-273c-b9562b061e11;142.222.149.206
ryan08@example.org;(401)744-0244;a3ccbd43-e95e-a6e2-39a4-cc30211700a1;223.121.239.232
harrisbarbara@example.org;867-871-8057;3fa3485f-0d71-756c-57a9-54a0bc90aa7f;96.142.171.82
smithtanya@example.org;+1-779-889-5537x6280;26c53fba-8492-a1b9-3536-92ca07fba88e;177.37.239.246
huntjustin@example.com;+1-444-771-2060x56883;a97fee9b-87b9-ed47-c83d-c945215de1c4;206.186.19.8
nsimmons@example.org;212-492-5459;0f083fb0-6da1-7132-54b0-5ef5e8bf5b85;113.37.140.99
armstrongtammy@example.com;6077784526;4b07fcfb-5c06-ed62-83d7-d7c879d96034;182.254.72.26
kingeileen@example.net;921.887.7414x44463;a37c1b7d-1d44-633a-0111-4e1afb0208a5;112.102.198.50
jasonmartin@example.org;717-469-1252x4620;9c15b77b-b12e-9b9a-2aae-821bf0dd0ded;11.107.97.130
scottharper@example.net;+1-725-341-6482x9344;41105984-0ca0-1026-7a3c-6b08d4709e20;1.250.77.97
hartedward@example.net;938.284.4593;9f2ad291-b210-7029-474f-a5e23d2a197b;154.12.205.16
mford@example.org;934-426-9286;3ba4e015-9056-1db7-028c-629ad53b4c23;164.95.87.24
derekwhite@example.com;(409)859-6209x66039;ab18d23c-fa81-832e-b808-9b104841fb4e;188.62.161.68
bblackburn@example.com;918.903.5323;9b41e9c3-e9da-8bab-8bf6-4836a761cd84;191.48.212.193
jonesandrea@example.net;+1-319-236-7329;cde03b48-b3a9-7915-03a0-f44d5dc6f4a5;192.182.209.221
evancampbell@example.org;(204)792-1223;dda25a9c-69bd-2488-d0a8-3111d63e6ac7;181.26.239.85
dakotareyes@example.com;648-448-7263;6519da79-f5d3-f000-1fe6-ea6dff1334d8;205.153.124.76
steven34@example.net;403-711-3157x55168;621ead54-7c14-100d-6f71-6514f70424a9;194.199.230.139
steelemichael@example.org;325.541.3668;c5b506a2-daa5-89bb-ad6c-e095e3dbed64;19.236.106.55
fishereric@example.net;780-234-8505;ade6503c-df31-cfe5-e65d-a2136ebce880;181.247.9.247
tsanders@example.org;7292821006;89de5b5c-6fc2-4c30-a2a1-4568a4fa4190;208.250.196.72
leslie81@example.net;(415)416-6750x855;99676b55-b4a8-9060-66c3-27452b930ac5;131.146.234.247
smithmisty@example.com;519.637.5593x678;02013087-a700-451a-e612-af78c591f024;136.125.99.58
sgray@example.com;+1-335-418-9044x8912;fcc3f6ea-af96-7861-5a43-20fa663597fa;51.128.214.172
amy35@example.com;213-896-6745x943;5b14cd01-1e0d-4e61-778c-223f984b28dd;219.200.5.198
ashleyjohnson@example.org;239-456-8462x15319;c3918837-0ac8-26e8-6b61-d22aba43ab94;218.73.28.250
jeremytran@example.net;7485206101;d1394165-a863-7fb4-0f39-7e7832f1d4b5;165.62.44.139
brookskimberly@example.net;622-972-0619x3272;98aab733-d219-3d5d-f630-64cc1c16dcc9;195.119.7.91
scombs@example.com;244-827-7478;fb733f16-b384-9913-340d-2b0cff0e62dc;16.232.181.109
kcase@example.com;(806)914-9643;91607c7b-d144-7c72-9451-96c367850120;173.185.122.66
mendezshane@example.net;(588)583-6291;47372456-af88-f2e3-12f7-44ac3ea25ce3;210.97.219.187
zlawson@example.com;980.929.0080x1409;762c3660-79ee-8482-2cc9-35860e924fdc;221.80.90.82
kylegillespie@example.net;479-541-4192;1ebca7fc-1a2b-13a8-1c49-3bd9e69e1585;192.4.97.42
linmargaret@example.org;+1-221-800-0552;947c49f4-aa4f-ae60-a2f8-2e4f80350fcb;184.248.13.79
ashley63@example.com;522.271.7305;4e224247-7b0a-3336-bada-3a53ba869c13;157.27.240.181
simmonswilliam@example.org;+1-885-610-2912x6200;de9d7756-9f46-1202-d8ec-d482214b50e3;215.66.210.190
milesjill@example.com;001-756-832-7781x79872;181775da-f4c4-1f94-b091-7e494be744e9;221.232.194.107
evelyn48@example.com;+1-711-464-3883x7365;aa1e4f00-4106-571a-a758-0ef73e33fd50;34.157.211.39
robinford@example.org;934.955.1175x50200;786a82e7-5901-c3b0-d857-fcff9bfd207d;218.174.28.10
carlos83@example.com;498-267-8322x06871;ef38427b-74da-8bad-a4e8-4cee88799111;25.8.140.69
lammark@example.net;001-825-890-9271x26594;f39a845f-6cc4-32af-f49b-4c6ae213c338;159.184.17.17
aaron51@example.com;+1-597-212-4615x2995;ee40bf11-6cef-396b-8a61-8f9fbd81e367;200.232.32.93
tammy71@example.net;001-818-821-7356x804;0ca20913-43b5-b6ac-06c0-be4390b4d34c;65.210.193.141
emilyprince@example.com;715.356.7694x98922;cfafb5a4-f9cb-e7fe-373a-121d7dac154f;176.70.227.209
bjones@example.org;001-253-467-3855x60845;752f0139-aa62-182c-2784-22e6da3e07fb;115.239.127.33
christopherdiaz@example.org;907-533-6915x10735;5c5a8af7-fa42-d6cd-b5cd-466c94ea1230;25.250.116.57
thompsonamy@example.net;+1-814-321-9305x914;06291582-a6ee-723f-cef3-e60c9b4ee4ef;188.220.9.99
benjamin30@example.net;(576)712-1225;76129484-29f6-6de3-ea8f-e529c07f6d4b;129.105.26.32
dmartinez@example.net;700-862-5368x10187;37d00670-7d12-5793-821c-a455012b8cb4;169.238.35.19
karendaniel@example.org;+1-573-630-5676x22969;7c2c3548-c0f2-0e66-6852-5ae59de19429;129.212.133.41
earlburton@example.net;001-782-363-8812x9846;63a2e519-8aa7-a7cd-6175-7c4f43089244;77.27.79.97
curtismonique@example.org;227-440-2780;36165acc-dd78-1438-3236-ae8eea21b289;146.127.46.213
ugomez@example.org;706-809-9257;777e8653-08d1-c903-b2e9-b3c050313f0c;119.71.98.170
carolinemeyer@example.org;+1-542-225-6248x14507;b5d97b96-c102-1bcd-09b7-bca75f3765be;40.63.10.67
umccormick@example.com;(394)675-6282x749;f1cfbe39-d431-efcc-3553-7e9771419c04;214.182.12.250
philliptrevino@example.com;683-360-2867x2477;f6e5d9ad-cf92-f70b-9e00-c1a66f8acb09;220.210.18.187
veronicagilbert@example.com;(979)486-0548x677;b53b3984-104d-2748-7236-8d3de7c79d7b;203.19.24.249
darrellwatts@example.net;001-595-359-6859x6713;1fdb8c7e-898d-b1c8-9564-6fa1fb5294d9;159.247.18.29
twood@example.net;395-620-7055;4905fb4f-f6ac-62c6-796f-4330df8ecf00;177.122.45.203
jeremy06@example.org;+1-866-647-5531x82082;4577e559-c632-3e65-2ca6-cb2565b354ef;193.80.44.177
tylerjohnson@example.org;8333366775;3c0cdbc6-1611-e6b8-87ac-59c0f81402b1;83.154.134.250
reedjohn@example.com;943-550-9828x1021;6264898d-f236-8a1f-72b7-36212ff8bc58;160.41.229.126
steven16@example.org;(272)622-3500x71914;fbc42efb-fa26-47a8-9e0d-7c3560e0f788;29.192.240.83
jamie80@example.org;590.348.3814x3102;aa30d4a9-7473-322d-8176-2d29eada5439;192.136.118.229
dstokes@example.com;6236194346;4a2324a5-a153-3ef6-59be-3b625e619a2d;157.208.166.155
josepholsen@example.org;999.302.2781;843c8d7e-7733-896a-ab08-04414377a9b4;113.249.26.253
timothyfisher@example.com;7503813228;c321ae27-a193-9058-d330-91bb8402fd0a;201.93.153.135
jonesgordon@example.net;3872091654;13342103-3d55-2aa4-8795-bac798f98568;122.91.41.247
john42@example.com;658-457-9865x3957;042a8bce-3fac-1a63-e1db-662a525c73fa;169.166.225.54
boydpaul@example.com;646.461.4372x91619;dd33ef45-3827-d599-fcbe-43e7bc299be3;214.185.171.234
connorjones@example.com;+1-257-553-1030;6f50d1a0-ba69-b162-58ab-1ea3f53547ae;84.141.253.116
rcoleman@example.com;(726)606-1972x953;afdb650f-9c8f-6700-b5a7-2d1d933e2143;218.243.43.58
hmorris@example.net;+1-600-610-5436x2638;723d3057-096d-5b8b-c240-a2ff32e39072;132.159.255.184
grahamrebecca@example.com;+1-997-798-8432x59374;1deb7ad2-7f91-6536-9223-c55363ffeb55;153.226.134.193
bcole@example.net;001-251-365-0136x252;7a11a150-51a5-8b86-dfc6-5579298fd677;182.5.56.193
jpierce@example.com;(881)245-8912x70641;00adcb87-ca7e-5de2-ed7c-be605ae6c22c;155.87.94.113
johnmartin@example.org;001-536-626-8157x00583;080cfd1f-f86f-8d31-ccfb-0b82d8831ab1;92.5.149.219
margaret78@example.org;659.674.7105x29989;c037cab6-77b4-2a1d-f528-149ffe372944;201.85.170.0
fowlerpatrick@example.net;(540)202-1392x204;d850fbf1-1ade-c450-bc1d-64b7091c2c35;146.94.67.40
bmorgan@example.com;(434)894-3554x505;7ffb0754-ed46-85ba-2f5e-74b92c2fcddf;57.120.67.183
twalton@example.org;001-872-265-4253x1210;a0dc220d-d7f7-aeef-9776-bcd8c6dc5bd2;94.222.144.253
christopherwalker@example.org;294.256.2680x780;fe7f5d78-c47f-c348-72d4-14c7ba84eb9a;223.31.231.198
morrislarry@example.org;235.749.7350;60746ba5-4ff9-bb3b-966e-c5b988fda4c4;213.37.49.174
jsingh@example.net;+1-658-993-4882x290;9d88e505-2bf2-20e1-5b45-39d79d665b81;79.93.89.74
dennismahoney@example.net;625.557.6307x84687;5246289b-0311-52fa-114a-4e7f76b24ec1;195.56.178.214
bergersara@example.com;+1-987-838-8316x08056;53fdda3d-ab18-e6cb-6ea9-b7f343e9535f;189.204.107.67
thomas10@example.net;(478)762-8706x049;1988b108-cc21-76c2-7f65-d25f40f52660;190.70.207.117
donnamckenzie@example.org;001-838-373-0384x570;07cf30c5-67ee-64b1-7b43-122b91ae24cc;13.30.191.174
sandra04@example.com;(697)858-0966;a46f2bb5-0962-e3e7-8886-5c45061f92e5;36.28.151.245
angela20@example.com;+1-213-966-5679;470d051f-7453-5018-9f83-6c86ef15cfac;18.35.208.156
pholland@example.org;(576)712-1225;b24bb7a7-61b2-d53f-cf13-1f925db1878c;194.183.6.82
ashleyday@example.net;+1-449-739-7704x384;3b5ef38d-3907-9d24-c881-a0a753995d25;219.26.83.70
joyce50@example.com;(478)423-2158x42328;62905350-033f-9c02-2b0b-45d1126685c3;201.230.38.175
lfarmer@example.com;226-917-2482;d1cefc10-9a75-e718-7cac-02ea1dab8a2b;184.111.2.166
cathyclark@example.net;723.976.5723x6112;7b3b6d66-2d25-dcb1-2599-6e6d5c03aeda;187.137.119.38
melissahill@example.org;+1-716-610-4310x96705;65824b40-2723-a0f8-c802-231960662ac5;13.209.222.112
vbrock@example.com;001-625-273-7007;464f434f-2840-ce86-1d79-dd08142082c2;118.207.82.60
wlarsen@example.net;950.961.9419;5a42babc-308e-ffe6-1d6c-bc0e47ae87eb;164.128.130.226
wesleyburke@example.net;748-788-9814x912;e0d0e2a1-ead7-100c-1a38-24473dda71f6;49.63.218.249
lisathompson@example.com;599-951-4780;7d0e869f-f066-0f66-47b5-c91fea9ff16e;179.16.103.83
tyler81@example.net;+1-825-211-0498;fe66b512-a754-1858-8d17-97d130133648;115.169.248.246
arthurjohnson@example.com;(588)205-5437;46074a4f-c664-c96c-4322-2e62fb370d79;83.72.176.255
marshalldouglas@example.org;+1-691-270-7340;957ea281-5885-f870-ab0a-f48af4edae69;122.115.236.234
carolyn01@example.com;729-255-1629x1137;672e90c4-eaef-3f9d-1b3b-01e9fff4589b;216.61.244.165
gutierrezdaniel@example.com;5198397887;e936118a-e20e-4169-05df-3485f65dd37f;217.115.129.161
mary63@example.net;407-916-8706x6174;d6531e77-8c93-7827-7e9e-9b6168a6c259;21.102.241.145
jamesanderson@example.org;321-551-8391x19708;1327d275-4056-b962-31c5-fbabed5d5cd4;208.34.66.104
fmartinez@example.org;(468)735-3867x4405;a8469358-9b0e-62c6-1adc-433423560821;216.39.19.192
xmcguire@example.org;+1-350-634-9453x44854;716323b9-19d8-2183-5603-f17814ff5e0e;66.194.152.195
brad03@example.org;727-842-5008x9989;b529ec4a-7c88-fdae-322c-e26aab4053e0;209.162.138.240
tuckerterrance@example.com;988-283-4659x812;e801524f-3711-a155-31ff-fb0c7d5022e0;137.228.92.157
kristarobinson@example.com;418-244-8318x280;e6712fae-519a-10c5-1611-6d9242b0b055;18.108.31.93
suzannecampbell@example.org;668.714.3692x13829;2bddbdc7-f9aa-8ed8-382e-549859db15da;190.101.145.177
erik08@example.org;001-603-221-1281x4449;8c0a382e-3888-6827-d26d-10be2c9253ad;199.254.244.38
wagnercourtney@example.com;+1-484-522-7473x778;d0716ccb-02d6-1673-8b18-d96dd8c12a17;130.28.100.6
frederickandrade@example.com;3099422525;d54de43a-96c9-df93-1976-ba2d0b0cf358;144.46.230.213
gsimpson@example.net;678.792.2556x72095;bd62ff8f-25b0-d055-a876-866e17ce4687;95.158.226.20
jacobboyd@example.com;(781)942-7730x7750;03057d73-502a-a969-77bc-24cffc8d2195;11.220.103.99
thompsondavid@example.net;(382)884-9753;3db684ea-0e9c-9c0f-d197-f00787e69876;151.74.125.16
melissapalmer@example.org;+1-701-388-3223x1283;4c8e34a9-fbee-01f2-ab60-0621148bdd69;204.222.21.44
matthew08@example.com;8222385261;a1575352-90af-dc58-ec04-72bf6f4bd33a;73.127.162.157
adam79@example.org;(210)536-8449x559;a70e2701-cea4-cbca-a660-7c606f1c841b;194.106.161.203
vross@example.org;001-573-743-0821;bc0bbd30-da08-d3c7-3e10-11ae7a62eac6;200.115.168.135
april05@example.org;203-824-4989x53912;27d2a9b0-473d-34f6-e780-30618d320d3c;217.87.235.31
chris46@example.org;(659)427-1367;1a7b9955-4484-1868-48e7-8342e649c419;206.31.67.33
christinamiller@example.net;(739)616-5393x5537;3d77e696-665d-fb19-2c2b-980d99cc7fdd;162.115.11.156
bmiller@example.org;280.924.7007x25925;5dc1240a-ccd0-2b0d-db1d-c9d496cafe71;217.143.100.120
clarkcourtney@example.net;490-223-4707;219e1739-9588-b2b7-73f7-6f0e359d6d3d;32.151.156.176
patrickdavis@example.org;001-502-560-0831x6183;efcb9f7b-37af-536b-03e1-7df79a7d2715;136.153.184.82
bartlettjeffrey@example.org;+1-745-511-9788x8044;d7ef1964-cc13-5112-10fe-22c27136fcdb;114.139.90.251
villarrealrichard@example.net;001-304-379-6216;d2793941-c915-c7ed-8542-864497d03f5b;4.6.124.12
mark91@example.com;456-266-0305;0efc2d71-bdc0-044d-77fc-da4e9c5b4476;63.53.32.32
madelinethompson@example.com;(888)641-4589x97612;0f7d1b76-c736-3f9e-9fbd-ccdbb82c1540;208.181.104.172
brittany56@example.com;782.707.3996;3bcd774d-d6d4-1b54-223f-cc56675221b1;157.21.69.192
ronald70@example.net;+1-222-514-3674x34853;dd376fe4-b27e-965f-b9d8-895ecabf7861;181.169.211.140
svargas@example.com;3818916921;d28cae66-85a3-f6d6-6aa8-cbac3c821850;196.52.236.63
richardsraymond@example.net;+1-561-547-6032;1a3c69af-a704-33a9-90f8-8501caa4105b;187.188.192.13
danielle68@example.com;490.912.0073;adbd2f48-5574-63cf-d64e-74a7b081a1f3;162.115.11.156
pcaldwell@example.net;637-744-6108x88735;3e4f6370-1675-f78c-69aa-1981f3e2cc61;202.46.186.90
robinsonanne@example.org;938-723-1239;00a66601-6109-42e2-ebc2-ee8712d0288a;147.237.210.192
joseph08@example.org;848-454-6359x29695;ba2adbdc-2adf-0d02-7ce6-76a401744847;167.139.190.96
oliviamartin@example.com;641-387-2807;c671f857-2da9-1036-3313-f0dcfc78da93;206.162.183.241
sara97@example.net;+1-799-830-8005x359;7f294faa-5297-9070-048a-ed3f35e190fb;175.203.21.155
lucasrobert@example.com;6624301015;7eda8918-b1cb-cae6-136a-63ca5a4a606f;108.68.24.42
wrightbrad@example.org;8209763898;bd9722de-966d-45d0-85c7-8da8dbf08672;213.116.106.245
yrosales@example.net;936.480.2615x82883;cde31f12-f2ba-8161-c75f-25df008bd0d7;61.72.235.100
stoneclaire@example.com;+1-567-331-2243x02277;a8a32870-968a-c3e0-0fd2-3a8c50a90fb8;132.201.68.73
tricia54@example.com;001-477-647-2954x392;e627882d-2b59-2906-077d-b422ee370a7f;179.191.129.182
fcarter@example.net;(392)865-8521x01311;86ebd1d0-605d-822d-d0e6-ae4aa101823d;143.199.48.37
thomasnicholas@example.org;+1-920-497-4471x921;2f2b2327-dffe-a9ea-ed1b-e4b38ba7a488;129.90.48.82
mpetersen@example.com;863.530.9425x5348;45741ea1-0f02-8f3f-d7ba-c9921184c662;156.244.149.94
john91@example.net;(534)277-0836;362d5b5a-d18b-bb72-9c5a-eb8e8b084b93;179.240.8.209
cheryl34@example.org;8709364401;4b563ab8-ecc1-1ef3-7ae0-8ab38d413071;81.30.23.61
ianderson@example.org;(467)910-8985x3560;ef134be3-b273-edb7-82c2-3d9486a59106;130.199.92.185
harold06@example.org;813.772.6764x579;b3ce2a05-cdb4-68cb-8eac-94adc20f029b;67.0.66.12
toddhardin@example.com;339-670-7538x48429;18b1ae8d-2698-7a62-58fb-bf5e48b0d6b8;164.203.234.124
kedwards@example.com;(659)962-0103x3118;590b3f28-4566-d729-b0f6-781e6d257da0;218.236.81.156
oscarriley@example.net;515.941.4480;4a21502f-7dfb-5cfa-d0b5-ac2504d58233;199.196.60.104
anthony03@example.org;870-843-5237x3503;be9a4351-6154-8411-358f-63992bbfaf00;195.66.111.109
lopezemily@example.com;696-288-0676x786;48d83bf0-de96-1583-9f0a-45c48bbfce0a;180.125.167.19
corey22@example.org;+1-695-828-5702x65102;dbff585b-0994-8346-6475-61e846709ada;218.252.159.153
lisamoore@example.net;698-520-8076x92797;a8ea239d-0aad-0cbe-19a7-43924e96438e;218.47.251.254
fkoch@example.com;(289)889-7918x4819;f8e83155-e00a-1164-d3bb-df1963318804;208.231.101.76
justin32@example.com;942-400-2538x3162;24022a36-76c3-0c9b-7b32-669890a32745;202.209.107.181
bookerdarrell@example.com;+1-612-860-2794;988be25c-9a98-040f-6480-cd14fb883044;217.69.124.197
snowjames@example.net;8662431858;9c5f9b74-bbe6-7665-b4c8-fc22cf2c4fda;151.115.156.137
raymond54@example.com;402-508-7969;e1040125-4780-d0f3-89fe-de921a6c59a1;83.41.101.252
john22@example.com;580-839-7156;163ff985-5296-ab92-d8a8-2a54a4191752;201.205.155.54
bhudson@example.com;001-503-254-4513x7463;f4c997d0-9e97-55d5-de6e-e7f5be85d20a;183.1.191.255
david92@example.com;687.296.6332;99257f4d-7aeb-8038-9783-d090ff396bff;211.121.187.4
buchananlauren@example.org;+1-949-742-3356;36145aff-cafb-c25e-75a3-ec6bb3a458c5;160.21.93.214
brandiacevedo@example.com;467.479.8978x98576;874e04b0-21f1-02be-58d8-db2b9062a051;131.235.150.228
johnsoncynthia@example.net;+1-636-456-0896x306;33af276a-4cbd-03c7-04e9-6ffc40b70f41;84.242.170.116
hcasey@example.org;300.251.7636;e7dc6924-a2ad-c2c1-457c-9757fa168bba;197.32.79.65
pmcgee@example.org;289-708-5882;de4daa63-7b55-16c7-b5c1-20bdc0e53051;182.36.8.77
nhiggins@example.com;8884740638;35eb8b7f-5fca-3224-2ae9-4508257f28e8;135.219.189.2
ilopez@example.com;299.986.8078x719;898cf2cc-7a18-03e0-91a9-90b50a3eb593;42.159.252.97
pyoung@example.org;509.595.1823x09428;8339c23b-56b0-37da-3375-22a5f7c4dfba;204.128.118.35
charleneanderson@example.org;375-579-5628;d9357067-5494-851e-9382-e703fe951cfe;195.29.40.181
delgadosharon@example.com;+1-259-603-1674x3382;3ff30ffb-ee36-38c2-beaa-ce99ca8f7c42;197.171.22.149
rhodescarl@example.net;305.915.7880;5157a1cf-0bf1-fe2c-6fa1-ef977fb4efb3;207.109.67.248
davidhudson@example.net;+1-854-674-9123x905;d41e2dcb-d80a-65a4-2550-8a0ba1301d6a;89.224.223.10
ncastillo@example.org;3359291458;e17f8970-25c0-8347-2d5d-0dd8383c606e;75.190.34.163
sullivansteven@example.com;5028246482;c0bf836e-4ef2-1075-e0f9-f8366fa1ba03;121.115.46.189
morganwendy@example.org;856-765-9952x0301;4006f7e4-4223-74dd-df2b-65700c0f45cf;174.2.105.228
tesparza@example.net;455.643.3484;6bd41d94-44ef-5117-3645-80300ecadeea;155.68.39.119
gomezcory@example.com;(947)300-6789;9f27d181-9c26-8569-b4aa-1abf6b9f62c4;175.167.148.117
xwilson@example.net;+1-208-233-7968x537;75e61a14-c620-cb43-3e14-dc60b7873bd0;162.14.75.100
patty88@example.net;001-969-700-3825x66557;13d51e4e-0ccb-ff75-1c3c-9a0b3a726c6c;11.245.202.168
davidmiller@example.org;592-337-3378x45871;9859954f-e21a-5486-af77-94f218fa3c3f;24.124.183.198
amandalane@example.net;9045186959;48f4910f-2e8e-889f-b0d7-4dceb52880a6;193.15.122.124
brandi03@example.org;2165963778;a0e67819-14b1-370b-c193-2843a3b520fe;21.41.252.164
andrewsjason@example.org;9804095775;3104940c-89fa-e647-e821-c8a142c9d3a7;167.138.32.95
brittanyfields@example.net;001-528-490-1536;f22a367b-55f4-b66d-e850-d10dbf91d5bb;217.173.129.135
cory65@example.com;+1-500-398-0967x617;3da6a0d5-f22a-4da8-5740-56911197addc;114.25.171.0
hwarren@example.org;(933)890-5336x092;f81837bf-6ff4-0031-3fb8-5ce660708eb3;210.27.49.149
canderson@example.com;+1-540-635-2618x96769;9d1f1f1e-c44e-fc85-f89b-3d817aef3289;95.48.113.233
wilsonmichael@example.org;211.273.7741x83668;9107bb7d-184b-6317-bcf4-7dda19c82636;100.212.242.83
michaelasmith@example.com;+1-256-576-4924;81192949-f6d4-bdc9-c2d8-3a596c286b51;193.13.119.139
burnscharles@example.org;001-873-482-0522x33278;fda400d7-7e7a-be3a-7796-d5f8b6b23bae;47.17.252.159
wendymorales@example.com;(654)981-2701;0cca3aba-f8f9-fb08-9f78-005b9118354e;25.203.127.218
jking@example.net;6338332941;d3aa3ca7-0c82-25bc-4150-829c24e1e351;88.192.194.69
penningtoncarrie@example.com;8823598950;99d28fb2-c3d4-839a-bc1f-724c06fe9433;97.66.164.68
andrewrobinson@example.com;669.806.6776x19320;4a55d27e-6f4b-ac1b-1cd9-787ad70f62a5;50.159.91.68
janetfoster@example.org;(440)972-6586x59296;49d3a8a1-81ba-95e0-a62f-8f1f7e54e967;117.21.45.72
kibarra@example.net;855-928-5448;4c3dce6a-e7b5-4ede-88df-196641a408fd;205.109.50.45
molly68@example.net;(882)512-2499x97707;352eb0bc-85e8-a91b-fc58-db121c71d1de;163.240.40.239
herringbrandon@example.net;(596)659-6247x969;8e8d9556-d4b4-121a-1cae-846941bce928;50.215.188.64
matthewwatson@example.org;(385)957-7564x2080;e372feb0-5ff5-f252-5fc8-c0961958e7f7;113.206.173.130
rickey81@example.org;712-323-1373;5b75b273-c9c8-2c25-5bae-c8bd27c46959;134.171.202.103
bryansanchez@example.org;001-428-308-2861x8065;d3c61be5-6654-611b-08df-ed0fde9164be;208.136.89.207
palmereric@example.com;486.208.4463;eabeacdb-ec5f-a6b3-bc28-a1e26c1a931b;79.229.146.246
nancydavidson@example.com;(252)753-1266;0b5dfc1c-2dab-a7c3-4d7d-aba950e61887;209.162.138.240
deniseharrison@example.org;001-705-447-5507;082107ac-f928-e2a7-0b30-86060b70d0f6;190.63.57.52
crystal21@example.net;001-414-885-4771;289a5289-a6bf-3516-5aaf-f9a5a7be0b0b;175.3.49.227
goodscott@example.net;001-800-504-4604x4766;54f0292b-00be-a20f-94fb-783f0eece448;203.116.67.121
sabrinahaynes@example.org;001-843-352-6278x61815;efcec759-d596-0fb6-d1d9-f71611025f0e;32.143.161.157
vthompson@example.net;(679)919-8664x285;5cf1f9c4-22f6-69b1-78a1-fa0fccfcec68;223.97.36.70
edwardsbradley@example.org;+1-770-234-6260x53553;1cf8df78-29e9-2d0d-7c2c-9d73962c3f48;199.32.7.158
robbinsrandall@example.net;(628)396-9695x601;8ce0e10e-7cee-cb81-c1c3-aee0a9bfda84;95.172.166.208
moranfrank@example.com;001-602-919-5517x56871;7cf683e0-774a-75cb-7a45-d93b6a1eee7b;12.255.143.81
bcervantes@example.org;(668)841-4682x2558;da85b968-74b6-d538-3df9-c74e727e6959;191.70.208.74
mwaller@example.net;610-876-2721;fa81ad05-606d-d379-6dac-5fee627de468;122.89.100.187
regina48@example.net;965.875.9882x5926;ce295a85-eca4-1fd8-c49d-4e800101bf54;219.219.131.129
ehouse@example.net;4023449189;72aae7b7-38db-7b0a-30ed-6b4407d7369a;91.109.19.81
bernard97@example.com;670-621-3681x0856;fd6e9c12-2a14-14c5-c6ae-4f67652b570b;120.125.58.235
april99@example.org;001-210-813-2838x40535;25c9d9f9-e860-b425-6da1-1012fa4c9bbe;95.224.201.62
hannahmeadows@example.com;(746)912-9862;72604450-b363-6177-70ed-68a3f5d973cd;213.68.113.87
rodneyfaulkner@example.org;(620)919-5541;eb5c2dac-ec12-acd0-9299-649ae96bb0be;217.172.161.90
john32@example.org;299.414.5601x705;4547f9dc-7565-b14a-dbed-3077d2af8c84;150.193.131.230
ruizrandy@example.org;+1-997-912-0459x6256;cdbf678e-a2a3-1300-881b-cc0b4ccea39e;42.130.147.104
sherry18@example.org;+1-935-998-7975;3104940c-89fa-e647-e821-c8a142c9d3a7;167.138.32.95
johnsmith@example.com;(255)331-0550x753;3ea9b5d4-69bc-2c3d-aec4-a438313a1879;208.234.117.205
lyoung@example.net;+1-643-247-3384x92421;61af0966-4739-c597-71f4-011f740dc589;220.34.189.104
kvaldez@example.org;538.338.4270;8d75ce5b-6b9b-25be-c35d-63642ac15a96;210.45.51.41
tamaracunningham@example.org;+1-310-271-2755;32891631-1081-96a6-0314-26bb09a0882c;220.100.128.245
rkelly@example.org;403-809-1775x06316;5085722b-2da2-ed6f-34ab-443d010ec2a0;75.130.13.35
brandon22@example.org;001-352-437-8139x917;c15a5ccd-c6fb-d9b8-367f-14e7355bf9d9;137.124.244.219
leahlozano@example.net;9298253669;dc8b0200-62ff-57f7-f395-7c88edf16be0;146.164.217.134
wbrowning@example.net;637-569-5520x7063;843aa628-d777-edfd-ce11-3827c920ecf2;155.195.199.103
rebecca40@example.com;+1-218-973-3864x998;7dd0e7c6-69a2-223d-6540-6e44704e5be8;101.109.43.167
breannamorales@example.com;594-791-0772;3e9f5fd6-3691-51f0-7d9c-dd12a43d1d28;196.21.172.232
paul53@example.net;+1-559-509-3042x3799;5327efcd-e954-eb62-5dde-01c96e1b4e3e;220.83.166.75
oweaver@example.net;273.230.2934x30209;ad4ce338-3985-53c1-ad9b-0714cdf6ff7d;53.9.29.212
davidprice@example.net;+1-774-469-9978x0270;4b5d1a62-c711-f13c-5d27-273be25dfc3a;174.50.162.65
ckennedy@example.com;262.982.1832x915;d1cefc10-9a75-e718-7cac-02ea1dab8a2b;143.47.62.195
susan39@example.com;(962)688-5071;b489e013-074b-9872-8f43-1b37cc9c37ee;113.44.145.145
iday@example.com;781.220.8095x2304;3e835599-07aa-6492-2f26-99e3c37ead91;165.129.233.29
kylestark@example.org;2732009913;4cfe284f-e10e-f72c-0073-a0b5d0317359;128.33.144.123
scase@example.net;890-638-5999;3f39be23-a2e9-3492-e4b5-58ca120dbd3f;142.204.241.136
herrerajorge@example.com;498-817-3682x0275;d781b2d3-ba8c-87ef-857a-fe72ec339c1d;192.7.249.166
nwade@example.com;(491)226-9189x512;cca9eca3-7cae-badb-9218-23d8c921d076;30.184.128.153
mark71@example.net;8013912564;39d4dac4-2b5c-5b00-b6ed-5489c95c86fd;137.126.36.221
lunapatrick@example.com;(938)285-1243;9e063a56-6a44-9c12-66cb-baca3e29d1ed;40.172.139.95
kathryn21@example.org;(293)981-5063;e227212a-d8aa-a171-7559-fd1f0ef6ed48;181.21.90.197
doylemegan@example.org;(240)796-6661;2b819a93-7afa-6144-fe16-36c53cd918b4;153.178.128.170
andrew98@example.com;310-326-7087;c38360be-800f-e4a6-7015-3466afe03803;211.170.67.62
lindazuniga@example.com;(485)354-5319;cdb24a09-7d49-9738-cee9-6ae051bac896;117.199.110.183
pvilla@example.org;(516)807-5150;7943eae1-1fd9-b447-f721-aba8d40e6832;66.235.204.187
hartmansandra@example.com;001-613-406-6574;d9c04228-7ef1-7fc9-7c56-6603af28eea5;211.159.161.172
cnavarro@example.org;255.885.9277;19acfc78-35b5-f8a9-9c6a-301045cf96ae;14.22.201.107
grahamjames@example.org;496.375.4235x338;15678fb4-2665-709c-590b-0d9af181be47;133.120.48.89
nicole61@example.org;406.935.9029x610;9097bbb7-bcf0-d572-3cd9-61818610922b;211.137.22.32
mandy94@example.net;+1-536-580-1718x2245;e397613a-ccb6-bd7e-eb63-e94e4c92f5e6;207.30.81.164
ctrujillo@example.org;+1-932-418-9096;090da71e-2d5a-8bb3-6a1b-42005cae10f6;145.220.67.233
cbailey@example.org;001-602-306-4738x923;65f7513c-0f17-a504-d571-84ebdab0e006;18.135.195.10
youngvanessa@example.net;6423951189;b209f0f9-cca0-8211-3b37-50610dc29587;171.237.7.199
pamelacarpenter@example.org;346.575.3116;83b546ed-b4a4-05a7-6b0a-bb7130ce81c2;201.255.79.152
ryansamantha@example.com;(999)921-2419;93d2967f-6cba-1731-b993-ef076d597b3f;196.152.181.170
cheryl15@example.com;385-599-4136;9f3e7c58-7314-18d0-dcab-4fa9560840d6;154.172.200.59
sperry@example.com;001-389-454-5671x144;5a549661-ec4a-42ae-8006-df800963f87f;193.190.58.125
rchung@example.com;610.625.0312;27fcf048-d38a-312b-1df9-4093f762c443;172.118.122.60
juanscott@example.com;611.658.8250;78190ea6-ca34-e7a2-3208-dd7b8a8bc66e;155.47.218.227
jeremyjohnson@example.org;4492353450;2411b34a-a5d1-e3a1-4b56-d1141a53715a;192.140.134.238
escott@example.com;7833433408;ef182d1d-95b0-6f7a-c8a5-64ca70c8ae6a;172.86.57.232
andrejohnson@example.net;+1-921-351-8966x02118;0a8c83c0-6ca3-0565-e101-311d0bdce7b9;223.76.243.182
fnielsen@example.org;+1-489-547-0718x11808;c28700d1-34ad-66c9-af50-d4c2283be6da;18.142.42.66
leah32@example.com;867-278-9553x851;0b7bffc2-d6f3-556f-4a1a-25ec203dc911;198.193.185.99
oscott@example.org;001-378-578-2601x7177;023cfa8f-0605-016b-f699-c64ff9a76f98;152.181.19.126
blakelinda@example.net;314.871.0048x468;b9e56ebb-4d6d-864f-5c26-c886cccf24a0;22.137.208.57
sgarcia@example.org;395-794-8527x9692;aa4fdb51-bd1c-6410-a61b-3cfbdda5ebac;72.244.27.3
troymcclure@example.org;+1-654-980-2467;d3e6e70d-38bf-36ba-3570-213a01e134c3;206.125.7.140
briannabrown@example.com;699.424.7332;d7c7cb08-e742-8356-5f24-4ca16698f397;115.13.229.217
fuentesamanda@example.com;001-231-659-5474x63821;cae051dc-9625-d8f1-0d5f-788884f1e2b9;140.228.73.122
grant25@example.net;001-951-694-9389x00913;0bc5e2e2-8900-aa0d-9b3c-552fb9411427;161.68.33.19
johnyork@example.org;(211)664-1584x7003;f8e332f4-7666-1f0a-94c8-e5096fb01b8c;206.128.7.207
wherrera@example.com;719-437-7736x98052;06e2e2f3-0935-0305-6c63-826d9643dd0d;163.127.31.9
perezjacob@example.net;+1-509-872-9322x02484;e5164696-ed55-2d51-b00b-275021234c77;183.185.163.153
brentwells@example.net;863-546-5923;151fd2e4-6f79-fabc-407d-c65127081137;190.157.172.159
bryan24@example.org;(568)248-8400;1a4ea810-df63-7f18-35ac-0917e02fa0b3;149.146.190.89
awhite@example.net;863.640.8192;d78e549c-2384-b53f-10cc-5b11fe796d29;182.112.91.84
tjackson@example.net;769.583.0497x43745;988be25c-9a98-040f-6480-cd14fb883044;95.170.212.225
mike76@example.net;001-286-418-9368x63136;ea48a329-6bf3-f486-ef77-55bfe289f4d9;140.240.62.24
gregoryjerry@example.org;(436)573-1432;1988329f-6372-902e-a460-ec21b51f1385;190.51.17.230
martinezwilliam@example.net;544-777-5100;bcee55d8-062f-dd5c-632d-0b3683c006df;133.134.216.125
gloverjeffrey@example.net;+1-597-895-7155x854;b78db16d-5f45-ef3c-a0f5-f8c8d2524dc3;87.40.191.167
kathleenscott@example.org;(628)273-6039x3098;6cd1767e-9ca5-6586-d45e-d53da1768ddd;74.114.248.224
eileen61@example.org;+1-549-925-5345;357364a8-348f-33ec-141e-648d756eff74;129.199.35.165
franklinjennifer@example.net;001-697-862-9574;f3a3dfc0-08f6-7ee4-acc7-ec26b75c175a;180.47.232.104
jacobbrown@example.net;001-284-347-6796x6610;3eee4144-6c6e-6450-a699-a7930374ac7a;211.167.50.102
yvelazquez@example.net;604.394.3307;92496e32-b713-07dd-4537-1c1239839b55;57.141.180.50
kluna@example.com;+1-710-339-2390;3453bea2-a61e-5b16-f680-5b31699b2cac;164.208.110.116
gortega@example.org;(665)233-4900x53439;84352347-06c4-060e-9984-97317ed4d6e2;92.99.144.112
williamjones@example.org;390.917.2764x662;d388c59f-cd0b-4b80-c855-6c9943548c9d;192.231.119.197
ubrown@example.net;(835)505-2397;708e8c77-8809-171b-0b09-580129f413af;167.67.70.135
larasandra@example.com;476-875-4497x12726;10d26ab7-f8cb-0c3d-c218-72eaf9c4b7db;140.11.150.98
jay89@example.org;(717)544-1227x40670;abff2ae3-029a-7777-4ae9-bc388f2e0f84;204.36.208.90
tryan@example.net;476.248.3400;fedecc9a-374e-1be3-b6e2-859c5d93316f;160.189.114.112
betty99@example.com;001-289-565-3540x217;e0b6a348-c7c1-0cd6-5d4a-d785ce1759a6;16.142.124.109
steve21@example.com;001-639-338-0404;a38e8300-35d2-2190-5043-4bfd496e06b6;219.43.49.126
riverabelinda@example.net;445-775-7257;e90cee23-e42d-9007-c23e-38352d0847ef;69.149.62.131
daviskimberly@example.org;(956)243-9764x068;9edb782d-5270-12cf-d972-2843e8f2a9ef;197.68.28.59
ericscott@example.net;001-416-419-8219x92548;29bf34f1-243e-80c6-338d-7e9d256b3f02;218.86.36.148
tgarza@example.com;+1-909-594-1142x1309;0289287a-3405-fb25-1b26-1701d91d9546;195.190.86.71
nterry@example.net;477.386.7716;bd8bf9cb-8c91-4eb7-7b8a-f536f5fe3e63;221.165.33.109
cwalker@example.org;380-961-6959;93d50ebf-2f10-f982-7a9d-bc8a817eca6f;219.54.77.178
allenchristopher@example.com;(497)755-0940x89977;ab054553-c5e8-f4f5-ec3d-4042e0023085;207.115.126.70
mooreeric@example.com;001-435-418-3796x345;54847aea-8eba-46ae-510d-2f8e8b19fb7a;179.207.227.193
ofrederick@example.org;589-853-9468x088;cb824507-eff4-d0e0-52c1-fd7b06166de5;55.177.193.144
collinschristina@example.net;001-446-256-3946;7a834296-7b01-74b4-a2c6-719334e071c2;11.166.24.3
kevinsampson@example.com;585.585.4552x6765;cf4b4d75-6ea6-2b10-465d-67cdfa6d1630;141.84.70.80
gavin70@example.org;+1-902-563-0345;ea614688-ee19-99d0-2f43-7d515d574ee0;222.28.24.49
jonathan05@example.net;001-907-567-1239x2729;0d1817f4-e99b-7987-fb8a-0fc0d83a3b81;154.126.83.31
bryandavis@example.org;001-262-615-1658x45639;a17c0e81-2c36-781f-890d-914504fcf021;104.48.207.157
dunnbrandon@example.net;(258)670-8859;329ec5bb-1483-cf20-0be4-d4d039f85433;103.133.166.121
shellyclark@example.net;844-698-1763x81526;39de877e-efa2-1b3c-5228-1bad4728d57a;164.63.244.212
parsonsscott@example.org;(679)687-9765x70073;9f277510-d1b8-fa5b-3bb9-905004c31a91;182.170.15.56
stephaniejensen@example.net;(566)751-0291;2205a9b4-373f-d7ba-a241-1ba8c7990d66;170.107.15.26
marcus95@example.com;864-728-3231x5082;49b6f6e9-51dc-3ba0-9c9f-886177ab7136;218.173.195.55
wbates@example.org;973.912.6105;875dfeca-c206-6934-fb5c-45127bf8a934;167.234.4.73
robert81@example.org;479-757-6269x480;07fec118-3115-9974-98b6-f14a7a856361;218.60.157.73
jasoncook@example.org;(495)602-3102x00340;8c3a940d-3681-5a6d-c530-f486b679fb2e;178.255.220.116
elizabethperez@example.org;637.309.7473;fb3804f7-b0ee-1342-2c24-501eb4644be8;147.75.32.71
richardturner@example.net;+1-575-776-9001x51514;36a17543-12a8-f321-f60e-63be0f2ad11e;143.28.28.34
christopher28@example.org;7578746160;5cb30419-de24-7c44-f71d-37dae603ebfc;79.160.60.77
zpoole@example.com;(557)454-0822x7894;059da0f1-0783-4f7b-b2d7-97296b544395;38.189.20.250
jack41@example.com;+1-510-859-6907;19453475-272d-2518-9bdc-f8ab6cfaf2d4;126.237.111.67
thomas21@example.com;+1-720-701-4722x70666;5ddbef65-ea00-5d6f-02bc-6bca71a3edf4;219.221.186.212
timothygray@example.org;001-903-304-7705x401;e78cba38-8ce3-bf6b-4fef-5d7138e73192;211.154.227.82
mburke@example.org;+1-447-272-2085x2868;310e7568-fc04-0ccd-add7-7340a51329d2;200.17.15.203
rachelbell@example.org;(573)521-9737x488;e920b762-cecd-e9c4-0465-f6e517043dd2;206.130.245.25
theresahudson@example.com;326-633-0575x27954;46ef7da2-c134-e13a-7c0c-1b935278c9b3;125.14.132.185
denisevang@example.com;544.903.3064x3691;5616237e-849b-47a2-e0a8-9ed5bc658b4d;114.97.39.54
laura05@example.net;557.908.0719;bafb7e2b-9829-737a-4403-19f822b9d857;196.182.56.218
carrmichelle@example.com;001-812-312-2683;3f0c5d24-aeab-f38e-9f98-a496cdf0b17a;156.109.148.58
jensenjorge@example.org;996-719-2459x8768;a00ee7c9-cf4b-e8ef-84c1-c25b730de064;195.26.102.188
kmcdaniel@example.org;001-753-564-4491;c1a64301-6aa4-6942-0a03-71cc0871664d;214.17.172.110
lindagraham@example.org;(271)310-8407;f335200a-8226-dcec-af41-6b494be25c48;204.36.208.90
thomas97@example.com;+1-586-800-8325;8bdd188f-c126-f215-f7da-9c8113b41b3b;160.221.31.206
cyang@example.net;772.806.7632x206;c46f585b-ea05-182d-6172-bda2262e9bd3;1.196.93.55
christina50@example.org;(637)204-1264;d9ccfdd2-6c54-69c5-7b0a-da655d827903;214.216.245.180
mphillips@example.net;(390)573-9529;53bea928-a5c2-7c3b-c617-1cfa7fee414b;186.193.153.43
howardamanda@example.com;407.629.3682x5110;a3082f43-4ed1-536a-073b-79aeed8dd029;184.42.167.210
chris46@example.org;(659)427-1367;90098eb7-4a84-7441-d9c3-69b745ff94dc;92.238.192.240
uparker@example.com;(301)742-0261x9659;3d549f61-4f0b-19dc-8270-40248a40b83c;155.34.95.176
kristen62@example.net;(847)263-3960;c5a38857-45bc-9aa8-4a4e-542cb44eab4e;121.233.227.50
hatkinson@example.org;713.770.2910;95aa6e45-7a71-d0b4-85d0-b23d66f7a6eb;34.154.161.213
natalie00@example.com;001-880-944-8706x83068;05286d7d-edb4-9683-b468-ddb7fa8044ab;108.17.117.7
douglas94@example.org;001-680-640-3091;7ea2dc85-cc09-bc55-555d-687e6787e30a;221.27.200.120
garydoyle@example.org;001-747-875-8085;2e79077e-fc29-22f1-1c7f-041db5b8c252;122.38.84.204
linda89@example.net;001-408-347-3698;2dc7af67-8547-0225-f1e6-864078d7e206;45.25.196.245
erinlowe@example.org;(287)836-7753x934;50338d38-8538-f920-49dd-e40ebd38f3b4;85.168.103.11
kelleyjackie@example.org;218-686-3670;b07d71fb-3132-a682-8e26-50d928fda45c;201.18.254.177
kevinschroeder@example.com;666-654-0203;83788bd8-c2fc-1f04-8dd1-d198859d1439;138.78.153.77
shawnbarajas@example.com;(843)251-1971x4709;fae23b2d-b2b2-37ac-d663-b637e2c07382;128.145.31.30
harriskatrina@example.net;981.858.8045x92676;45f53db6-638c-a02e-3e1f-39ef8191c614;141.15.67.68
nleonard@example.org;(904)892-2289x6771;7ca49884-00a0-5d3b-ce3e-b69fe1727e90;186.46.231.3
wagnerashley@example.net;887.807.0680x88401;a0ee35b7-01c2-e6e0-06f9-d5f483bb1822;185.141.222.254
gharris@example.com;+1-246-381-4806;7267264f-b339-5988-6724-a7822168d837;144.214.132.186
dean83@example.net;864.244.7905x2867;fb4667a6-8491-a1c8-2715-94d81106c6cc;128.236.0.148
jbush@example.net;(696)934-9553x58450;f0301b8a-a688-8f2f-2d21-e3682c0e27fb;193.84.100.34
leesteven@example.org;+1-659-515-7183x906;1c9c97dc-8c76-e47f-b795-2ba2e5b5c7e0;217.171.166.207
deborahthompson@example.com;+1-790-230-1515;c003344d-d0c1-005f-8137-7fe4a2ee1436;60.74.170.159
carl73@example.org;611-765-5153;a13218a0-9d63-4325-64e1-f3c7c2b7056b;49.185.226.187
davidtate@example.net;(857)419-3318;610a1419-f292-aa4b-c49f-79fcb0f21496;129.254.155.31
patriciabarton@example.net;802.885.6786x85815;c6a16439-246c-bb69-ae71-a5e39f971013;170.156.94.146
jennifer80@example.com;(444)228-2610x318;4fceffdb-dddd-25ac-f7a7-e99350cec9e8;123.71.110.12
raymond51@example.org;758-672-4868;232ccc64-779d-99e7-7953-45e6c5b8fe6d;219.208.249.16
trevorgarcia@example.net;(435)288-7634x7521;70bc1722-3fa6-d3cd-93fc-001243f1b062;214.4.238.22
christophersmith@example.org;+1-450-270-6264x6572;b9672575-7fd7-0011-bef4-f8b6d87f53bb;186.193.153.43
krystal09@example.com;880.739.1744x2411;468cbaf3-30c0-66ad-7df9-45503abd6226;212.82.132.88
ymccullough@example.com;6174793939;557dd1d3-9603-396f-8dbd-b343aa32641c;187.143.213.182
kimberlyfields@example.org;(536)729-8828;d0c4d5d6-e518-db19-3744-92df640839b0;190.142.102.99
rachelburton@example.com;374-378-7034x7167;39b85f9b-85be-4260-3442-72afa5e74358;159.181.23.68
andrewsstephanie@example.org;(720)207-4640;2daec09a-4f55-c784-5f77-4392ea7f7ede;207.215.9.113
kingbrandy@example.com;+1-220-601-5931x44166;3c8798d2-2201-1ffa-107d-4bfcb8ee3e40;63.99.56.89
gthompson@example.net;+1-360-475-1487;b1170280-9cfc-6a14-b05c-738642b963db;161.212.61.190
fmiller@example.com;892-265-5609x81485;16c13394-73c6-261f-761d-70e725acf6ad;154.31.79.133
robertbailey@example.com;780-547-0311;389f0043-d702-b8ce-366b-e50588796865;204.83.66.138
heatherpatterson@example.net;001-413-559-0271;c1aef77f-2a59-046a-9299-d0c95d872b15;39.249.254.28
jessica23@example.net;+1-203-370-2968;f538c29f-3f29-2086-be1e-9226a4cc1e04;140.234.86.3
randall24@example.net;759-973-1584;57185cea-9014-09d2-7b3c-77a6378a2035;204.177.40.169
paul92@example.com;001-991-385-5085;e62d8deb-7445-d683-3720-5acad5846a93;181.132.42.24
pgarner@example.org;377-896-9348x4301;6949a135-4178-ec31-fdf5-c05fd96c7c57;186.239.18.28
jessica54@example.com;001-217-988-2660;3ee3ec8a-96cb-dd22-a9e1-0906ccac331a;40.39.113.144
mark54@example.net;(601)412-5613x1223;e020dde4-c20e-16e9-48ca-9e111eafec19;171.246.111.18
shelly89@example.org;(547)327-6419;56f296ba-9b55-cbb2-d3b9-8c84d6c55bea;174.99.35.81
ymann@example.org;634.974.0168x45500;d92330bc-4f12-0b2e-ac22-deea838b9162;153.101.51.19
clarkpamela@example.net;535.661.2649;12c76e4c-1cf2-c238-a7e4-b603749f0b4f;146.23.172.23
serranonicole@example.org;(822)782-9384;a103c330-1ecc-ad29-ccc2-fb042e294803;120.22.217.85
laurakelly@example.com;731.841.8410x13498;61cfa704-5946-f947-90c2-c0ddb97c1107;17.199.232.194
lhendrix@example.com;+1-839-303-6175x8174;d03b47a4-6fc7-754d-c726-0c326295847c;213.238.82.169
brianlee@example.net;271.487.4462x34441;9f76a7fd-8c59-de3e-8650-06047669a33b;198.50.16.118
ntownsend@example.org;856.235.4690x445;4e2e129e-6534-d6e0-f749-01f0003076b3;185.251.22.74
cathy40@example.com;332.408.1087;915afbc1-7fc8-1662-999b-345b9de530c1;121.147.207.40
williamking@example.net;637-841-5303;672fca53-502e-1aad-5637-4e43a0129efc;165.89.100.90
stephen47@example.net;001-325-598-7797x5532;7a986d1d-941a-92a7-b574-30838a1472ff;206.117.210.89
nbrown@example.com;001-246-318-3309x948;0b844a56-7234-aa3f-8464-2c74aa9541d1;210.101.249.192
kellysteven@example.net;(800)726-3393x3852;5e2245f7-77fe-0cec-61df-5074f0240315;178.45.239.69
hortonlaura@example.org;206.332.7834;5a082e6c-1adc-a3b0-82d5-abc82ecc69c8;194.108.7.232
oharris@example.net;+1-405-640-1041x294;bdd2a812-5bee-0701-f625-2cb138ed9c2e;202.179.55.207
darryltaylor@example.org;694-465-3530;a6b8fbc2-57fc-5f9d-af20-efb53f57c0cd;208.76.146.221
pmiddleton@example.org;+1-758-965-7016;f3d91cc1-02ab-810f-0e24-7ba1e4bc0a12;211.18.130.237
amy93@example.org;921-236-8472;bfdec2ac-cae0-5a18-45ab-122b2f0eca46;194.15.235.40
fvargas@example.net;818-359-8926x4140;aa8bcd10-19cb-a053-3da6-4ede2c7d5a8f;71.44.81.25
ramosdanielle@example.org;619-700-2656x576;c05b3d28-9c32-ca09-b84c-33acea60e5e7;178.216.27.122
faulknerevelyn@example.com;(695)818-3866;3f761958-7ade-4182-116b-164bf9bf596a;150.206.167.128
deborah15@example.com;837-455-5906;8c22a92d-4efa-b4e8-9671-3c14b00175cb;21.8.22.97
reidrichard@example.net;001-220-201-3416x267;219ca272-e312-2514-00bc-4bce8064f188;213.19.212.44
martinbonnie@example.com;001-892-435-9500x3984;c7a9f059-b8a2-b9da-9053-5f9e71ead538;141.233.95.180
ubarrett@example.com;001-321-598-1838x7560;3f9ccff3-8e49-55db-1ea1-ff609af8d038;219.101.84.48
gentryadam@example.com;+1-517-566-1604x0931;d4ab944f-76cb-819f-8370-b993084652fd;78.194.156.101
jamiewhite@example.com;(842)537-4931;7625c885-6233-b620-da6a-0addff4d3573;138.9.134.121
kenneth51@example.com;627-215-5111x926;24d31f09-e8c9-7b95-1453-4fe65072beaa;132.122.188.139
katherine45@example.com;689.264.4668x135;d36b776d-bf5a-b3c7-ec98-353246b2dfc2;143.51.34.117
danielzavala@example.net;(599)234-8645;9a243c9f-0943-63d3-9e55-a6c24611e2f1;120.190.209.255
duncanjessica@example.net;001-904-224-2265x7403;821e0006-fae7-6b7d-002e-6d252cbc1731;36.222.196.48
john91@example.net;944.472.7003;7fd44e1a-0718-4e37-8eee-859f8cf5324c;209.85.107.199
heatherjones@example.org;001-869-210-3673x7292;ad17a4e1-4dc2-02e6-db28-9a9bdcf0a56b;207.58.166.135
nicolesalinas@example.net;(602)272-2200x07780;163591b4-86d8-9d35-7ffe-16dbbe84f464;20.31.154.176
sarahparker@example.org;001-402-490-3804x01743;8398d437-a551-136c-7b2c-4082001c0aea;170.195.33.180
bstewart@example.org;001-354-594-9033x422;898cf2cc-7a18-03e0-91a9-90b50a3eb593;223.17.193.97
bethany74@example.org;528.405.5040x1696;7a2575cd-152c-172e-675d-e38e25dcd394;134.94.203.131
rossamanda@example.org;+1-592-752-8878;e7054f4e-87bf-fe69-f5ed-061cbbeb8a7d;218.225.222.22
deborahthomas@example.com;+1-415-839-6489x237;9772a0a4-8c9d-fab2-a1f9-6c4b092f3a11;181.25.184.116
nancy54@example.org;839-426-2301x193;08ffcefb-a223-f690-0f72-8229154866a8;211.34.10.240
tranmelissa@example.com;+1-845-777-5187x95344;e79fda19-d3fb-9c40-197f-9c5a8eeb6f19;52.10.185.179
tfoster@example.com;723.976.5723x6112;fcf9459c-c385-2ac7-a21b-e12404496c62;31.150.124.129
othomas@example.com;(655)471-0545;3f20334e-ec29-445c-cde4-bb4e02d00da9;142.158.254.188
calderonjared@example.org;(801)801-6535x5604;37d02a43-3499-504b-2508-b2c9e17a9d5d;215.123.68.114
alyssa43@example.net;(883)701-4188;af460d35-4ee8-55fc-7ef4-c95060c85ba8;200.188.112.62
frollins@example.org;577-939-6325;6d220ac3-298a-ec3c-1ff9-808daf5f3586;200.109.49.36
johnsonsydney@example.com;+1-621-884-9726x7939;a29c184a-ac88-18dd-eb45-a508d89e5d65;24.12.192.254
ijones@example.org;+1-847-615-0789x79862;e2969369-f4f7-68a4-93e4-4991903e254c;210.181.34.180
davidfoster@example.org;517-757-5559;fe8dd779-1a87-975b-8b01-36eeccb08eea;67.65.80.55
jim52@example.net;607-574-9748;b30cb5f7-20e4-8678-6460-37984584064f;2.253.176.189
sherry55@example.com;001-797-832-7182;476a8c27-683c-723a-05df-130548ba3952;156.115.211.206
grimesedward@example.org;001-222-284-1744x468;925116b4-cb44-ddec-3dd0-1d252bc23c41;110.181.70.83
morrisonshaun@example.com;208-486-0737x122;6e8d49f5-b4fc-4afb-50fc-bb36a604ffbb;77.212.124.23
ethomas@example.com;271.487.4462x34441;4ee9092a-eff8-57a7-1c4d-a2e034e94303;197.225.170.151
bowmanchristopher@example.org;(356)557-1617x806;891c53b9-839d-16d1-0f92-a449dcc05854;151.252.107.231
ngonzalez@example.net;(349)583-3353x211;dd3039cb-4399-1fd9-fa0d-2d57f5d36f9d;72.18.144.37
jamesyu@example.org;573.905.9783x761;3aa0e369-c0a6-95e2-944a-33c9be718d6e;203.58.122.11
snyderrandy@example.org;001-957-992-0673x004;668db78d-4341-4638-c018-4e1855593e8a;163.2.158.247
kramermichael@example.net;001-522-708-2005x4682;4679978c-791c-e97c-905c-b17d23cca9c0;215.231.199.154
kelly81@example.org;001-851-871-6894x8799;fa621ca2-e38d-7f1c-f3be-d21742de1329;113.104.18.160
scottshannon@example.net;+1-698-478-6133x618;818a75bd-3a8b-8ae8-2c66-13fd932620ae;216.174.170.45
aperry@example.org;001-302-256-3470x2122;d486cd0e-22c9-d1ef-19fb-30f7273ab000;105.180.34.195
gmason@example.net;001-696-351-0185x21762;0f1195b3-358d-e301-bfd4-be1575638eda;110.138.41.186
wnelson@example.org;912-977-7407;8c6f88d5-56a7-3965-d56f-ee84ae5227fb;184.235.24.203
beanbrenda@example.com;278.814.8008;39bb39c0-4411-d383-4e6f-9a97e17c52b8;211.132.6.245
williamjames@example.org;(811)992-1431x033;3ae2f8f4-e8f0-b81c-f1bc-5cac366a7c90;196.224.213.142
rrobinson@example.net;(838)571-2730x37982;6959ff8f-e25c-a1e0-01fb-d5b4fcd31e35;57.39.145.158
russellmark@example.net;351.287.2685x594;5a581253-3c9c-0047-9d1a-47df32842a34;204.76.225.73
crystalschaefer@example.org;234.712.3136;902ad446-ac0d-47d9-21d8-1ace331ff23d;215.244.12.62
markjones@example.net;787.650.2001x814;711dc763-1fa7-0679-03ea-9ba7c003f140;143.231.240.124
hughessandra@example.org;(423)724-2533x918;197d6c29-b25f-0d9e-217c-aa553b35c418;212.242.47.40
hernandezmark@example.org;234.692.7600x091;103bc598-7806-e50b-610e-788ae9140db5;130.85.118.247
prodriguez@example.org;(827)715-8725x305;4ab5868d-d5e1-6b9a-40b4-b370842e0f3b;95.200.103.217
xhodge@example.com;+1-239-388-8519x85567;7a28a842-ec6f-4fbd-4a7c-2579067e3785;200.127.187.230
glenda50@example.org;275-897-5406;3e4b419c-f4da-0f59-0c9f-0b4c241ee39b;150.208.18.84
ryan54@example.org;(538)641-5519;78b3ec3d-753b-a0f8-fe9c-bdc28a0fe15f;113.107.190.168
cassandracarter@example.org;+1-863-362-9451x87289;6b4100b8-e260-5611-ff05-e6076634e2ac;173.52.137.253
williamporter@example.net;2717701696;f0827db3-4eca-9461-a565-de4a7f639f05;83.255.57.168
paul05@example.com;001-693-678-7802x7285;796d1b4e-d145-1cb2-f54a-cce2ac438665;202.195.246.142
morrisonmary@example.com;883.570.5240;6899bebe-cd29-27b0-dfe1-6709e9674e91;220.10.16.38
yorknicholas@example.net;001-619-805-3845x386;c722bb1a-673e-07c7-750c-f28192c0dab3;129.29.69.254
lindaholmes@example.net;+1-965-337-5895x12130;b2a42c2f-9345-5eac-4caa-3be25e08c605;185.181.120.101
millschristopher@example.com;3647740964;329da206-f067-44ff-cf7e-b698bd3e1519;47.101.181.240
jeremy98@example.org;+1-312-269-3472;3f43d439-ecca-d232-0bea-c8723fe3f1ba;183.21.212.185
cynthiaharris@example.net;9569468801;84133f78-1de6-38c1-778d-c8207308647f;204.227.47.126
ucole@example.net;(290)947-8827x67373;86065bb0-de0d-5360-ca57-0d89ff31b2ab;139.132.164.216
harrisonemma@example.net;233-455-1006;1d62f12b-9f52-ad81-1586-0b7134259b68;188.14.127.243
davismichelle@example.org;+1-790-790-9147x1488;fff1eba7-9ed1-c405-28f1-e5211153693d;207.32.217.62
aaroncopeland@example.com;(967)873-6396x1337;81695211-9479-ca4d-1551-9a6f6cfeb926;142.64.207.232
kevintaylor@example.net;(300)692-2074x9926;9b15ae8d-5e12-8fe8-7bbb-41feda83aee8;194.211.37.154
barroncorey@example.net;(493)766-0312x10082;b48ccd18-5f0f-8820-1292-d1bf06fe5b9e;192.218.37.53
adamgarcia@example.com;521.456.9371x171;2da44469-9971-aba7-ac89-299745c6538b;217.8.32.67
desiree67@example.com;001-827-760-9887x347;c29ecbe4-ed57-586e-328c-aecd7ba5e646;142.144.125.151
bryantbrent@example.com;001-519-602-5787x811;a3d516c4-d239-99f8-4780-15aa2871aa27;203.237.246.235
johnmiller@example.net;(681)334-9024x70283;990d9d71-e6cc-5f27-6e50-f8306949e090;21.219.236.110
paul43@example.com;224-870-1367x758;0d9a5ca9-4009-c23c-7d13-2f115d756b8c;4.78.179.122
whitney13@example.org;274.423.0316x03820;91b69d50-f32a-452b-45f8-77fb988a5a6d;122.152.91.220
karen10@example.org;8227836424;9d5e45f4-5bfb-f9e7-6d45-7f36023b4249;105.188.6.119
emilylee@example.com;(350)864-5814x2384;6cb440b6-cb38-59dc-7237-62570db379be;183.213.156.140
ywarren@example.com;(473)887-1855;40f6f186-7a07-a65b-ae70-0715cead2746;176.227.253.10
jack57@example.net;798-371-7234;a7a6587b-8698-2697-de55-21f078069882;207.215.186.227
jfoley@example.net;975-594-1415x176;8695b64c-9afe-c680-7e40-db5c2534bfcc;214.6.11.255
zthompson@example.net;288-358-9234x3677;b30cb5f7-20e4-8678-6460-37984584064f;2.253.176.189
robertrodgers@example.net;648-555-8722x2902;a0973f2d-6067-0e7f-2fdb-2e7ca13e9fdc;194.222.99.115
richard14@example.net;265-677-3128x697;8bed69f4-c775-bc65-9109-0d5924a008c3;195.216.100.180
bmoore@example.com;420.653.3307;f6039c6b-a869-d6d3-3bc3-2fb1b2da87b8;219.9.129.60
kimwhite@example.com;(478)762-8706x049;1988b108-cc21-76c2-7f65-d25f40f52660;156.96.46.149
bradley46@example.org;481.926.9636;843c8d7e-7733-896a-ab08-04414377a9b4;166.85.222.174
tking@example.net;+1-236-470-9577x3407;41fc86d1-2f22-f4de-5151-67f85e087bbd;218.198.240.121
edwardjones@example.org;(481)898-2494x7482;114ba055-fdc6-0a2a-811b-0083b4a7db93;212.115.110.79
lancewilliams@example.com;(784)825-7019;fb1e35fe-1c08-9a7c-881c-77633a5d45c3;112.220.219.127
julia34@example.net;001-350-224-3895x559;07f81de2-c9c9-305f-c1c1-387b0da2e71d;155.141.173.25
wfoster@example.net;001-883-917-6840x73752;15b6e762-1af2-8d43-17c7-57f24a1cd6e0;130.217.158.202
craigdonovan@example.org;(563)883-6200x56793;34243bcd-1d56-7042-93e1-168c4935623a;189.244.84.193
ngray@example.org;8326931202;14d7e385-469d-ab0a-a54a-67e9b2c04fb3;14.224.153.81
ypaul@example.net;675.408.3390x796;858f8053-debf-345c-ac78-3ab76ad7d89e;223.11.165.232
delgadoterry@example.net;001-911-609-5069x91238;00d1a04f-e48a-c64f-2d62-4616119f3ff9;63.47.156.1
xjones@example.org;615.727.0263;eba941f0-f67a-d84a-eb0c-9897e2f58983;142.163.72.34
joseph21@example.com;8056512201;61d99ae7-f71b-67c2-2d4f-8450ed1402ef;151.197.142.109
strongbrian@example.com;546.894.3179x339;76ea921c-8b58-0127-1bca-69f2add9cdb9;177.99.145.73
joelmcdonald@example.com;846-441-2352;4d15c9ce-3424-dc97-533f-ee923e3643a8;71.70.152.114
stacy01@example.net;+1-249-591-7419x5771;934cc741-d15a-ca88-d3ec-407dbbf2a59c;163.87.132.157
tduncan@example.com;+1-332-962-8556x98560;ee32b910-b496-cde4-a6a5-e4cb19079504;215.52.114.91
sara97@example.net;(764)651-7764x2104;7f294faa-5297-9070-048a-ed3f35e190fb;175.203.21.155
marcus45@example.com;435.385.3106;89dc17e0-6125-3079-e542-cc4d120e13ff;170.149.241.79
leslie30@example.org;001-476-901-2608x07900;60f87880-dd29-0114-e0e2-fdec61c0c4ad;169.192.222.200
johnsonmichelle@example.org;884.314.9340x55660;5e62ec61-5641-9821-65e9-094047b05051;52.138.187.215
bishopandrea@example.net;525-488-1710x6728;2ed2efb7-44a7-479a-e327-f706d8b7c3c9;162.216.166.177
vargasbruce@example.com;388.890.8662x6626;8e51f71d-a33d-2fc2-32c4-47fadb6626ef;33.154.21.234
toddchad@example.net;346-674-6021x527;be3418d0-508e-9fd2-3005-71f1bd4bf296;124.123.238.156
kendracollins@example.net;+1-892-736-8043x9157;546a2b19-10f3-24bb-8772-f15a5d8cdbf7;153.27.243.119
kelly49@example.com;650-807-8436x120;b9f5f8b1-c3f5-a8df-dd61-53b54c907571;155.83.49.48
mcook@example.net;001-537-217-4847;678b1796-f16b-7c65-3505-50f34b30d1a9;108.136.9.40
fwilliams@example.org;+1-400-896-4104;8c1a029c-29d3-5ec4-c63c-1b6e9f429a70;211.117.250.179
ricardodawson@example.com;7114065892;81fd4570-3817-c980-973f-ebbdd470e054;35.223.99.72
donna68@example.com;(949)555-3836;71369a4a-0944-ab27-2101-56cfce6e783a;141.90.17.20
harrissandra@example.net;475-563-1905x234;f91fa2eb-5b6a-0b4e-4424-4010baf93e0b;198.63.215.183
mckeekelly@example.org;+1-635-811-5065x2734;874688a0-2240-b427-29ce-b8e3aa5f9ca4;178.152.96.126
michaelhorn@example.com;(597)735-9679x712;f833137d-e48b-c8e2-80ef-2471b03dd880;30.133.59.128
ulee@example.org;(436)423-3216x58697;f946e8a7-44fc-13b7-6f9b-6ab7061b14f9;7.57.30.129
howardsarah@example.com;334-881-0404;34aff541-3af2-e9a1-a249-d4ffe695c048;17.136.80.238
hdaniel@example.com;(225)996-2933;b0b10c4f-ad1a-8635-2903-3b9b533a5fec;211.246.9.173
lisabrooks@example.com;001-681-576-4134;25065ec1-da7e-d289-be0e-116641934991;195.103.203.107
glennamy@example.com;500.786.8019;5c42ac8e-2438-ff9d-85a1-0d27c3ff828a;122.227.112.206
waltonmichael@example.com;001-404-782-7905x776;257fa881-c054-b8ae-b87d-fdffcf891f70;173.1.234.197
tdoyle@example.org;739-688-6075;53bc98f8-8102-867d-3fc6-27e26517345d;177.89.170.219
wagnerevelyn@example.net;211.917.2161x4432;102a7a57-6b08-65c5-0d3b-01f2e6845156;209.174.168.65
davidjenkins@example.org;001-897-828-1307;6371f60a-ecf8-e0a8-afdf-7a68dc3b3354;201.50.156.222
garycarter@example.org;432-373-6438x536;698ebde1-adef-49f2-30f8-d8fbf8b3d89d;63.136.184.250
loriperez@example.net;313.828.4622x8158;556d3b65-1d3f-bc3e-2f5a-fa624c4f1a77;212.234.179.242
wardchristian@example.com;920-795-0255;0aabb3d5-48be-f89d-3b0e-79e665e88078;29.167.183.232
fosterconnie@example.org;6724428077;d26f81fd-ef48-3792-bc8f-e2a29b529262;33.16.30.0
kinggregory@example.net;(566)727-8363x199;00ebaf3b-d10f-de31-7a5f-7bb7d5933c45;223.34.236.68
conwayeric@example.net;+1-674-453-5594x8083;e2544152-d855-6420-7985-569205085812;116.148.67.51
morgan15@example.org;9829065492;5187f7f5-2136-a8ec-deca-6cf19472f040;195.47.72.99
billy63@example.org;001-514-964-9806x37429;4895b8ea-ea71-eb9c-0ce4-e616a4c713f7;128.59.169.55
stephaniewilliams@example.net;(381)926-2667;f00de1da-4462-4468-b15f-2b67401f1a53;198.195.49.130
bellalexis@example.org;816.866.3205x8316;c2963b26-5321-7180-ca4e-8f1a745ba4da;46.96.47.83
michele60@example.net;+1-851-412-2406x2896;f519b2df-86f6-8ca3-602a-433ce6fc86c5;93.44.80.168
stuartthomas@example.com;688-491-5432x564;5578391f-d61b-6bd9-046d-0a41f615bb8a;144.180.58.166
millergerald@example.net;(507)495-5140x20823;30f72c1b-3dc9-2ec0-8211-dc2fd961bd7d;214.28.33.37
brad65@example.net;216.659.4145x21544;8e9415f4-94c0-abe8-a069-5ef97e483bdd;187.178.254.15
wallacetodd@example.net;+1-899-890-2165x40957;ae665ebe-91a9-3219-280a-5650d2352e35;3.112.24.24
alexandertyler@example.org;(219)419-7188x012;70402580-940f-b75a-e311-0cdab1a1323c;63.227.24.228
millerlaura@example.net;656.357.6228x0076;e64948d4-4659-7e36-dc64-3fbdf53192ca;71.32.167.213
johnwilliams@example.net;001-598-244-5560;5c49e09e-9b79-35ef-d143-dc2c21284ff9;25.250.181.149
ktorres@example.net;(261)692-0365;fb90f078-59fe-00fb-785e-147945135cc0;216.247.198.36
oosborne@example.org;793-751-2965x247;db0a6a10-8dec-3d95-7ffa-6fafae254c57;190.134.174.128
megan78@example.com;210-574-4686x802;c79f2c4c-dc67-62cf-27bb-05351ce5dd54;198.120.169.37
darlenealvarez@example.com;452.377.3487;e1672215-8d1e-a133-0f99-b17173d0907f;217.242.186.93
barbara52@example.org;+1-612-753-5114x0120;563de8b9-4326-1d39-febb-58d78bbb3478;11.56.250.115
qanderson@example.org;(306)227-9651x1297;dd0187f8-c173-fe07-2a2c-1da83b6fd3d3;207.96.23.171
leejohnson@example.net;001-971-728-9361x680;72d489bf-bea4-7063-8a91-9ee9a0657cd6;1.86.117.34
thomas36@example.org;+1-624-466-1540x5281;5a918935-3918-9466-34ca-5cbec5dfa9aa;198.111.255.67
vmcintyre@example.net;697.491.0786;c9b5db89-8fb1-d117-6ea5-3e159666991b;162.83.233.207
padams@example.net;302-812-3818;9dd58b86-a683-d880-9445-8c4c0ad98802;215.61.53.3
jonesbrian@example.org;+1-856-903-0148x0337;31e2a27b-e64f-6beb-25eb-4977f1a8c4eb;124.124.56.140
robertknox@example.net;(404)910-4965x01255;99cdd428-eb89-eb32-c80d-7fd43e6ecc80;34.96.225.57
benjaminmichael@example.net;+1-204-581-2168x42220;f75639fd-76f0-b49f-aec4-983005b84b1c;43.132.126.252
hardinglori@example.net;(363)345-0472x664;e0ca80ae-2510-16c7-ae6f-5ab47efabc1a;144.21.155.249
lunajason@example.net;001-901-271-8758;cf2abbf0-5921-c807-f736-1774215bdd54;77.73.80.75
richard01@example.net;(430)818-2307x237;b75861d3-2383-9920-6847-ddb8e1666245;20.128.182.111
mklein@example.com;(439)702-4655x626;a5bef02c-ec78-ffc8-1822-713ce9d995f8;212.65.66.146
njames@example.com;(248)738-6708x8742;d4128f53-0a01-6bbb-9775-000c3c32360c;78.151.232.48
jholmes@example.net;412-537-0852x909;2d0d2310-99ac-7a69-13c4-276497b29eff;112.100.173.224
maysjoseph@example.net;001-345-871-4923x924;c999cdf0-aef1-c93d-c16a-b30331dbf0cb;69.79.7.138
nicole02@example.org;996.798.9734x026;0ece2a1f-f560-4ab7-d439-30321ef22143;80.148.186.99
harrismarcus@example.com;543-320-5164;7d919bd9-9cd8-1f77-9bbe-2d66a6bc7a82;34.85.14.122
jeffrey69@example.net;808.303.2271x805;8183718f-8c2d-0f36-e586-06eaea1abd7c;172.241.243.158
richard22@example.com;835-314-9858x77531;1b7996ff-1ac1-a46c-83f3-2cb001ce5f28;13.105.235.36
ggilmore@example.com;+1-460-326-3507x21086;15083795-2ab9-d6f2-79b6-fefd9377f2c6;188.18.100.130
ewilliamson@example.org;671-464-0249;361b3109-a3b1-80c5-b062-a177baa66a2b;156.80.88.135
dillon13@example.net;+1-635-548-6418x010;47d082e9-7b1b-d8af-2d31-f444e04e6c8c;57.3.13.106
thomas85@example.org;640-285-1475;e604cf1e-cdc5-92bc-3d35-7d18d3da0443;33.134.151.215
nguyenleslie@example.org;+1-321-598-1315;9c5540a7-5efe-ed74-d741-ea54923b8b08;169.116.221.239
elizabethchristensen@example.com;549-348-6821x126;05589f88-0432-f857-1c27-3f6a45fcf440;147.240.89.170
azimmerman@example.com;+1-508-413-9884x584;0594f1e1-f46f-8a95-565b-46c21a7c18fc;91.65.163.196
melissa13@example.org;(850)910-3565x956;8b1d2f99-1813-e7fc-5e21-1da127fe47f5;131.73.53.172
tbrowning@example.net;(518)827-9286;8c2811a1-e499-6f83-ec0b-202977ad407d;192.30.156.11
erinmartin@example.net;370-687-8980x3747;0bdcc3cf-84de-ff9c-ac19-c504e8dd1c8f;221.83.86.105
brandy19@example.org;876.732.7770x77621;44136588-f66d-8418-7ec2-97f2fd4b4a89;223.42.195.49
fosborne@example.com;+1-782-374-9030x821;1c1dbf19-09b9-68cc-9f39-c87c5d48bc5b;139.123.186.165
sarahmichael@example.org;688-388-8139x598;17e62ec3-d084-970e-7682-ccd868b02557;178.193.37.135
yfernandez@example.net;001-805-696-5847x816;204e49e6-9088-eb58-5882-a3fc423b3981;25.199.116.95
xcruz@example.org;9202404802;a8212b71-d4ae-0319-4379-3b4ec3675db7;219.221.116.173
sierra78@example.net;001-351-896-1278x4030;aa2fe97b-5267-2bbf-e09d-0c99d402c2f5;195.13.57.108
stephen58@example.com;736.252.2407x8649;1dcec35a-e5ec-4a9f-4eba-8c70a802a0aa;223.133.65.64
obrewer@example.com;(827)715-8725x305;4ab5868d-d5e1-6b9a-40b4-b370842e0f3b;141.62.137.102
johnsonmadison@example.net;001-365-205-5201x29902;94cdf835-0675-ba8f-8368-1e39a93270ff;204.96.212.25
fhenry@example.com;877.876.9570x94021;2d543eb4-1ef3-4a6d-fca3-71b20d69d88f;220.224.22.46
johnstondan@example.net;307-361-0234;e8e09cae-72da-66b9-55a4-1a2a4005e16d;137.214.225.204
jeremykim@example.org;+1-265-426-8594x7401;4e53b84a-84f1-a573-99e7-9abbb81cbee8;23.5.189.62
walkergeorge@example.net;+1-955-738-0772x86031;5ce7b7b6-e037-fcc1-fe7e-920bffaa5ce4;222.186.144.77
weavermichelle@example.com;628.880.9826;7dfdb5f4-267c-5502-61a9-d2c49cd8f990;4.140.165.200
margaretruiz@example.com;(595)395-9151x034;67b12606-52b2-f9da-fc60-8bfa62351f81;213.235.77.47
mannjoseph@example.com;(594)509-2797x1564;4ef2d2b7-bb5b-01c3-8ee7-51eef3dbf050;31.104.83.225
bianca33@example.com;699-356-8653;e04f4b46-245e-27b3-eada-95fe059ad301;223.204.134.44
yorkamber@example.com;(491)214-7829;5cee6b3a-f91c-6287-4f16-21c12c7ac85c;192.38.150.226
heatherpatel@example.com;467-939-3485x53757;7bd4f3d5-7745-5486-9d2e-b57dad12ad56;203.171.70.250
lindsey69@example.com;001-889-961-6254x6720;bf8690e4-49ca-15db-0f8a-62ba0715ffc7;47.82.176.107
mallorywhite@example.net;552.280.9921x723;e16de4cf-ccb6-d845-435a-a9b8520971ba;161.186.252.96
davisjulie@example.net;(958)631-3848;f24a6bfa-bc45-b9a6-6f12-193f7cc2d1af;220.109.180.7
juarezanthony@example.net;001-714-416-8049x0591;cd7f9457-89f9-9ea0-eb5b-60389536a68c;179.129.134.245
allison69@example.org;+1-695-511-3399x6466;d9c0a389-742a-f8e9-8238-fc09cd9fb9ce;45.103.251.65
fburgess@example.net;(438)402-1636;dbc595d0-b484-e3c2-9eb8-874125d34e44;79.161.184.152
loganwalls@example.org;(987)414-2256x86275;48c416e6-e1ea-ecf0-22ad-b020c8235721;195.55.217.99
williamsandres@example.net;+1-594-961-6429x651;38837f1a-8f08-64a2-de17-09cab79f0409;204.124.64.156
schultzdarren@example.net;6653584112;ad447a97-5078-7280-7c4b-2e360423f35d;184.47.237.245
urivas@example.com;650.375.5586x0393;1d17d102-77b7-7b99-15d7-9b2f649582bf;149.74.241.251
keithsmith@example.com;856-325-4660x3069;8f95d9b3-bd01-d2b9-5c4e-e381bc64e099;14.150.125.29
parkercristina@example.org;001-917-602-9413x413;2d594b12-fa7c-5ffd-e2eb-dc092115454e;189.222.215.119
dianamorgan@example.net;279-896-8624x488;10ec16bf-820b-4b2e-6943-12c4d3f0f434;142.20.49.253
anthony20@example.org;569.732.1551x4596;6c0dcf1c-f2a9-edb6-860c-c861a1ab025e;158.76.110.134
fperez@example.net;001-905-383-3562x296;0b4a4277-e09f-7fa8-d4b9-ce96730491d8;107.203.209.171
freemanthomas@example.org;(673)649-5826x9865;d83f101e-82d5-0933-c4a4-9ffb08e50306;208.149.4.13
jennifer22@example.net;3252541858;a2f114cd-169b-f3c9-c3b1-d27a25b84d0b;122.45.239.116
npena@example.net;817-667-4325;28bc04a2-d2dc-9941-8691-3a428236ca3a;215.239.82.153
davilathomas@example.com;889.219.0737x2329;d6106ab7-a4fa-46f2-f908-c8b7ba5f7d7d;212.27.116.206
ggibson@example.org;663.768.6055x27415;f1eaa2e0-5d1a-f003-1b73-913f456cc66e;8.94.47.86
esalinas@example.org;405-987-0508;02d9680e-7e35-1fdd-f37e-2a26f5ad2107;22.116.62.40
tpatel@example.org;812.355.0839x6900;ceb0db3c-4a88-0359-828e-c990ae5ebc52;212.195.45.160
douglasduke@example.com;997.385.8233;f179a68d-8788-32ca-5a1e-bbfffbdf75e6;160.48.149.223
katherinerodgers@example.org;718.392.0883;d1df4bc8-0797-9d29-21af-44fdb28d2dae;210.53.115.75
pennylivingston@example.com;001-338-290-7600x2509;4c7de2bf-d8c2-d034-dffc-e0e646bcdc0a;139.76.68.254
tuckerangela@example.org;(700)462-8495x62870;6d270d66-90a4-389d-d64f-d05296d9572a;60.163.171.148
john20@example.org;224.250.6488;93fa0a88-c51d-2277-efe3-d085e292d77f;201.120.23.56
porterkevin@example.com;+1-276-438-0846x389;180138be-5e0f-3be5-dcde-d3dfa178004b;5.186.136.34
pattersondanielle@example.com;(393)732-6211;59296d84-f012-9633-7af3-1a7b70ff07c2;4.120.231.158
whitneylopez@example.org;203-959-8233x63009;f36ee53b-e834-2df5-fb8a-9d50ca1adb8c;169.61.0.246
tsmith@example.net;001-396-743-0168x164;624bde35-b19e-c289-eb9d-995de840ebee;61.215.162.86
christensenrobert@example.net;+1-573-598-3395x604;8abda4c4-0fbb-d764-fcd3-44d100926e6c;153.69.81.113
ernestadams@example.net;+1-687-216-0343x893;a973cb80-31c4-f838-0367-75f8ae86ea3e;188.159.182.214
phaynes@example.org;(960)895-8539x40205;64797abe-9d18-d1e1-2a5d-063314cbd9eb;25.106.148.59
edward79@example.org;(317)328-4073x05434;46ac66cc-9303-fe76-e4e3-f8d526c92e9f;35.26.222.167
monica66@example.net;219.691.7670x11160;f38e2001-02e6-eaea-25b5-87c9cbc13d46;189.0.167.248
keithhayden@example.org;839-962-0391x5620;572e987c-997c-2816-e2c8-91878491325c;211.100.17.104
carolthompson@example.org;001-854-407-6679x7457;7d4e7da0-e300-984c-a8e5-d924bcfaca1f;171.194.121.211
kathrynwashington@example.com;(580)757-5342;f2dc54cc-c840-0abd-cd22-f2502480b2bf;17.121.254.233
dianekline@example.net;954-576-9546x21307;97a12896-04f0-43ea-b078-2783a2e40380;184.241.45.167
marvin00@example.net;+1-499-384-9624;a5eb832e-78b7-4775-18d3-c0cf06acc999;22.5.98.19
gomezelizabeth@example.com;649.517.9198x031;53ada0ae-2b00-763b-62f2-a47bedaa1001;146.60.70.87
thomas53@example.net;(303)862-9826;424cf6ea-c90c-7b4d-1caa-f0a6ac580e1f;44.99.170.11
natalie00@example.com;001-880-944-8706x83068;03b480f9-54cd-d1cc-112a-8e72fe1c6170;4.13.227.27
emilyolsen@example.com;680-436-9610;d1f837c4-484e-175b-b436-38e08d34fca4;133.120.48.89
jessicabernard@example.net;001-866-430-4250x267;bd96a722-0106-3428-0b1c-a18bced6ce21;134.121.98.77
blake98@example.org;001-919-931-5769x65567;c908a843-e572-0d6d-ef7c-c53582afca1a;171.194.160.24
greeves@example.net;792-818-7000x70505;b10e911d-3029-6882-b972-a1f9b68c9c70;201.94.1.237
spencerrandy@example.org;+1-451-677-4102x825;b863fc23-c40b-284a-02d6-b66232a4a1f3;56.99.150.208
carmen25@example.net;826.561.6047;8cb0219b-3528-d86a-8a77-442b1d571e49;116.202.56.196
wilkinsonmichael@example.org;749-619-4214;f0200994-8d84-c5a3-fcc0-951683038da0;55.5.125.14
jillian03@example.net;001-816-319-3204x1336;3cffdc94-0f7e-5105-e66f-8e13746a0fc1;132.201.232.42
brownkathy@example.com;001-749-411-8688x25723;53c70d84-5fbf-327f-08cb-2b1f040a5842;219.111.193.235
ramseyrebecca@example.org;(246)982-2389;7f2c5e2d-f499-5908-824c-2857cc6de569;167.11.5.40
samuelrobertson@example.com;813-478-4831x4460;a97c90d8-1599-e7d0-44ff-6b145e526092;160.247.222.89
hcruz@example.com;977.343.5517x52369;588d4983-2562-f59e-e995-94cfffca2389;187.205.80.141
christopherturner@example.com;+1-985-683-6212x77248;5ff1838b-e918-2bab-b269-9d3dc601ec1b;206.8.248.171
matthewsjennifer@example.net;(385)917-9879x8043;af22b966-49c9-df0c-0ae2-a9a099c5487f;217.250.29.193
leahgraves@example.com;(469)265-7196x19861;9206578d-8d71-8d5c-6123-aeb3ef5e1f35;194.58.55.62
acruz@example.com;+1-480-933-7965x180;92a98d9d-81cd-217d-6ac1-8d318e76224b;177.87.96.129
darius68@example.org;001-524-864-1707x7550;f0498707-8cc2-9fc9-0a3e-4383fea35c6e;134.228.224.91
joe19@example.net;(502)250-5049;c04370a7-d27d-75ef-ee32-2d038c8554c1;200.166.155.152
angelaanderson@example.net;652.401.2787;7d768638-377f-6966-b13b-11b020c8fdcb;194.85.17.69
gregorygibson@example.net;808.375.9214x191;a9f9aff7-4e6b-bc41-527e-1ffcf323a0d1;124.35.240.218
sandra12@example.org;001-928-704-0493x1332;dd4b3d58-efb0-089c-5f2f-fb0f30709bb6;4.140.29.72
frankkristina@example.com;834.698.0230;7fcf2a58-e3c1-2c0a-5927-850f788cc9f8;27.116.9.157
zguerra@example.org;674-561-9305x597;ed5a734f-2c42-49b5-073a-de09e14093d9;218.146.202.210
dunnkyle@example.org;845.834.5499x818;5f7cad1f-0867-cb54-7555-d46e39e94cdb;96.9.2.72
lorimiller@example.net;732-634-6835x9213;29e72f96-0b27-0fa4-b60c-d6d9d9c0ca59;4.16.84.173
tracyfarley@example.net;703-851-1982x4998;7fbf5edf-38c3-cd47-7275-6b9dee02d82b;44.36.150.142
marksandrew@example.com;001-883-742-6738x9459;3dea35c6-e23c-1b76-eda3-45726a2dfc36;186.200.167.40
amy32@example.org;+1-550-928-3782x4037;b89a7986-4ebc-cb71-0e6b-04f34770ce34;175.19.217.72
colemanjohn@example.org;981-987-3794;1cc23a50-23d3-aeed-cd64-47231b8e264d;173.1.234.197
elizabethlevine@example.org;+1-938-916-5447;8d0315cc-147f-7be4-ff7b-e9887a8459f8;129.61.95.53
keithsmith@example.com;001-552-859-4306x42267;a98fbae4-0e07-50a9-696e-bebaafc4e4d5;14.150.125.29
emily04@example.org;001-805-384-8691x810;a16337e3-2362-a5c6-9cc0-832d84ac905f;107.83.56.161
ysims@example.org;(571)488-8623;151997be-8292-eb87-4695-f29b8f93f5e1;12.134.241.220
andersonronald@example.net;353-436-5626;c3793d6d-1a7b-b9b5-e985-b07a1f080c0e;55.177.193.144
connorjones@example.com;+1-455-974-7613;6f50d1a0-ba69-b162-58ab-1ea3f53547ae;168.237.1.20
lukeyoung@example.org;001-952-436-6109x673;c9d73d81-ee50-0e59-7860-d42e5975da66;178.51.46.72
robinsonkenneth@example.net;+1-913-701-0656;496270a8-41d0-5eac-7264-90af732a3d32;170.174.129.248
sabrinarodriguez@example.org;+1-509-502-2922x323;41ccd3a1-9f5c-fc70-f308-336dccb75725;84.6.235.214
diana19@example.net;+1-295-816-7587;76fd5eb1-a47b-4c70-9d34-d94b46349a82;24.174.136.102
carterjenna@example.net;001-386-861-7874;15c8c4bc-77cc-9318-5882-9af373d1cf0d;73.101.211.204
arnoldtheresa@example.com;+1-413-766-9965;9198a8dc-0378-be31-de80-7b27e59bc731;124.152.169.95
codyturner@example.com;7883576778;f8e332f4-7666-1f0a-94c8-e5096fb01b8c;221.156.85.84
claytonparks@example.net;001-269-696-4755x284;90a0f2fa-42d4-2ed3-46d9-e467bb525471;92.18.33.186
pgutierrez@example.com;001-205-968-4439x6405;5a4530e2-3ebf-c1b3-b141-3a569bf5300d;206.194.30.203
peterlee@example.net;421.882.1671;51a4dc30-16ae-de69-75ea-97d974b09903;6.96.223.64
christinacarter@example.org;(461)254-7955x52424;f9b413ba-67d2-4004-e344-b6bfc472d510;154.164.117.199
jmeyer@example.net;468.405.2602x4211;fb8e6b2e-5a11-aa07-2720-0dd90e7958d0;221.10.151.19
newtonjohn@example.org;271-221-2001x10749;3e2de408-329f-2ab4-da82-6d073c8a4de2;155.115.45.223
frederickwilliam@example.net;911.777.7672x94928;5dc9747e-3a54-7db1-3d2b-3ff9668fe3bf;21.38.171.99
douglasmcclain@example.net;+1-815-276-9842x4564;0d97c7a8-b547-8e49-75e3-1772169bae33;4.150.36.131
fpage@example.org;8709531622;c9b6c065-a6e8-6f35-76b2-5bcb9e7dc0c2;102.1.108.145
hughesjamie@example.org;+1-997-422-5433x24919;72366521-c868-1c14-4d6f-0c806ab4a498;210.62.77.95
kimberly24@example.org;+1-242-626-9347x88112;8083eb6f-1279-ce98-b59e-0cee743f37fa;195.212.198.239
jessicasmith@example.net;001-201-904-8867x19092;303a9fff-7acf-037b-f065-cf2ae0b4b2f8;116.38.151.159
katiesantos@example.com;3849761288;8868b16b-cf96-4dd6-ad11-f9fa13f8fc57;173.176.229.40
amberdickerson@example.com;607.452.2485x0627;e0b0b38f-0ac9-f89c-19f8-44d406469d51;156.40.57.95
dillon13@example.net;669-344-4378;47d082e9-7b1b-d8af-2d31-f444e04e6c8c;207.34.158.158
williamslisa@example.org;352-598-2444x91862;44b3e690-7e76-f1dd-5fc6-ffef63302c32;150.26.157.128
stevensonalyssa@example.net;001-559-907-0795x210;e7962f69-572d-7260-b5a4-e261222fc7b5;183.187.19.23
linda49@example.org;3817721080;f48ef50a-095a-4336-772e-dbfc6622074e;34.176.127.14
psanders@example.net;001-872-265-4253x1210;b2b9ab4b-ed2a-b90b-e985-1ce7e7dd70e3;94.222.144.253
carolalvarez@example.com;(481)813-6721x991;46e6cd8f-d479-8d7b-afe9-7329482929b2;48.208.13.204
ernestadams@example.net;+1-435-681-9674x720;663cfa6b-6fad-13de-b471-46158d548119;71.59.128.139
julie77@example.net;868-558-6942x98542;e9515a36-6bf9-ea69-2d24-7d58847d6ece;218.14.212.87
john92@example.net;6252505050;9bc4161b-4743-0332-8251-cd0f1b096f45;136.85.72.87
jamessutton@example.org;(407)907-3673x520;f0498707-8cc2-9fc9-0a3e-4383fea35c6e;183.225.72.51
teaton@example.com;2618536626;baa019fc-1518-b273-7ffc-908f69e1b2d0;186.58.15.13
renee77@example.com;911.238.8497;abe40450-8df8-4b0d-40b3-b8d8316c7d71;118.2.43.42
youngmark@example.org;001-485-913-5460x4979;060e0de7-4241-9df0-4b9d-6f94c11a634a;193.27.132.214
stewartmary@example.net;642-733-6296;23bb9be6-7c27-7e23-65fa-b277a51cbfea;194.210.137.28
mariadawson@example.com;+1-797-681-7510x389;a307b7d9-6cdf-3432-8c44-90ada607093c;197.197.197.153
jeffrey56@example.com;583-956-0257;23d2e889-8cce-2f35-850a-0e20ca5f6047;155.92.50.177
qjackson@example.com;288.628.0779;70a1f72b-9db3-9374-6733-e1601d5c990f;211.34.67.65
michellejoseph@example.org;763-264-1777x2982;9f255ec8-c076-9350-b60a-331c2c9c20b4;131.18.190.129
ngraham@example.net;9088641583;61889f67-6369-b92c-43aa-fa40201cc704;184.241.45.167
samantha33@example.org;(586)295-3365;8762e092-1376-eb35-f53a-150e02b67c8a;36.30.198.247
gail25@example.com;774.417.6243;f391735f-ffd6-156a-d204-3b2d5a4133ec;176.162.170.231
jcox@example.org;206-714-1992x551;25e046bf-ad44-5eb8-3eed-e0edfd17a2fe;32.185.50.84
mfoster@example.net;(894)740-6345x850;af7b9589-e852-3cb9-1461-fd703285fa1b;214.175.29.22
katherinepatterson@example.org;600.724.2616x32925;f2b6b9ca-08d2-cbfc-47d1-f8031f653e50;208.95.84.188
myersjennifer@example.net;001-776-520-7709x052;2c1d660e-707a-6d61-f4b8-f22a054582b0;129.151.23.65
schultzdarren@example.net;6653584112;ad447a97-5078-7280-7c4b-2e360423f35d;184.47.237.245
annamurphy@example.net;772-543-2625;7b35a46e-f4e5-daa0-a455-3b5b46148532;205.252.59.172
ikirk@example.net;(665)506-3446x6347;97180b4e-cca9-3411-2e89-4f2020648e72;160.113.142.253
kimberly64@example.net;482.598.7842x478;2dc935e9-f6dc-0453-e07a-2f4477c2ec10;181.53.158.1
christina59@example.com;920.427.5415x6418;1fa2ee63-704b-469f-cf2f-5e167edfad39;217.230.92.231
chad68@example.com;684-600-3705x45049;64b531ba-05d1-1912-5956-699753253693;216.233.37.28
patrick13@example.org;750.957.3464;036055b3-18fa-78e2-8d4e-775ae81a3e67;147.156.112.207
pattersonthomas@example.org;(680)308-0897;68efba94-3753-661d-14ca-25eafd0fa82a;140.57.204.241
paulcoffey@example.net;001-296-766-0237x584;9f1651e8-ac57-5feb-cb64-fd962e9dcd74;174.129.250.219
wbarajas@example.com;307.860.1314x9060;0ea5d110-2f60-c447-7750-3b9cc61a6799;222.213.59.138
galvarado@example.com;321-858-3082x960;8a9138df-1cb6-6fd7-8f37-e9ab5605fe1e;165.28.144.206
harringtonstacey@example.org;(538)735-4312x300;56765af5-6382-3b4f-ed4d-9741bd39a608;222.146.83.125
fsmall@example.com;001-499-600-1661;2ced783c-7462-c236-93e0-a95dac1cd5a4;50.43.110.104
elizabeth20@example.com;537-981-7966x6314;5ecd2c19-87f5-fedb-8e16-877b41da925a;132.245.253.165
kylemoore@example.org;3775097508;bac31531-caeb-419b-9c22-d0c51c9ba495;130.7.126.133
griffithraymond@example.net;821-298-9442;8da4c608-909c-800a-89d3-701831d26650;196.21.172.232
xmartin@example.com;380-961-6959;9b104979-9c91-2126-13c9-651617f0b7a0;15.46.238.152
crawfordtony@example.net;729-255-1629x1137;127379b3-ff95-7239-4bef-00b34c93f9e5;216.61.244.165
derrick87@example.net;(848)209-3609x62376;3e7915e2-5c79-20b4-d001-35087224dc86;198.16.166.130
julia42@example.net;275-509-1607x263;692a99e5-66c1-61cb-c2ca-272b7c5aa34e;212.123.102.62
ryan08@example.org;932.831.5779x35556;a3ccbd43-e95e-a6e2-39a4-cc30211700a1;223.121.239.232
terryrobert@example.net;+1-897-832-9163;65c120df-96af-fe21-e78c-88bf0c699175;178.208.219.161
amy72@example.net;+1-328-774-2324x349;f33ea0f4-287e-669f-d51a-d8a87d1768e6;135.200.111.249
skelley@example.org;+1-646-554-7364;e660adf7-1c9b-47be-60d4-837a52f11aa4;193.44.137.154
rjohnson@example.com;001-731-667-5320x65591;f607da36-bc77-84bf-65c2-1a029fb048fc;217.101.45.27
lutzkevin@example.org;(818)786-4299x0630;7d6621ae-9e78-9ecf-2ddf-1db202b789fd;138.98.208.191
crystalwilliams@example.org;(357)869-2201x1520;127379b3-ff95-7239-4bef-00b34c93f9e5;180.136.68.175
uatkinson@example.org;8465696391;ef280bf3-38ff-9e6f-e980-a7ebfe91a1c6;204.253.183.14
beckemily@example.org;836.741.5162x6016;29f7aa63-c965-6efa-22f7-07e188546da4;99.190.30.140
alan16@example.com;(733)452-6254x25040;ba6cfdb2-fecc-c8ee-cf4e-c6976377a5f9;222.168.43.84
smithnicholas@example.net;+1-500-411-8498x538;9edb782d-5270-12cf-d972-2843e8f2a9ef;63.81.188.144
stephaniemason@example.org;(795)631-5705x1079;c60fd596-d15f-52f9-d420-2345c4110b86;125.98.98.139
jennifer57@example.org;(312)403-3003x79458;9de50883-29a2-48f2-b65d-eb4263bd543f;220.40.248.39
judy71@example.com;289-819-4237x7789;850201e9-f5be-1975-b863-630fc0ae84ef;3.34.19.49
linda55@example.com;516.684.7794x77283;a7ffd293-70de-fe72-8843-0c1db0f13a05;220.15.247.41
cindy80@example.com;(945)840-3852;e67fd667-cbe8-4536-2c1f-c1eec34350a0;168.7.64.57
eramsey@example.net;(960)868-3200x3247;51f6eecc-e3f4-9053-c702-ebe35cc38de1;164.159.55.20
allenpatrick@example.net;(594)464-1365;c9bd0384-71a5-ad2b-ee7c-140b14852a5c;213.188.107.111
gregoryhayden@example.com;841-553-5166x068;56e9d161-3b86-67a7-1755-fe4d332af68f;111.44.88.179
pennylivingston@example.com;6428783882;3c96e6fe-98e8-ce7d-72c4-ce086aae3df7;92.211.245.87
robertbarnett@example.org;487-285-0728x689;46101033-ccb9-700e-2cd1-1c3dc7134945;27.135.211.58
ashleyhenderson@example.com;330.214.5209;3451a69e-1e42-e7ee-9a29-1e327f554891;83.2.227.135
mbernard@example.net;(298)296-9515x002;6ea5cd41-1bd7-39b6-a564-de53858914f7;97.178.240.29
jacksonkari@example.org;+1-554-554-9982x40540;3cd5b9b4-3d0a-438f-54d5-0b307e4b9d92;61.90.86.8
cookmichael@example.org;+1-460-265-5660;2a54d82b-d528-2171-c50b-91af08359690;211.211.64.21
jacqueline58@example.net;705-522-4819x412;4f11c937-a745-dadd-83aa-1ec93166148b;199.134.119.160
mary93@example.org;605.276.9928x139;66fd559e-7cff-c72f-ace6-a5bef9f565d2;203.105.218.100
brittany87@example.com;557.908.0719;aa9bf7fb-b97f-9454-3abe-292a72431468;29.53.224.126
hectorroberts@example.org;+1-410-266-1057;96dadb0e-b3a8-e723-1aeb-f3eab77373cc;208.217.51.202
william26@example.com;740.256.9152;a77004e1-11f5-fe4e-3b5f-8f0abcf4c8b9;190.163.171.255
tim37@example.org;001-254-969-2929x525;2a2be529-a19a-c96d-bd23-31a4cead47e1;210.42.106.129
davidreynolds@example.org;001-724-652-0517x08687;c3959674-a6fd-db1e-322a-91d1864c5035;155.58.144.151
mrivera@example.org;286.828.4864;6619c917-9bf5-2fe5-2307-69d9a380566c;205.159.122.243
morganpadilla@example.com;+1-340-834-5000x359;bc01dc80-1323-727d-7d3e-873ae08796c8;159.134.255.119
edwardparks@example.net;001-870-809-7359;54ae8405-070e-4591-81f3-65ca0919d6bb;208.224.147.205
ygalloway@example.com;(823)950-1898;577c2581-07ac-6599-67b9-54c930656d2c;209.189.92.173
qcaldwell@example.org;(268)404-9381x557;93ceaba2-e639-677f-62a4-c089da505345;105.145.232.103
smartin@example.org;+1-830-344-1589x376;542e34e2-5b97-cacd-eab3-67159e8cd567;150.76.235.182
brightmichael@example.com;927.568.5836;86b04119-10c6-a804-bd6a-83d441b00f80;175.125.35.90
gwalker@example.net;823-323-5494x856;b818c258-4268-b434-e096-5d29482289e2;202.217.68.208
ericsalinas@example.org;377.233.6172;686d63f5-6f46-8a9e-72e7-8dad6db65ce9;200.72.76.141
carololson@example.com;+1-728-384-7619x22647;5233ad0f-a27e-e648-d921-260825f08007;152.141.115.221
vscott@example.net;(810)560-0021x08103;458d4653-5b21-4835-b00e-9a98a09e139b;203.251.224.29
shannonwolf@example.org;(331)555-1321;acd9d3d6-d0b3-87f3-aad4-24df668df323;105.57.227.95
mcintyredarlene@example.com;(760)652-8840x247;d2985db9-6694-3967-30b9-9ef08b522fad;209.182.85.10
hhenderson@example.net;(677)646-4683;7090e4aa-320d-6e6d-c96a-f17987afa65e;206.233.124.128
jesseroth@example.net;+1-296-827-4644x8939;0f5338c5-68e0-83b0-f316-1123e5a443d8;61.205.207.119
ronald22@example.com;(658)794-2138x26966;db642571-4b13-53de-333b-4c8ca466d5c8;202.205.215.72
hernandezryan@example.net;4826145558;8f4d76e0-185b-507b-b034-c5e5ff8ba291;214.136.183.55
jeffrey76@example.com;001-339-919-4908x013;53ae0f5a-92b6-7810-65e6-eacae5ef8686;214.144.243.159
hernandezcindy@example.org;983-327-9848;634012f4-eed2-f301-4d7e-b59de1ef657a;142.31.23.9
teresa58@example.org;(378)390-8197;2087c8d1-e86b-3aba-a5f2-26901605de2c;175.100.245.146
nancyburgess@example.net;661.333.7655;541b7724-47cb-0c48-12fd-c3bfa68e4131;84.211.52.165
sandrasanchez@example.com;+1-317-354-4817x59595;aba0b127-a809-5298-7f8c-df963b352d8d;197.31.193.64
charlesdebbie@example.com;435-202-7330x522;59034f04-2cd0-343f-2191-d8c4a7f931b2;197.137.134.114
dawn54@example.com;859.724.2541;5e2e75cb-c95b-1d5e-2975-cabe637d1f12;142.227.32.26
foxjulie@example.org;477-245-1280;85900fd2-0f8c-15d9-b889-c1e3dfcc40ed;170.247.3.99
lwest@example.com;635-554-8783x4361;9f18bb8a-55f4-64ac-8780-6fb24db42b94;12.138.46.215
jenniferwiggins@example.org;999-657-5346;cb37f7f0-6f7e-1bf7-9771-69a2c2258ace;125.106.50.154
barroyo@example.org;+1-496-746-2485x62020;d80bd204-4d22-657d-ae7a-5337b5aba1b7;186.100.92.154
davisjoseph@example.com;(361)444-7012x601;7f00d7e3-3d32-19ae-bae9-2a75345d521e;204.222.153.85
shellywilliams@example.com;(987)744-5110;6bc8d507-4c4c-2592-adcc-1099916add35;125.169.200.220
fostercrystal@example.com;587.271.2561;8e8a44e0-1a3a-ca3f-6f0c-0e50c162ab27;209.209.109.205
dustin11@example.net;3519922084;936d0d0e-d3db-29be-e944-97f52fab53f1;203.70.128.231
aarongeorge@example.org;+1-228-602-1306;3a134e95-1f58-37ec-13a6-f323e09caafb;216.88.98.106
mistymeyer@example.com;2837492603;8ee6ddc6-3bfb-abce-de60-1cde10816db9;173.76.133.204
jamescollins@example.net;929-242-5415;ffc4bd55-c415-6b63-42c9-fc7b21cc5e27;152.219.10.130
goodmanwendy@example.com;+1-757-305-6245;cd2d8b4a-14c9-27d2-03f3-5d7f70610dfa;85.119.95.226
michellevalentine@example.org;(864)560-9195;99c0c9d7-b348-78ac-edc9-4cc935f4ea94;209.223.209.110
fpatrick@example.com;826-488-5816x85545;b1c2baa2-8da1-937b-7f5a-03dfd85e90d5;174.198.184.129
kdonovan@example.org;001-640-294-1922x47715;4c92fd50-3ed3-6b78-a476-d7edc28c6083;145.35.61.186
heatherlynn@example.net;001-216-908-9929x3489;936981e5-dcd8-5652-de38-aecf3041fcf1;117.196.148.108
jessicacole@example.net;(464)471-3735;c7e9f184-64f4-6240-b47e-24dc79fbb1d9;214.121.10.58
hughesnancy@example.net;450.274.1861x7980;319c96c7-b7ef-454d-8aa9-e93058a3ad76;182.214.223.94
cramirez@example.net;001-254-834-5380;78eb7a97-4b35-ca1f-97b6-6be985b6f05c;141.191.248.218
laurenspence@example.org;(401)232-9393x1969;592e032d-b083-9262-16e0-129a9447743c;45.222.167.86
graygregory@example.com;8116177163;ff7dda7c-0afd-ea9d-5e16-6c1a264f03a3;196.81.211.111
mackcheryl@example.net;+1-661-841-5294x91894;91251990-0b1e-577a-ae88-2049ab900969;165.231.87.176
grussell@example.com;386-640-8369;500bbc90-d3a5-fcbc-26fc-c7d81830ebd2;213.216.97.89
grantbenjamin@example.com;7825455384;8e9a9861-8817-fe7a-0669-21b67c8da433;93.80.109.60
jennifer68@example.net;226.914.5995;2237c7d3-3547-f109-a03d-8b6039db9566;182.107.8.32
michellelutz@example.org;435.333.8579x6280;d983ef4c-5cb2-1585-9934-4181424f9231;195.15.188.88
ypaul@example.net;675.408.3390x796;2d0a69cf-7022-87a4-cb36-7f87bca65385;223.11.165.232
smiththomas@example.net;213-529-7245x809;a32fb61f-1515-e52a-7b20-4988f5f74bf7;39.60.178.117
wpope@example.org;(611)992-4009x39452;d8d3e2f9-c030-357e-ae44-348976b02aaf;192.105.163.115
iyoung@example.org;697.692.8733;b6eaebcd-f878-7d9f-420b-0180318ac9f3;192.134.142.6
mistynoble@example.com;+1-440-567-2992x33213;6f22defb-b504-a6ed-11f8-bd5b0590a288;179.128.93.155
jerry49@example.org;(421)992-8898;e03829a1-5224-fc7e-fec3-995e0d23e87a;32.44.159.217
emma12@example.net;588.628.3368x0243;c98663df-a2aa-c3be-6e6c-ce6d44ab1c56;80.64.1.81
pattersontracey@example.net;001-370-268-8025;08a8995e-f193-5a3c-655f-1b0315e107af;169.180.44.92
nhoffman@example.org;+1-761-722-4913;0863ddd4-2bae-1c21-5b57-b5fbe500ff08;205.230.5.31
john74@example.org;6786468607;0534ac13-a506-421b-8688-406f65dc3e41;43.130.69.141
rachaelbrown@example.net;+1-635-452-6884x3829;a760d887-e418-8be6-073d-13b5ef71172a;165.235.36.111
kristylutz@example.org;506-802-4275;67f8dc69-e68e-2e75-d971-7247d4ac4161;28.73.159.64
wolfjacob@example.com;689-462-9113;8a76aefb-4db9-d03a-0d77-b802acb55ce0;74.20.191.191
gutierreztammy@example.com;001-589-887-5996x1496;3840160c-16ef-4ca5-16f8-f3f02bd053f4;208.161.57.230
michael93@example.net;909-676-7033x3782;8f25a7e3-fb1a-5ee2-be6c-2a008c1ee09c;134.10.72.187
hernandezryan@example.net;4826145558;8f4d76e0-185b-507b-b034-c5e5ff8ba291;30.114.15.254
joshua83@example.org;001-362-310-7138x678;9f538e5b-d8f2-1e97-1820-6a33586d6c26;13.86.25.68
joshua43@example.net;001-924-482-5831x971;443800ea-66ae-2569-b7d2-cb2b40194212;183.209.235.193
davisjoshua@example.com;427-847-7204x101;07865e6e-9705-37d5-1767-59be1308b6a9;15.3.135.208
benjamin09@example.org;001-354-578-2293x50772;7e509a87-eca1-29e2-bd38-ad3bd5a0958e;160.214.107.197
dwilson@example.org;+1-729-372-0642x29750;edb843b9-00d3-417a-2f87-50fe6996b140;142.33.142.205
derekmorton@example.org;(672)764-6049x835;8a3d7c6d-a809-aa10-e09b-bb8d70b91c08;98.17.240.223
jhartman@example.com;+1-990-205-1368x89816;b5f7955d-32b8-8a49-f9bc-d219d735d85b;96.227.198.16
piercelaura@example.net;842-674-1099;454278b0-0c00-b00c-4920-ba56430b454c;125.99.80.61
christianmegan@example.org;+1-663-741-6779x6152;8062354d-bd76-3880-0c75-be02b19e0da2;185.7.93.42
brucecampbell@example.net;579.220.2589;11e457af-351a-8060-b955-23db81c3edc3;129.193.229.7
danielwu@example.net;001-240-602-7796x6446;3f4467c0-9610-42f2-894c-f2a34daf27a1;112.150.219.138
rromero@example.net;+1-634-814-4731x79858;9f94af2f-c685-d323-514b-1fa3cfae43ee;151.137.163.170
riveralori@example.com;968.875.7837x29529;0103dbfe-9f15-0572-b33c-b69dcc4b8216;118.219.203.154
patrickrandall@example.net;669.780.5131;bf931975-d240-3e43-bba5-b617b6f9c78d;26.37.123.85
adrianrobinson@example.com;987.316.3838x085;e1250870-4121-10d5-059f-da883d06853b;114.234.119.64
leetina@example.com;7165430768;b564b62d-5bd9-0431-aa49-b3319d4aa066;222.52.86.222
thomas36@example.com;001-763-742-8703x84381;f0c46858-5536-46b6-da32-fcc6f7c7a8c1;223.74.112.141
sarahcobb@example.net;909.240.7863x499;e7c4f574-e95d-195e-ac28-f4cbe28cf177;138.214.121.119
carlameza@example.org;859.706.8051x6172;b0c372dc-9beb-4170-50c5-991d9e100eb1;41.65.77.107
xdouglas@example.org;(926)773-6494x7544;78911815-4002-9130-c16e-1625b8f9f3e2;48.100.161.85
kimberly00@example.org;+1-965-337-5895x12130;df39f12e-4c9d-258b-ac31-48a370a98505;25.210.36.86
william25@example.net;001-324-928-3158x9926;f3fafdc0-0f93-a3b8-2630-b308aa8aed5d;18.218.118.166
plittle@example.org;+1-990-205-1368x89816;7f948782-9e75-a740-4867-69620ff2fcb1;1.68.121.167
james20@example.com;001-841-845-6203;0d38822e-78db-f8ba-f0fd-0302e07cf91c;140.200.202.203
gambleheidi@example.net;880-419-8857x1592;2006621c-c767-485b-6ef1-99414efd5058;180.37.239.151
xhernandez@example.net;416-799-1432x7050;e64c151b-42ad-23b3-6a47-eb26513dc931;197.210.94.100
skelly@example.com;8079721851;e1c6ad38-4b5a-1e23-2d6c-d55f60de6694;211.98.170.192
jeffreyhenry@example.net;+1-281-867-0023x2176;8169bca0-61f8-a0f1-c852-b1c36aff191e;34.8.236.66
john22@example.com;+1-663-468-0326;5c4d32cd-4785-d9c5-4ff3-bc897285da26;150.22.76.171
elizabeth20@example.com;732.902.7072x3504;5ecd2c19-87f5-fedb-8e16-877b41da925a;176.127.42.214
simmonsjessica@example.org;001-269-696-4755x284;90a0f2fa-42d4-2ed3-46d9-e467bb525471;172.171.128.88
linda70@example.com;+1-489-256-0941x591;f006f1b5-7441-5038-ffd5-fe61d74f5f64;131.199.247.134
parkerangela@example.org;8098467992;40b0e2e5-f61a-a1ab-3a6f-64af6d356e3a;107.222.72.8
batesjoseph@example.org;+1-727-234-0697x341;b140954b-27ed-5669-ed82-f2f349215b8b;197.253.216.36
powens@example.net;001-890-317-2442x4346;cd25fd52-795e-ded6-d637-9e38eb9bffd0;202.239.247.63
hayesdavid@example.org;+1-728-511-4936x2335;27a77533-9363-15aa-b2dd-563cbedf6af9;72.189.180.10
sandra19@example.com;9964766598;7b56a54b-1308-e8ca-99bf-f6e751102a76;181.169.211.140
zthomas@example.org;845-811-0714x60610;7eb3271b-9e42-6870-aedf-13f45c076ed9;117.199.110.183
thomastorres@example.org;623-907-9120x69327;f9b413ba-67d2-4004-e344-b6bfc472d510;154.164.117.199
mckinneyjoseph@example.org;465.384.9687x24117;feccff34-2cf7-be3e-9507-a877b88e616c;193.240.153.1
ydrake@example.com;929.414.3578x6624;75e740e6-0c1e-345c-11cf-df73a799de04;217.72.10.68
zwalters@example.net;001-389-838-4138x40958;2e5122ef-aa53-0e96-5c27-09cb162ee3a0;80.7.17.212
romeroamanda@example.com;(682)387-5425;572e987c-997c-2816-e2c8-91878491325c;211.100.17.104
tanyabrady@example.com;(522)278-7427;c06d2702-96aa-537e-82a1-fd709ebe14f2;191.195.65.45
annastanton@example.net;001-937-233-8537x042;5b658bf4-5520-e3c8-dcbc-565beee47298;163.43.134.244
pughtimothy@example.net;507-305-3248;17f56168-c76e-7dc6-0a1b-9a1d65708429;175.219.173.149
xroy@example.net;001-202-740-6798;8d9ef219-e66c-7ee2-3db0-eacb6c54d57b;202.91.237.97
bergerbrian@example.com;(811)553-5572x39379;4ade4089-9dda-d2ff-4204-7dcf40239d99;18.249.230.185
allenmelissa@example.org;(627)587-8120x3061;008312b7-f8c0-518b-df9e-8fddc6526724;24.17.231.246
karen27@example.org;+1-878-224-4572x11812;9b4b291c-30ba-95d5-2ea0-9b807464d409;220.60.115.81
kevinhill@example.org;385-466-8703;b1eb2b32-7903-b36e-53d1-492eaf6a909a;147.51.231.60
amysmith@example.net;4544515734;40f450c1-25ac-d2df-40c4-7d9d25a9bc86;121.147.79.49
murphystephanie@example.com;452.996.0833x6476;5578e6cf-f5b6-e41c-1298-37d26e6835fd;185.171.173.222
danielle71@example.org;+1-866-430-0933x49126;5987a32d-ec25-c559-a1ed-bf30ad53c3e9;155.81.89.164
colson@example.com;2103406243;0d80f3f5-8af8-cb11-5ed4-464a54fd91da;141.249.148.247
smithkristi@example.com;+1-342-388-4585;18160257-f182-2eef-e558-2fc748c9ab46;15.74.249.193
blacksandra@example.com;+1-467-334-8669x528;97e49b5d-036a-5049-cc60-fec91baa2694;183.79.206.53
jeffery46@example.com;(853)249-4478x055;06103c29-e21c-631f-2e30-2d7340501d2b;48.115.118.241
lhartman@example.com;345.372.0050;b631aaa9-db55-2b30-b2b6-2a24899fcce7;220.119.37.165
yorksandra@example.com;001-595-359-6859x6713;690df024-7910-45ac-b9b8-044abba156a0;194.234.248.149
john21@example.com;659-527-7577x672;4c8fbb1c-cefc-08cc-da03-9fe5701110d7;161.126.183.169
brookschristina@example.org;8725590900;dc310f92-49c6-114f-b371-1e3925ad2358;2.166.120.239
pcoleman@example.com;+1-549-925-5345;32135442-44f7-9760-c7f3-627ac21713fd;207.43.147.55
nicholashouston@example.org;676-867-5090;b72a566c-959f-aa88-ace0-692240e9af0e;221.140.164.132
tanya65@example.net;2345120002;25065ec1-da7e-d289-be0e-116641934991;56.44.57.3
ichoi@example.net;001-904-224-2265x7403;90774e20-1f92-cabb-9a33-915e78166bdb;72.109.22.182
raymondmartinez@example.net;843-746-1527x66677;8e0b1c59-454d-eec3-482d-6b86fa72361b;162.51.9.230
patricia94@example.com;200-501-5196x76795;2aaac8f9-433c-456b-1c73-76c36c70f9d3;210.2.171.199
john84@example.org;610-706-4086x3058;452c74e5-ed4e-0f20-ae77-1fa6046fe669;145.152.195.144
mguzman@example.net;495.755.9538;f878049e-cdc1-14bb-f520-3afa087a157b;168.229.210.127
william43@example.net;001-341-655-7537x749;3082659c-f45c-b827-fd50-7e1caa49b969;130.35.48.43
fosborne@example.com;+1-782-374-9030x821;1c1dbf19-09b9-68cc-9f39-c87c5d48bc5b;12.32.164.80
tandrews@example.org;214-345-5737x298;37f7caff-c283-5b9a-45b0-dd4a5c9825c6;178.154.88.121
ericphillips@example.net;001-477-509-5010x9966;0d1560f4-bc7e-0eeb-2b51-34ac4edfb6a7;200.1.182.225
sarahwhite@example.net;492.359.0851;b24bb7a7-61b2-d53f-cf13-1f925db1878c;117.124.203.132
laura28@example.net;(895)655-0503x02394;5d613b17-0192-7947-832e-eda445d7dcaf;17.64.94.129
heather40@example.net;385.650.8441;3469d96f-1c53-bd74-a027-7fe610cd1dde;194.143.47.114
leecharles@example.com;001-563-815-0176x772;4ca151e9-3e9f-5d9f-1944-0af68d17fc63;181.130.95.201
penabrian@example.com;001-318-901-1927;e3feaeb8-d8d5-c592-12c3-034c3a790287;25.237.232.116
cole78@example.net;8568996932;0343be4e-c63f-adc9-890c-dd2fe0a8e1e4;169.196.30.223
alexis14@example.net;9173506878;67082c98-ec15-8055-c14d-622d089b8575;192.121.253.161
vblanchard@example.com;933-869-4921x80907;80262e7d-37b0-a70c-4666-dcce0d6894bd;213.194.118.142
rachael98@example.com;(317)674-6829x6249;05bceda0-18f6-8bf6-c8b2-9bd2ee444883;200.65.106.233
nguyendavid@example.net;001-278-965-9247x126;2ebcbf48-ecf6-2565-3404-9e4b7e8d0155;179.71.1.232
smathis@example.com;400-284-6720x037;1323be45-8647-0428-6d64-3fc21c68b2f6;30.70.250.247
pramirez@example.org;001-705-447-5507;48d8626f-99c7-21d6-5242-d19cdfd78431;190.63.57.52
brianbrock@example.com;001-590-917-3547;1c5d98ef-d234-1195-43d6-fb0b85774029;216.228.134.218
ajacobs@example.org;(360)816-6396x41740;1e7fd7c2-71fc-600d-6112-8f25b9c6b88b;210.237.105.183
dhenry@example.net;+1-875-324-1947x390;a3cfadbc-202f-d44d-81e9-75e351807ed2;121.174.249.83
gsantiago@example.com;+1-532-344-0158;67cc45f1-aea6-3ff8-42de-01126a85767c;106.140.226.13
sheri82@example.net;(252)739-5666x23715;965f59a4-6cdb-e677-b7ee-8030dda82060;199.135.200.243
scottsmith@example.net;001-949-468-3398x718;f01714bb-f203-4504-3dc6-e02b87d7dcfc;88.121.24.215
sarabrown@example.org;270.788.1206;eac3dbac-2947-39e6-79a1-0b81f53d9ba5;210.146.129.115
omueller@example.net;622.971.3028x62912;6cf5d8d9-6350-10f8-b120-5d7e01ea6168;144.88.97.34
hernandezjason@example.org;(662)349-0847x334;0bbcf3eb-28f8-fc05-7255-fa97641980a4;185.253.163.190
kristinpeterson@example.com;374-378-7034x7167;d6a485dd-1ab1-c92a-0f52-cd5dece5a278;179.238.22.15
apowers@example.org;(249)953-8328;d2ee0c58-3852-cfed-81aa-1bf5a79520ec;204.93.11.156
bmadden@example.com;+1-568-776-7621x25534;90ea6976-adfe-d66b-e783-7a891b47c815;149.191.248.137
claytonparks@example.net;(699)874-3379;3360a515-3dac-8e68-045f-595f072ad643;206.97.153.199
ricekristina@example.org;288-358-9234x3677;c9da9742-ce49-7d28-b55a-afcbf887c6c3;129.116.80.94
padillagary@example.net;001-887-772-8113;11c8a2a4-d104-3338-efbd-a66e330f64e3;66.2.186.208
kristine27@example.com;987-212-3633;213dd6d0-b43a-27e9-8848-c18367503d16;147.161.190.82
qgalvan@example.com;421-559-4665;8e539809-f029-4f82-84da-a42e0425fedc;212.142.115.52
curtis19@example.com;227.782.3021x73731;1a47fc0d-dec4-0458-1a1e-1b25f6439bc8;203.50.209.192
oross@example.net;339-756-8600;8f2ba9a3-2292-6619-377e-f0135bd8c1d0;194.100.212.86
melaniegrant@example.org;891.831.3764x40717;9742b331-fa48-bb2d-cefe-91332f81b020;42.170.204.65
tglenn@example.net;+1-301-973-5650x680;944d08f8-dc08-98d6-1fa5-491787f61fd1;201.150.210.165
ghoward@example.net;204-603-9510x0507;02322a62-8cf5-433a-2797-78603b45188c;219.91.212.83
ijones@example.org;(820)602-4753x9847;e2969369-f4f7-68a4-93e4-4991903e254c;193.10.208.35
fpage@example.org;+1-998-662-3004x12193;aeb42990-7f4c-47ca-177b-eb257f9018bd;160.37.26.157
michael48@example.org;(651)783-0573;bfdec2ac-cae0-5a18-45ab-122b2f0eca46;1.105.162.158
mpetersen@example.net;808.479.3882;cac24daf-bd63-ed45-b25e-ee81758a4e41;143.244.29.245
znelson@example.org;+1-465-845-8517;21a978d5-589c-ca4e-b454-205029eb5632;205.131.60.77
tammycrane@example.com;(856)311-1353;c643f80e-fc5c-b3f4-da4a-e376cf8e98d8;177.215.131.100
melissahamilton@example.net;623-375-6834;fbfcae3a-e6a2-4c93-3787-f1007ed84548;212.186.27.207
conradsteven@example.com;(850)429-4973x4236;a8f8f57c-04ad-7880-6abf-264cf6f5bba3;73.149.49.102
peggyjohnston@example.net;446-915-0157x0334;d9d7c691-edcb-ce72-e642-0f7f6ad116b7;147.166.164.140
cody14@example.org;394.662.0557x1797;65f4d17b-6102-066a-385d-0d0e09cbc89c;186.160.236.168
mathewsjuan@example.org;001-852-424-8363x5734;146d34b9-00dd-7737-d3f9-1992a805b459;223.206.56.234
timothycarrillo@example.com;+1-384-624-9938;ba50fa6d-90a7-132b-61e5-c16c7e001dd5;124.97.198.242
hansentony@example.org;001-391-281-7131x418;fabcf434-831e-2c95-e4ef-39d81ec63f88;203.18.2.173
richardcarroll@example.org;843-746-1527x66677;a9a22f0c-ab20-924f-13f7-d030b9d3f285;93.185.96.60
chenderson@example.org;966.202.9933x6426;0c25dad7-f2f0-9e68-da91-c1f7903cf65a;184.50.47.241
deanharris@example.com;856-507-3731;e539235a-dc98-9ed5-7d86-e8ddc076ef17;55.139.231.25
reidjoyce@example.com;(228)505-5986x5546;0e3da3a8-0248-ddf2-63e1-2b0c15714398;183.117.160.191
josedunn@example.net;595-338-9660;8987c8bd-a3d0-d2a3-5cf8-05003f4983ed;161.93.2.8
hkelly@example.net;+1-597-590-1800x99243;cc9afb33-93ad-5351-9de9-ae31585a5a16;215.247.244.180
alexanderedwards@example.net;9973478792;8fca90f1-1e49-22f8-cda3-6f473e1a56c7;152.219.112.69
ryandaniels@example.net;(992)832-1456x1425;58bb3354-a079-dff7-9def-6bb29a10538d;222.175.229.178
joyceblevins@example.com;466-296-9861;d6921ce2-43a6-86f0-4376-3d359ff52f2e;74.145.20.190
michellemitchell@example.com;7296235959;f3abe270-6d2b-62c4-c61c-df1db7a4a24f;29.89.55.187
shelbywilliams@example.net;(918)538-4046x816;8e9a9861-8817-fe7a-0669-21b67c8da433;179.119.15.12
elizabethblack@example.org;311.238.0974;a65b4c80-aa9f-01d8-e0a3-dcb480d81e50;156.129.199.70
iwilliams@example.com;(346)645-8462;a488df84-5868-62d2-cf5a-1260e587abac;88.91.252.180
pamela90@example.net;001-897-387-8944x116;c768c184-d372-d46d-b5f6-50586aa4135d;144.178.103.4
williamsronald@example.org;903.335.0023;928f4ba1-f8b2-83f4-0549-36fb9e6437fb;65.131.142.100
heidi34@example.net;541-231-0107x125;b6d07f44-947c-5472-11ed-599cb03e9030;179.54.93.179
wayne09@example.com;334-870-8606;9fecd1f7-7a34-216e-b6e6-c9f6948160a4;23.94.4.244
vasquezdebra@example.org;8936909827;3fb5f37f-38bd-8ae3-8474-f382c98cd1a9;56.168.165.108
yblackwell@example.net;(985)358-7488x39619;b6a1dc31-3b0a-ab6b-e6eb-862e4a3e5210;200.209.153.121
tgonzalez@example.net;823.497.4842;261eaad8-2c15-0c23-b1bd-c6a23cc1eacd;175.75.205.181
john54@example.org;+1-943-786-6012x8974;a7f287d4-b946-937c-3909-472e537e476b;170.171.221.253
imorrow@example.net;(977)899-9157x6634;1b1c87f0-2e19-4f9c-dc27-baca06317a05;220.210.162.46
davidwilkinson@example.org;385.650.8441;89db7396-f2de-df2a-0d34-249be41770c6;123.100.112.86
acruz@example.com;2273094690;92a98d9d-81cd-217d-6ac1-8d318e76224b;177.87.96.129
frenchthomas@example.org;(705)905-0125x809;41e3664c-56c5-dd08-d8d4-cae3672ac798;179.116.109.164
maria24@example.org;001-986-780-5096x983;f4c035c3-0471-d90d-1b5e-fbf16991d377;182.207.153.248
mckinneyapril@example.org;(294)539-0096x018;05909a13-89dc-15db-47fb-722a72556fab;137.41.62.195
elizabethwright@example.net;285-584-5509x83435;97545a09-23a2-5c49-28d2-b91666a52dee;166.21.198.79
samuel20@example.org;397.844.6587;9be2f13c-a7b5-d7c9-0061-4572a95efbef;44.225.169.243
shumphrey@example.org;817-657-7623x256;cf1d0408-0bf7-253b-4b76-c1102a474add;213.10.231.247
yrasmussen@example.net;001-463-681-3926x6168;dc5b0968-a4a9-7b47-ca7f-a99a7197dcad;82.98.249.72
turnergabrielle@example.net;286.814.4172;0bd61ae0-750f-bc1c-7c91-b7f4e949f6a5;203.45.92.135
mholmes@example.org;+1-954-653-4271x87067;d313e971-26c2-8a62-8aac-b21e1bb5625b;193.126.144.15
gerald60@example.com;+1-887-396-6589x29263;01b5b39d-54ee-4748-139e-5d685eea3719;165.222.243.4
shannon61@example.com;+1-705-268-3991;d156da82-4c2a-5d4b-c8c4-21b363701117;52.163.255.8
sherry91@example.org;530.584.9983x72135;6a1e3ce1-5cca-3292-6c24-7772278bdc5e;153.46.31.209
danieltaylor@example.com;4262495828;deb97fc6-981d-b8f6-dffc-6400bd164bf5;222.213.71.23
hansenjenna@example.com;851-315-0764x40337;2e55bd04-5ccc-7783-b3d1-b9ebb26352e6;202.236.84.209
websterjose@example.net;(566)751-0291;2205a9b4-373f-d7ba-a241-1ba8c7990d66;30.243.136.89
gallagherjonathan@example.com;6329713885;efa19026-5253-6062-a798-b84dc46a8e17;189.174.33.47
wpearson@example.org;001-276-669-9966;591dd7b1-0e05-68b9-2a94-338668dd11cd;133.140.203.159
ericmartin@example.org;001-902-820-6247x547;fc0f18ff-c2dd-8a0f-047c-4353442a3f78;216.56.105.104
josephayala@example.org;(955)546-3923;c837b275-1705-f11c-cecf-e856883c977b;180.2.179.131
brett87@example.net;499.321.7835x72611;931bb81e-5df0-a239-2de9-e0ee58809935;124.80.25.3
christopherhicks@example.com;898-727-4233x760;e30300e0-475d-87db-5061-671466d23250;39.18.173.58
rjohnson@example.com;+1-854-712-0534x67068;b6dd927a-3019-2965-c0d2-7ceb2fb5d6db;217.88.202.211
paullee@example.org;933-580-7160x71231;5b5224ba-3944-b49d-0dae-5d6f2f58a64f;181.150.178.246
jennifer38@example.org;950-735-4760x5738;58600440-2448-993a-ed43-b6e233a23fcb;136.146.148.246
elizabethcortez@example.org;200-855-8541x603;91bdbc53-b7b9-1001-380a-5dbe0998a460;107.147.69.78
williamalexander@example.net;+1-532-982-6030x035;7e1bb179-6d5e-e142-23c6-3a201e70f213;194.28.160.220
bauergary@example.com;(608)958-9865;971d9c7d-ffac-2a91-0264-d09e0b770e48;113.93.123.94
pcurtis@example.org;(626)799-9692;4a3119e9-48b4-3113-c11b-a3c64cf7f852;193.114.140.49
carsonmelissa@example.org;500-454-6036x713;31324848-a7c8-32b3-26ef-28dcf96ebc27;210.82.248.70
williamgutierrez@example.net;561-881-5545x612;073fd47e-331b-ac0c-6ad5-22ae80ee9517;215.13.11.53
michelle81@example.org;+1-814-952-6475x4673;2c332a79-3d21-78bc-58d9-d57c31e13289;189.80.93.98
vclayton@example.net;001-668-526-6391x07425;6968265c-d949-2c09-51cd-48704f353ed2;205.49.46.246
linnorma@example.org;(845)975-1282;c9fe52d2-e32e-344c-f9a4-f314025426ed;164.232.188.53
jasongarcia@example.com;458-824-3280x92395;2dc332bb-a85c-948f-0740-91658faacf40;220.188.119.49
rgreene@example.com;752.962.5797;d69c7717-ba86-d902-e4b5-e90286375181;36.125.243.126
anita43@example.org;+1-947-801-5050;b4ba7386-3c6a-5309-9f8c-5279b3060f71;131.205.157.201
yjohnson@example.org;+1-925-999-5485;52498c0e-37f0-4029-aa6b-a605e6316d19;16.188.16.26
kaitlynhammond@example.org;664.430.6803;e2e5fdfd-3c0e-fdc9-43b7-0dcd49bcad11;216.205.201.135
jamesnewman@example.org;001-731-675-8286;728fa5e1-a5c2-c233-1b05-81269881eb8d;222.133.8.88
butlerrandall@example.net;928-870-2581x6224;3eac55a3-b57b-70c5-5a48-e5493f226709;212.92.161.167
williamstasha@example.com;2854143476;6401b990-2cf0-8477-2a02-9bb923a402ae;91.218.168.3
jenningsamy@example.com;600.603.1863x1549;0a19a26d-23c3-431f-f79c-c3a529d11d7e;170.201.1.163
braycarrie@example.net;+1-487-643-8789x5122;bbc34d7c-7ed0-e552-c1ac-4c4e9e359c16;195.29.40.181
qmoss@example.net;+1-341-741-0398x2485;4e055f98-0158-1266-7f1f-65479460450d;187.94.109.197
kaitlin73@example.com;606.600.6918;2ef92abf-28e5-e0cc-3b5b-f1e1f4a2864c;201.215.142.18
jason53@example.net;344-952-0330x5919;1cf8df78-29e9-2d0d-7c2c-9d73962c3f48;175.62.166.119
ikirk@example.net;(853)544-6985x3409;97180b4e-cca9-3411-2e89-4f2020648e72;160.113.142.253
brownbeth@example.com;892-366-3936x57867;0b30d1cf-3d6e-1bce-f4ed-50e135cf3ca9;40.253.176.241
paceabigail@example.net;+1-414-591-3119x69955;aaf1630e-d8e4-cec0-4b82-34b7859b7399;164.165.157.205
deannagraves@example.net;001-651-304-0489x143;feef3515-282e-e4e4-7bc1-b6321f590ec1;184.0.204.209
laurastrickland@example.com;(372)821-1582x4985;e75fbfca-0986-ebc0-d689-3a2f5cccbf6d;104.44.57.96
tiffanyanthony@example.com;001-868-994-2011;869b1b30-db68-bf46-4807-0aa236f3d93b;51.251.48.197
noahellis@example.net;(673)414-3280x970;94d3495c-c481-ea24-e84f-cb07dbcd264a;84.211.84.240
riverajeremy@example.com;628-931-6138x164;24184707-126c-a813-1cbc-3cae4c655515;157.165.246.60
john68@example.net;8203861185;57d48b7e-1eb4-c379-a2b5-4632cc67a93f;164.21.237.42
stewartalbert@example.net;001-715-231-9721x8373;2c8d0b89-44d8-9079-a011-592342e6b55e;92.198.95.185
kristinwaters@example.net;370.273.1494;59d56b5a-d8b7-8429-5c1a-e509ea22e43f;128.174.30.13
marksmith@example.net;+1-455-600-6563x52975;ed18bc67-5709-76bb-b950-1843640c612e;205.230.188.181
wilkinsonbryan@example.org;825.917.9806x580;2d78f3b9-efb9-a651-7ee8-fc3c24a588d5;166.238.76.94
schmidtgregory@example.com;(254)446-4121x10690;2d1a337e-8a64-35f4-94e5-716176e10e7f;160.171.108.25
pmerritt@example.net;930-290-7812x3293;0691c4a8-485e-63f8-0933-9bbd82f1ea81;174.2.81.223
stacysaunders@example.net;800.416.9037x9834;f021b116-4d9a-7967-27de-1d1cc219d004;203.107.140.131
daniel77@example.org;586-723-0982x5121;6ae891a8-b7cd-1293-40aa-0fc0774f637f;151.255.96.37
robert14@example.net;482.383.7190;8668c0bf-1838-fed6-f83c-9ab39cd07dcf;162.246.198.1
qreynolds@example.net;9895177107;8d72b699-e040-8e91-26af-e1d646aadf79;178.150.59.16
cory57@example.com;+1-503-411-6250x6347;f4df8a59-0c34-4509-93c2-ea40ae8801d8;172.136.254.41
nwest@example.com;3348156829;fe685e89-43d1-1ba9-a7e5-ab04e2c84ff0;221.139.204.232
sanchezlinda@example.com;001-362-683-0206x83329;e48e764a-7fc0-3ec9-cb83-6b45d8ead455;208.54.228.12
jenniferbutler@example.org;841.229.4895x9559;fe15cbab-2535-fc88-1148-93907699f7b7;216.104.157.247
breanna95@example.com;(760)652-8840x247;674c3573-aca8-b2a1-77a2-5867bb1c2f67;209.182.85.10
pamelaramirez@example.com;676-810-4720;af9840ae-2e6e-a4b3-d5b3-bc67edc607c1;116.81.142.164
matthewmartinez@example.com;+1-501-391-1647x490;3b680579-18a4-fca5-63fd-4876605123a4;147.137.111.147
vsmall@example.net;001-695-447-5428x8035;7da6b93d-a0d8-4874-869f-f20f99be6a01;209.182.187.52
chad87@example.org;+1-396-653-6095;e9e12f7d-5036-5daa-4f63-0a0f6290e12a;163.93.91.174
austinariana@example.org;001-230-913-5837x166;b22c18e7-44d3-779e-f8b5-e5585bc129ee;194.14.22.245
martin78@example.com;001-518-689-1126x78181;24b64a9c-5393-cd09-7496-9dd5556d682b;206.74.246.194
zglover@example.org;849.813.3707;81d0983c-60f5-4644-7f3c-4c96015eb531;155.33.49.42
jdixon@example.com;376.982.0570;f2ae9eae-5654-8d9d-a8a6-568f2c782674;43.246.212.150
michael56@example.com;001-352-459-4381;581abaf5-6f60-ed46-6c78-3511a097dcdf;77.219.208.118
ifrancis@example.com;001-469-685-9106x676;bb3faaca-a945-5c3e-446f-0859d0190cfe;1.80.1.70
christopher01@example.com;6858719070;32f926d8-063a-a63e-c1f0-67013e4e5d0b;64.198.30.99
kstewart@example.com;412.430.1626x8570;a658656c-0ad9-260a-dede-ba18bb0e4689;159.233.184.55
bhartman@example.org;600.836.2206;177a4844-6989-1618-9a19-795d4a4d5dc3;94.163.193.32
bking@example.com;840-503-2303x3007;66a1ea6c-78ab-9d18-c6d6-84ada6006712;173.132.9.86
williamsamanda@example.com;(305)608-8083;810ad4d4-8e8b-7d06-4fd5-c422831041ad;211.98.38.235
regina98@example.com;001-800-266-5120;a5e5e5d5-17cb-aea7-3bc5-fdd3a2f30175;169.128.180.25
blynch@example.com;001-732-685-6697x60712;b2fe3a7d-dde7-91fd-855d-296102ff5e48;87.129.240.103
qwalker@example.org;926.265.2169x8962;da181f56-7845-9bbd-f817-4a474bafaec0;128.153.96.13
frosario@example.net;+1-320-867-4434x177;9c294459-aa8d-1934-9855-236338123bca;202.47.52.201
ijackson@example.com;3217578543;79a855d4-5de9-8a11-1540-f1e3b9811e26;167.35.246.71
jeremysantana@example.org;823.374.4875;52f53cee-eb05-dbfa-b061-bf42be5e48d0;202.117.123.117
jacob57@example.net;001-486-754-3772x4332;256cbea3-fcd2-efcc-2482-fb01f5cbb9a7;131.4.171.104
wharris@example.net;+1-548-314-4773;98690892-d02f-4711-e748-1a22e8b90ce9;12.79.5.66
johnlopez@example.net;527.990.9657x0989;cc82c03c-87d0-439b-354c-596de188737d;213.87.223.25
torreskevin@example.net;693.343.1402x747;8ab2275d-9c7c-319f-220b-68b9cd54b36c;31.192.135.151
fmiles@example.net;428-411-1076x0255;909234a0-49f1-1a7f-1ec6-7a4af7c51fae;142.158.254.188
lindseyknight@example.net;619-727-2523x3731;538660a1-e64f-f756-d71a-ecee30747354;191.199.40.20
heathercross@example.com;3036397921;564407f7-037c-e873-e533-7834e6c40400;78.174.32.251
shawjacob@example.com;(860)980-2368;f9aec9bb-ae27-68c2-6e03-0e20b3810a42;143.205.135.156
mirandaderek@example.com;(516)470-3643x7251;c472c211-6b2e-7e53-1f12-eee84eb01a7c;131.87.152.161
wmendoza@example.org;490-511-2941x57918;5c983bb4-7ed2-52d4-5fd1-335ddd61e1b2;142.150.230.219
mariomorales@example.com;703-851-1982x4998;7187732b-edd0-b35f-c2ce-317ede7fb4ed;44.36.150.142
castillojonathan@example.net;001-632-345-8940x53388;ed82d7cf-69b1-d53a-ae06-b2dbbed10890;209.13.179.107
andreaaustin@example.org;(689)932-9409;8b955e64-e3ae-51da-d788-4cc3b5225c80;214.79.209.72
marshallpatrick@example.com;(707)571-4473x04505;6f3fc50d-fe22-2ca9-e10e-a22a3826f05b;172.64.155.1
ryantaylor@example.org;605-684-0649;b9a8451f-b4fa-c992-fc24-a072c21fd57d;200.199.164.220
josborne@example.org;(563)920-1444;a8dec8de-70a5-5414-37f6-787abeb74c40;71.117.62.3
dawsonkathleen@example.org;001-664-839-5569x378;a1fc95f0-57c3-e492-2f63-425e6c5d8d2f;163.14.22.121
melissa57@example.com;355-703-2952;054eb41f-b011-7d6c-62d7-8aa0ea06581e;191.94.41.52
coltonward@example.com;+1-567-331-2243x02277;a8a32870-968a-c3e0-0fd2-3a8c50a90fb8;171.101.56.144
rollinschad@example.org;5859614694;40d3d5ea-e2ea-36f3-5e3c-03d9c4236bc1;116.195.129.29
kennethwilkinson@example.net;325-258-7633;818c914b-738b-235b-8631-61c9185ceea5;119.252.211.255
efletcher@example.org;(212)232-5449;3afdf01a-e908-33a7-f7ba-d739425b3611;85.148.125.208
bryan49@example.org;001-249-748-8847x3352;dc157488-a0a3-2ef4-7095-7bfa6572ee5d;213.242.198.206
huffmanmorgan@example.org;370-465-3680;5fac68dc-653d-95ba-5eb1-97d97236f4ab;220.236.38.87
michael25@example.org;3705453937;249a2a88-bc78-1e98-22e0-8b9b56e9e5c2;25.63.175.244
mary85@example.com;4139153529;2d25282b-1425-cacb-4df4-43bb5e2564c9;65.15.8.11
joseph34@example.org;001-957-747-4523;7a8aa2fa-3ae9-1504-11f2-9dbc077c142a;110.201.64.11
tammy60@example.org;9043863864;033920cf-b28b-9d43-f23d-ac631b11aa3b;199.16.108.107
michael92@example.org;+1-665-865-6826x55186;fab1bad4-7b1e-f4ec-1710-d74272793464;185.14.13.35
eugene31@example.org;794.241.5071;b7863483-2678-8bda-d6fb-b61ceac3844c;35.146.133.121
steven24@example.org;+1-728-511-4936x2335;a83ae44f-1f2d-04e9-e60e-524aa6d979b4;205.152.91.73
scottallen@example.net;841-213-2554x51232;cde29766-8214-1a7e-664c-a19fdd4da456;119.136.241.39
reneehanson@example.com;(345)927-3641;311246fe-7ab8-1d1b-99ae-0c5338ece15f;159.105.250.212
jeffrey45@example.org;675-590-0033;a801a165-4dcb-67e2-b0eb-8120177bdbca;65.19.242.226
andrewchristian@example.com;914-783-2824;9e6af3e9-fbb3-82d4-fb55-fa01c84fff85;205.84.188.81
gmays@example.net;5789681188;47ad55d3-3be5-fca7-f872-b41b56ebdbdb;114.22.80.212
yvonne15@example.org;574-769-8806x446;4ce119ed-54c6-a0a9-b847-b726e0e09921;146.54.243.193
anitamason@example.org;001-844-883-1971x43084;d745832b-5905-680a-a679-b9d8a15011d7;195.218.185.43
kennedyralph@example.org;001-237-717-9557x2001;b0592ac3-85b0-e109-c091-db94f5b0064c;195.167.206.138
patriciamoore@example.com;969.380.4919x846;a3b05446-6ebc-6209-f55c-50690a0d1817;145.166.157.145
allen52@example.org;001-974-788-1132x2483;f49f6204-1b09-ecb4-af23-dfb2ae6f8ac9;119.132.242.148
michaelgregory@example.org;001-886-961-4256;c9c80c7c-2089-1bb8-d96d-2b607ab0dab7;194.59.208.68
guzmanchelsea@example.com;+1-880-838-3591x68842;bef742f4-8bf6-7011-80e8-a117deea98db;204.18.226.43
opugh@example.org;(932)535-0754;fb9ce79b-5597-d17e-0dd9-12da14660ed9;184.223.154.147
afranklin@example.net;868.833.7144;36ccf8c6-bb65-a75b-5e6c-8e6fbbb9cc4e;158.88.31.18
david26@example.com;2254733890;c2a9a1ab-3bdd-b6e4-8fb6-0d6c081db4a6;64.56.194.153
bryanalvarez@example.org;(396)378-9910x80272;f69336f3-c453-e14a-368e-a967790c6391;217.126.135.219
jennifer08@example.com;4185410295;12b71325-5ebd-9c2c-f6b2-87708fd56d35;54.164.195.11
stephaniehardin@example.org;+1-256-295-5582x862;c65fab5f-e7cb-fc31-1823-aeffdcc9a9ba;138.28.171.19
ydrake@example.com;929.414.3578x6624;1e7fd7c2-71fc-600d-6112-8f25b9c6b88b;217.72.10.68
jordan65@example.net;810.445.6624x267;aac37d2a-8eff-8a96-6647-098fb089bd29;136.88.174.175
gregpeters@example.net;667-362-1034x770;5b6a36db-9655-ff30-40b9-8d845f22e367;162.217.151.19
ehall@example.com;+1-335-797-7630x7252;5c55d1fd-81ea-578d-9446-6e83a623ade9;199.90.223.198
brian85@example.net;(606)775-2783;1d9ec039-cdc3-a792-194a-cdd9572cf339;191.71.205.60
hayesjoshua@example.net;(670)671-8984x0962;3e06245a-95b2-2c5b-2cef-eaae8f0f0584;192.158.103.79
timothy66@example.org;724-342-5947x0412;d85d3711-3cd9-322e-610b-53974128f198;221.207.221.36
debra21@example.org;943-561-0282x05328;83788bd8-c2fc-1f04-8dd1-d198859d1439;163.166.114.234
rebecca59@example.com;+1-826-621-8820;e9e67e17-4f5a-e558-47a8-ad4273c43179;212.136.128.225
ortizjack@example.net;001-921-346-3717;05794adf-ff7c-96a7-0a1e-36cd206386fe;167.31.71.169
lwarner@example.org;337-443-1196;bcf8eca2-a186-18bc-f108-a5973efcabf4;210.11.244.236
jack76@example.org;+1-420-968-1483x12100;fb4dfb62-cd5d-4494-e757-5102f18d3e16;12.24.86.245
pearsonchristopher@example.com;+1-956-815-0282x88010;8db92d22-db94-c19b-f326-ebea15f991eb;113.157.228.82
aball@example.net;001-558-430-0854x154;3ea6fe01-2b4d-0c4a-d10c-b7ff44293e50;133.181.88.175
brittanyhood@example.com;255-367-4233x57160;09e7dd36-bf5f-80f3-7b3b-09e81cc50f37;129.243.177.154
robert67@example.net;777-640-2081;bbf72a87-aa24-1967-f5e9-3452353d24eb;176.70.208.182
christinemedina@example.org;758-251-1934x15406;668117c1-7bad-6939-39de-a07555c354cd;60.14.6.191
williamsemily@example.com;5219854345;f509ddd8-d081-308a-a3af-7384cd172556;149.67.135.236
steelemichael@example.org;325.541.3668;5be2bf6b-7174-30ee-3b4c-3b695283cfe0;170.20.145.47
bobby88@example.net;+1-890-602-7955x7252;a4af5d4b-8263-ad94-2f28-4a8d450f40e4;214.1.64.63
mathewsjeffery@example.net;249.944.9186x87438;4910e26d-a9df-bf55-f7b5-72ed2325b34d;205.0.189.25
delgadosharon@example.com;(962)910-8376;188e6912-cc8a-e8aa-595a-1872c5d42372;197.171.22.149
tina48@example.net;+1-925-404-8237;9cdec225-f264-8845-5052-1f4c27df8c77;200.70.72.6
lmosley@example.com;959-720-0949;3f9efa03-0b48-dfab-6430-73ab1de926b6;190.177.50.249
breanna79@example.net;+1-419-593-1463x12802;e348d58e-8e23-4bdd-92c4-89a06fff4010;83.60.9.176
murphystephanie@example.com;(241)822-9903;ee8a5a7a-3c2b-54a8-1a44-df890ec65f25;223.175.56.248
melissaroberts@example.org;001-751-380-6877;b6d47df2-f00a-b0fb-895b-240c483de62f;206.44.225.36
whitechristopher@example.org;(825)400-8444x6807;84f4a304-cff4-f925-757d-bb216282b4b9;215.157.172.21
mcdonaldrobert@example.net;263-673-4564;f6ace283-6545-acb8-9234-00c81c566ea4;159.110.162.187
emilylester@example.org;+1-983-414-8113x974;c977887e-1d9c-caa6-e071-60d65f66a4d3;52.90.10.55
morgantaylor@example.net;+1-471-620-4785x904;de49865b-bb67-2786-495c-84b206b0e026;142.182.150.129
christopherjones@example.net;001-791-714-7683x6480;cf32de78-ed61-f9cd-79a5-b2f319ac1f81;145.94.101.147
april99@example.org;+1-945-757-2366x970;e060ba92-d6cc-d418-8ea3-94fa192f2952;107.86.50.27
roberta87@example.com;+1-433-314-0716x246;57506e4c-c5d7-be98-fe6c-9bbdee855e1d;112.250.113.47
opugh@example.org;459-595-0076;55063fb3-7098-1ec9-8da1-1ce3c64c937b;184.223.154.147
jefferyhernandez@example.org;+1-366-517-9781x5430;8e819b16-20be-87f1-8e10-34f3968542af;223.180.214.101
zmurray@example.org;+1-343-444-9745x80131;2fe1fb1c-5873-3d95-a675-e19558198f7b;214.119.228.1
vazquezbrian@example.com;+1-355-307-2281;27544f1b-2f44-ebba-3bb0-2ece5cbc2588;200.241.153.2
joanna66@example.net;+1-814-952-6475x4673;2c332a79-3d21-78bc-58d9-d57c31e13289;189.80.93.98
breynolds@example.org;9999964830;c88daa26-e92e-8fcc-5261-fc6c71ce36d5;9.204.90.244
kristenlevine@example.net;001-382-733-2291x6951;537a3f75-6359-04d6-8e48-00f21556bb3d;218.76.6.175
dwatson@example.net;(267)634-9971;2164120d-5c2d-ec69-9bcd-d69cfea8a597;203.248.234.18
johnnorman@example.com;+1-521-780-2780x17001;6c15f798-1bcb-13aa-2bde-02b42b8d37a5;214.220.100.189
jforbes@example.net;001-360-590-1517x22295;c6c72988-2a7f-6bc2-6b87-900af1d6558c;207.148.41.253
ysantos@example.com;797.362.2003;2fdabc7c-75ff-ee79-5df2-258c4dbfe134;158.63.171.211
anthony36@example.net;+1-961-859-3341x80736;280bfe21-59f7-1bf4-bb11-6d3a0c6e0ddf;198.66.71.157
johnsonmelissa@example.com;(911)245-9981x565;6dfdf057-cd89-ad1f-4762-32cf337b53c0;79.227.83.140
thomas39@example.net;+1-997-484-5498;927302dc-1e3b-a587-0f64-84670c21d573;157.139.134.102
kylereed@example.org;286-843-3845x5322;22314b15-1b32-9193-5a44-f07c001c683f;19.98.115.138
daviddavies@example.org;001-436-299-1160x955;06ac48f4-5284-d3c9-2f69-559d3dc6712c;119.249.86.225
ogrant@example.net;609.823.6359x413;f6ef870f-c798-6caf-177c-34172bb7a36d;219.82.115.8
campbellmichael@example.net;+1-817-368-5865x601;34e02583-1ba9-8630-1462-85542af89d58;52.176.155.5
katie28@example.com;(439)778-9715x55885;79df52b7-aab4-cd7a-3056-9fc0d034dd7d;18.155.84.80
alicegrimes@example.org;244-759-7109x00963;adbf134a-f39e-ae81-a48c-dbb16135fea2;94.15.140.19
alexandertyler@example.com;(794)209-8117;544c894b-d98b-2ab5-6ba1-0b92c7121540;178.191.104.122
brendamendoza@example.net;(338)245-3471;e155f260-3f43-b5a9-720c-3cc8859dad4f;175.153.91.232
iclark@example.com;950.306.8367;e606a50c-838e-ba55-9471-c81f7c28de90;178.144.87.251
larsencourtney@example.com;+1-914-624-9220;53a8ce68-e4a2-d685-77d9-5093bab8e418;207.151.126.248
anthonyaguirre@example.org;946.477.7730x3476;f2a0a9f2-d930-2571-3fb0-1fdf09bfa6f4;213.127.59.246
john78@example.com;445.381.3906x6685;4efa1518-775d-f0b5-369d-fd69ce693657;178.70.155.148
rodriguezkristen@example.net;+1-538-360-8357x1630;d2d8ca53-8094-acfb-aad5-de715001c0da;200.232.32.93
william75@example.com;726-225-7623x126;2cc385ef-401a-9dbc-d4b5-c9e8d9ec4944;196.102.66.32
fprice@example.org;772.806.7632x206;6519eff1-05a3-a70c-3570-1c4fd1f9c225;1.196.93.55
joshuapollard@example.com;001-945-267-4974x259;40a21667-9791-123b-0720-370e2e39c949;146.36.241.51
cooperjason@example.com;001-897-833-2135x86947;ff100b12-fdea-d301-152b-b61ee7fcccc4;95.161.227.173
angelalindsey@example.org;(266)996-8906;5d8da376-1552-3ac2-4060-5939e5942a0c;99.6.251.235
kevinpollard@example.com;001-328-934-6249;8db85e97-1d4e-4203-7151-a0c20a9f2e45;5.5.65.251
campbellkimberly@example.com;8056335208;d2dc7956-379b-9dbf-b11f-9e351076ac08;161.225.5.77
morrisonraymond@example.com;(813)577-7287x012;4fe25cf0-bbbd-1847-6bda-a72596a52c30;213.37.49.174
nicolascampbell@example.org;3888519335;1ed0d248-ce76-014e-ae3c-cbe5ecd8fdb0;125.183.82.97
zcardenas@example.com;+1-342-593-7811x2439;2260bafd-82ec-3f65-dbe3-510a82f8e895;202.116.12.222
mcleandeborah@example.net;(313)304-0877x035;838516f4-54fb-692c-8461-b1e56f38aa9a;34.24.49.192
mark71@example.net;855-491-7897;10d6dee4-5254-b896-b358-b97700df3611;137.126.36.221
ysanders@example.com;001-858-881-0090x374;72c4dde2-1b6c-575f-122f-d88696959c3c;219.163.136.174
joshuajohnson@example.com;953.854.9969;71516c0a-a75f-7cdc-de0f-e7620ce450b5;210.14.217.205
gmercado@example.com;497-888-0659;c20d4e66-4b75-b2cf-4ba8-c18cc1ba3925;124.170.227.200
john93@example.net;(854)300-0145x56056;d641a4a0-a1e6-2a9a-627e-695829b6f606;178.80.9.91
timothywallace@example.com;7038282134;24c3036a-cd1a-a836-71b8-b888a09f73a5;73.178.227.63
hernandezgregory@example.org;+1-479-909-4634x70604;c0c5c289-504f-0b3f-0cfd-eb65d71f22e4;164.220.49.254
debra53@example.org;201-869-9305;de74fbbd-da68-e292-e9ef-c17d8aff50f7;143.29.53.46
wesley42@example.org;704-447-8292x0625;93004bfa-1146-7e4d-c137-0f1ecb2cb238;14.14.2.98
shannonrogers@example.net;7142703632;606a5f2a-029b-594f-0228-88631c1c7763;22.202.16.91
jarvisjennifer@example.org;+1-856-289-9491x945;1713c772-8e87-2b4d-715e-762d5762cd88;173.87.146.112
qkramer@example.net;001-868-477-5534x249;3e2de408-329f-2ab4-da82-6d073c8a4de2;204.206.111.34
steven39@example.org;+1-431-768-2333x286;191d938e-e2ce-6f33-32c4-de8a3c9db936;48.87.77.70
rodriguezelizabeth@example.com;001-760-849-1088;3bc462fc-4c34-5927-b934-8334a37d5ffa;128.38.181.54
amy26@example.net;001-909-343-3187;d3dfa45b-a703-381a-bebe-1b81ba69f14c;192.69.205.152
xbranch@example.org;+1-649-252-5844x2597;ecf76937-434a-8819-ff88-0c958dc4b420;51.168.128.255
robinsonfrank@example.com;4034017725;b67827a7-acd6-1c80-7be1-00145d9dd56f;57.230.152.68
david23@example.com;001-628-610-7526;92d8b583-c6bf-c6e9-616a-3c6ef12e79f3;220.151.177.196
marymorales@example.org;4554740094;0cca3aba-f8f9-fb08-9f78-005b9118354e;25.203.127.218
valexander@example.org;894-265-8350;21123a3a-1e32-c37e-d1a8-db2651f0e375;46.121.235.129
kshort@example.org;001-435-857-6944x63135;5bc51e73-9bf1-780c-bc61-000d191a80f8;194.205.181.49
alyssa23@example.com;3989085251;28a068f8-b9e4-d121-7792-18746cf89e2a;211.168.16.253
allen63@example.org;(523)648-6282x0986;3bde4619-643f-cc1d-9b1b-708523bfc697;164.76.127.59
crystalrivera@example.org;326.781.0720x8292;3ce60667-d4df-338b-80e1-fdf1cb2672a5;197.243.62.210
lfuentes@example.org;+1-657-296-9855;f4fddebf-3f60-91a4-f3e3-682a824f2e15;201.39.145.145
richardchristina@example.org;(766)290-1885;2895ada2-cd55-8f70-a4f1-61d374d6f994;176.5.253.21
johnanderson@example.com;(207)682-7819x80435;20245c28-3a30-ac1a-929f-67b6782fffa8;141.97.180.95
jeremy13@example.net;+1-994-629-4720x573;d374ef08-b8f8-3563-0d8d-3858ab34fb4f;178.197.175.117
sgutierrez@example.net;331.213.1135;539a5895-48ec-f4b4-28fe-2a2309065410;182.143.42.71
mayeranthony@example.org;964.505.0063x14424;4ebd8f71-78cc-087d-ad3a-3f9bbab27e16;144.234.170.156
edward18@example.com;5614769449;355947af-f7b1-4270-2dda-ce75159e2e19;1.183.72.157
dcarter@example.com;+1-522-360-4422x22531;b4c9088d-7849-6679-e87c-4dde7464f6ad;193.37.19.160
brookecox@example.net;(555)822-9129x167;3396f16d-c6d7-3812-b1bb-afa8a935617c;165.73.64.251
michaelwelch@example.org;702.904.2046x01897;73bc70c5-d0ff-b5d2-64c2-f4a86b543ad7;190.52.133.170
martingeorge@example.org;440-775-8214x37436;15a47f27-8b56-e0f1-0167-e37b8b2224b4;147.241.187.190
cassandra50@example.com;001-644-254-7734x3304;394ec1e6-2035-c599-a165-14a76c682d06;68.10.244.214
erickoch@example.org;287.669.3594;73a9f963-2028-a391-45de-1fd8dc29df66;211.51.191.196
courtney31@example.net;(674)719-0991;9e5cdd9d-9e8d-a2ad-03c0-47e968aecec1;201.252.53.6
jcantu@example.org;777-406-9820;148dd6df-cbd3-2781-a407-38394fe87d1d;51.3.103.7
katelyn51@example.org;(864)560-9195;4ac1cf83-fb9e-ea10-e89a-2c86e65b0fbd;175.111.240.100
bradybennett@example.net;866.275.4525;a2ef8707-fdda-4ec1-bda9-3df2d5bb09d3;206.129.80.13
hollowayholly@example.org;4325535331;bf68c9fb-f0c5-83ec-8b0a-bdb0a8380304;1.102.252.238
judith17@example.com;+1-992-790-6963;37727022-0d18-e922-82e4-b75c6eebfe93;125.72.246.235
michael61@example.org;+1-236-967-8124x966;ee1ab3be-e01e-aed2-3d12-c9d75a2fdec7;97.93.17.148
darlene51@example.com;776-971-0030x09061;fd9e0a5a-1ee5-d9d7-2be9-99a7a2ca1183;92.98.25.28
alexander98@example.org;+1-825-894-7392;d5cb74fa-9276-15f3-4e59-0d14679470f8;196.103.63.179
steventorres@example.org;424.487.4716x141;62f769c7-c901-4ffb-0f30-b40427020a32;182.144.122.218
amy57@example.net;+1-600-610-5436x2638;723d3057-096d-5b8b-c240-a2ff32e39072;196.73.115.64
klinechristina@example.com;5795584339;a29c184a-ac88-18dd-eb45-a508d89e5d65;140.66.230.25
patricia98@example.org;(630)937-1027;09c22e41-4590-53e4-6fc6-5263798a1bad;45.90.180.36
taylorcoffey@example.com;+1-601-205-2306;f891c6df-e7e2-4d74-b856-c89027683ef8;165.195.37.189
hmorris@example.org;655.721.7215x318;5c1bd7c1-0f8b-f605-18fe-e596d874ef2d;103.200.71.150
andrewjenkins@example.net;338-734-8917;2961643f-5bf5-d25e-6ac3-07624cfed21c;155.255.162.249
victor68@example.org;+1-606-464-4382x76275;678b1796-f16b-7c65-3505-50f34b30d1a9;198.223.114.97
craigcassandra@example.net;224.477.6393;089cc06b-abb0-5258-0432-6e8ea06c9577;206.86.139.26
kimberly94@example.com;001-466-335-7764x824;27f61eab-06ad-4a56-31e8-ef95b48a37b0;204.236.221.171
calebhebert@example.org;(221)586-0343x36710;08a576de-3643-44d0-01bb-4f2fc15178cd;114.237.222.220
debrasimmons@example.org;666-428-7894;368d1352-37c2-ddc3-b878-fe2017848064;56.176.112.32
emma03@example.com;(353)746-0042x8699;d2f5563b-02db-6598-d1e1-ba8a1b5174cf;188.60.172.185
jonesphillip@example.com;697-730-3323x2774;11076328-cb52-915a-8ed7-b18381562721;86.33.97.55
william24@example.net;(676)896-3925;3255578d-edd0-28bf-2df8-763659fdd815;129.85.241.86
samuel20@example.org;671.511.8357x19592;1588e430-2f9d-ef06-e514-f77d6ac72ba2;211.126.128.97
jacksonstacie@example.com;926.414.0814x05685;456a15e0-7912-15e7-8eb0-8fead133328a;143.106.221.190
jeffrey88@example.net;001-960-876-0167x2666;666b59fd-6f2c-d167-0a76-aa201d5c8f0a;119.7.103.239
annparker@example.com;820-747-8472x7962;bd734f1d-14a3-b4a7-8108-87225b63ca2a;14.194.208.11
mitchelltaylor@example.org;(939)705-6199x38369;df617183-b257-3eb2-43ca-2cafb5d531c4;26.181.148.192
jefferypeters@example.com;8196307817;61cb6b83-e1ca-dc84-86bb-6f9e2d4bb4ae;5.182.248.1
sotorachel@example.net;+1-272-889-0969x2843;75dd87af-d37c-1ac1-9cd6-d05737d72d1d;100.206.125.69
kcruz@example.org;(427)211-1209x7681;a0030903-39fe-2e8a-0173-717a900b5a1a;44.246.76.197
barbara52@example.org;7088165108;563de8b9-4326-1d39-febb-58d78bbb3478;189.139.41.126
crystal56@example.org;444-831-3509x27279;2fc9870b-0f80-acaf-7722-a6fd663e4568;192.143.230.135
schroederkathy@example.net;847.473.6360;a2850665-98f5-7826-3d8b-52d2f252b903;161.44.28.153
hday@example.org;(770)561-2785x68555;01f94e84-4945-0abc-399a-97bee731393a;99.209.164.68
juliewilliams@example.com;646.388.7687x2136;6bf9cb8f-e210-e1df-e385-7ad18efb8357;193.140.115.167
parksandrew@example.com;246.359.2506;1b4cc6a4-ef57-355b-df69-640cf93e4772;215.168.242.126
townsenddawn@example.net;732-223-2767;d911a403-7035-b5f7-7beb-298bdc33416e;207.249.4.120
qwilcox@example.net;5325014104;4daee245-4f5b-527d-31c3-825d2f23709a;180.167.22.87
tiffanydillon@example.org;(947)343-8119x562;f3e81085-d987-d140-7e5f-e9536e9d15a7;146.129.60.73
stephanie26@example.com;(234)654-3443x8771;cf2207a9-203d-79c6-01c0-f5a0dabc00dc;37.128.77.231
saraadkins@example.org;+1-800-231-0927x299;14252287-eb99-c5db-9dda-afdf7dc0001f;165.155.213.132
kevin91@example.com;+1-899-217-2752x776;e539b474-eb12-522b-2c56-c674cbe0f254;25.250.181.149
munozanita@example.com;+1-517-855-2897;f99155ba-4e81-1d1b-4c98-67c5783d5b82;53.170.138.172
mary85@example.com;4139153529;2d25282b-1425-cacb-4df4-43bb5e2564c9;37.209.109.122
michaelgonzales@example.org;001-594-899-5357x1505;68642e68-394d-ef08-c01e-28684d734531;133.237.107.247
hernandezfrancisco@example.com;+1-687-433-5458;c72ba499-74cd-4839-95bc-41aae7fe881d;174.40.253.85
newmanstephanie@example.com;+1-899-890-2165x40957;17c404b6-4601-bfbe-ee1a-00e4508391cf;3.112.24.24
douglas50@example.org;(913)604-1655x449;37dc38f8-0328-763b-8ea0-d3a3e5505065;50.181.20.162
raymond70@example.org;554.779.0913x0303;5a054729-f733-b8ca-bbe4-29a8e4df7145;185.180.128.79
uhughes@example.org;+1-613-281-3856x4528;e69b12c8-3aa8-b250-fc73-6c347154cddd;192.142.27.137
raymond36@example.com;(255)735-8714x2873;dcc1bdef-4dce-65d5-ed51-ee9806118bd3;210.71.109.3
anthonymoran@example.com;+1-635-452-6884x3829;a760d887-e418-8be6-073d-13b5ef71172a;152.171.100.212
marissa82@example.org;988.986.1623;0014d719-3417-66e1-fe17-e64243fdf363;219.80.65.95
mbeard@example.com;612-536-7833x21555;12a6b4e9-b473-bc28-43ca-fcc5bf21882f;207.81.170.41
markhawkins@example.org;590-901-3924;e0f4e4ba-0c6d-aea4-479c-40b3027fe14e;204.118.8.180
mlewis@example.net;928-835-7763x408;9b15ae8d-5e12-8fe8-7bbb-41feda83aee8;194.211.37.154
jason94@example.com;634.974.0168x45500;a722a82d-19c6-5325-af69-0238153c0cf1;135.129.2.90
moorerachel@example.com;+1-373-774-6457;d8a0ac1b-d123-9dd8-4ada-929dbb126b58;194.196.118.116
holmesjennifer@example.org;001-958-764-2597x7323;8b35f476-1a60-c995-f3cf-d1332bfa7890;158.233.11.153
johnevans@example.org;671.791.3818x0951;a1d305b1-04e2-ce86-1f29-adbff3a524b5;185.92.104.192
tschultz@example.net;001-245-466-5938x57245;cd5f30c2-a431-2a5c-016f-b5ef047f0689;134.180.253.220
myerssue@example.net;756.304.3769;cab5cf1a-892f-1b48-f097-f411b66483db;111.77.143.166
owyatt@example.org;001-573-743-0821;7a546529-ff8f-cdf7-45d7-a1e56b88472a;200.115.168.135
bmclaughlin@example.org;+1-732-489-9474x33134;538660a1-e64f-f756-d71a-ecee30747354;158.226.43.123
cainbrian@example.net;+1-560-361-4009;b37fa23e-dba5-89c8-1852-5d87547198aa;45.43.114.48
vchristensen@example.com;(928)658-1600;c5ba74b8-1c6b-a566-8fe9-1f1b17224e8d;168.33.80.64
candacegallagher@example.net;339.367.1054;32d9ba9f-3edf-36aa-e41a-3bd918657561;165.191.192.205
williamselizabeth@example.org;001-868-927-9594;f193558a-edc4-2497-f2e3-4e516f8c9ce3;206.232.190.140
derek02@example.org;393-948-1265;7a087ba8-e1b5-a4a8-c1a1-97a7a3a42cd4;12.253.96.250
traci95@example.com;627.511.0450x819;ff384d21-afd7-1cb0-4bf9-1600ce421bfc;179.197.196.38
westelizabeth@example.com;001-259-718-6030x6933;7597c522-4b25-67ff-8a76-e133d623c1b2;218.224.82.5
simmonsjacqueline@example.com;+1-468-825-1679x73987;fdce5d27-1d55-025d-0564-fca1ec6b6052;157.157.52.87
lindseypope@example.com;672-919-1694x769;7f98faf9-764a-e991-7785-ace8688322c5;200.107.244.54
timothybrown@example.org;5642151651;3433b7a0-93d2-4111-39be-b07c6d90aa9d;90.206.61.253
vbowen@example.com;585-930-1032x09108;09ce44e4-dba6-13b4-7cca-af8644f5e5e3;4.189.13.216
kathy52@example.net;+1-342-944-0762x37389;f5e29d94-30ae-83df-b9da-e638b5b5c690;133.3.178.20
charles92@example.net;427.637.1365x0592;cb568a3f-97de-0adb-c554-0880bc2f8605;195.216.100.180
aerickson@example.net;490.554.5373;a6842ed9-9421-7c7b-0bbc-735a41a056dc;38.162.132.180
allen76@example.net;(573)311-9111x1941;1d6f0d0f-cad5-824d-e62a-3e4528923ed0;166.211.128.130
younggeorge@example.net;001-887-980-5331x749;77d018a4-eb78-f0d2-68ef-b7ecc98c5362;69.25.97.179
sarahcarroll@example.com;+1-498-688-6526x99016;853c2679-b7ef-ffd1-860b-75a6bc83f0eb;183.133.50.73
hmiller@example.org;671.791.3818x0951;a1d305b1-04e2-ce86-1f29-adbff3a524b5;207.255.213.12
zmarshall@example.net;+1-731-967-3861x8165;1865863c-c61a-d134-ad2f-af91c97266fe;42.84.118.2
vincentangela@example.com;4342782732;9442fa05-9366-4d28-51a6-0534baeaab48;111.95.55.83
robinsonshane@example.org;206.712.5518;cbf90267-2c8d-10d5-ffc7-e4b99602902b;124.12.89.197
kristin02@example.net;841.512.1575x37035;44dcf12d-7173-5015-3a0a-5c139a7c2abe;220.190.5.182
daniellehoward@example.org;784-604-1462;c51b2bd2-5221-a5a4-dab9-09226aeb4cf4;26.154.30.144
carlameza@example.org;+1-499-398-5177;49e697e9-7d58-5cf2-4855-c92fb5a6f32e;74.248.107.120
psullivan@example.com;+1-592-559-1767;7c13906a-d43c-7654-14b7-90d8ba139dba;164.116.182.88
jasonlucas@example.com;8508995192;97bf02ba-6e2a-303f-11a7-f83f4f5dacce;204.11.165.179
blake98@example.org;752-813-8182x31854;163ff985-5296-ab92-d8a8-2a54a4191752;171.194.160.24
cjoseph@example.org;945.304.9125x86355;74c2ca40-13d1-cb79-e145-0d3e9337c224;192.156.251.18
jamesbird@example.com;001-926-617-8394x68383;9d871b15-a0f4-8601-f3a7-e2174c617195;221.168.159.205
rvaldez@example.org;393-638-2166;82cc7a5e-83ff-6160-e4e3-16b00ae9a0f7;144.122.167.59
brandiking@example.net;522.247.5943;af15af03-4ed2-a951-bf82-6e6ead956d84;201.25.69.16
rebecca08@example.org;+1-599-950-5112x408;e8fa2f65-5434-b926-f18f-4619984b888c;1.71.236.215
gailscott@example.com;001-595-845-9113x72780;7f7457c5-cdd0-afce-7daa-c41d95011acc;49.85.81.93
james51@example.org;(910)979-6956x551;c9fd6d9c-5ff1-7a8e-c300-9d9d85b8c443;196.51.22.35
kthompson@example.org;3466502703;a57cceb6-7701-b2ba-bcea-eefc75a018aa;132.224.139.251
gailkelley@example.net;488.500.1401;295d28a7-433b-c3d1-2eda-defb2c99a6f9;205.5.17.239
jreyes@example.org;508-285-8918;c23fcf51-0497-1252-0711-7dd39b910a37;215.217.35.224
longtina@example.com;+1-806-438-1335x906;e5b162db-ebb6-3b87-460f-80c618bffabf;107.45.72.62
danielle71@example.org;+1-866-430-0933x49126;3c0de303-8727-6020-73a8-d796064701b4;160.193.246.181
phamsusan@example.org;+1-742-775-6404x60226;eead75d3-05f8-f74a-033e-0fb68f8f3f36;194.132.201.212
vernon17@example.com;+1-742-441-2504x211;9bc4161b-4743-0332-8251-cd0f1b096f45;201.241.112.51
patrick65@example.org;357-750-8246x88494;6eeaab5a-2fb7-3bb2-2fdd-ac6983d7912a;195.9.226.225
dsmith@example.org;240.207.1801x257;660d62b5-f0e6-3b51-25c6-267776e91370;134.110.170.89
ntaylor@example.net;(399)234-0117x021;3c33d5e4-e49b-cc5b-fe59-e24704736d99;154.164.85.155
charlesnguyen@example.org;839-962-0391x5620;80cc62d1-51d9-65d1-3e4e-78f38c053b25;2.247.133.71
kristina01@example.com;209.906.7809;8d837fbd-227b-af38-5460-0366acca1994;39.91.183.13
qreeves@example.net;+1-403-580-0007x91491;9f399b61-a373-f3be-b2b0-39110f29614b;197.220.182.15
odean@example.net;(577)684-8429;ce2b7b41-f51b-c74e-d88e-b0d0ef5e48de;63.85.112.28
youngcristina@example.com;232.335.5967;1ad9cad0-a6bb-a817-bf92-04ce68f3ec57;211.173.138.30
uparker@example.com;365-441-3113;ea3f11ff-bb87-f62f-d4b2-17c403b720ce;75.199.72.202
kevinramirez@example.com;001-977-884-9070x6724;77e61fa7-3334-8c1a-65f9-b3d7b0811ee3;132.103.184.78
kenneth40@example.net;408.249.6440;7be42a12-6331-fd31-b8f2-123454a189d4;133.138.131.56
elizabeth07@example.net;(450)351-5871;bac29a72-b133-2053-5359-6569727dc38b;204.66.81.187
lisamccoy@example.com;4209138349;4b0171c2-0231-5501-71ac-053c9dde5759;180.29.91.36
susan11@example.net;+1-924-831-9831x7643;c446b79c-69cf-3448-8be4-6ba03974126d;23.235.216.60
tpena@example.org;+1-558-903-9494x861;53bc2bf4-8b1e-ea95-381d-787ef3ea6db1;103.151.91.98
osherman@example.org;(570)538-8133x733;daa341d1-af00-4e3e-3261-b7b9de66a517;218.166.23.3
joelduffy@example.org;001-380-548-4606x4995;07331533-fbee-f740-ad03-9c8b703c573c;13.64.17.220
crystal09@example.net;(864)462-2805x4499;26e51af2-be67-eab8-2870-e07c901772ac;205.245.177.68
timothy13@example.net;402-280-0070;cd95bdc9-c027-dba5-1bbc-730e47ce5e9d;9.216.95.53
ajones@example.org;9629162518;9eacb38f-9192-12c1-4df6-50f192d88e18;158.177.136.93
riveraroger@example.org;864-728-3231x5082;49b6f6e9-51dc-3ba0-9c9f-886177ab7136;218.173.195.55
pwilliams@example.com;(983)290-6273x823;89f03ee9-06e9-0a24-6512-6da14b1ee1e7;52.94.235.223
hendersonvincent@example.org;470.709.6922;ef75fb9e-c0f4-11a1-8e47-8cbe328554bf;19.159.163.82
stephensjennifer@example.com;+1-450-553-8784x5555;a9a9ef40-e1eb-91a3-51de-6ddbeb0de4d3;201.158.108.133
brad71@example.net;001-369-554-3284x714;48edb463-a63f-5c1d-e37f-b2a436025be8;219.206.162.148
kevinthompson@example.org;815.524.0412;544c78c1-ee87-63f0-6af0-f51c574f8fb4;185.140.157.238
adrian17@example.com;9512383881;810e83c4-b270-13e0-5ab6-3a7c5ae06ee1;194.243.139.213
carrollchristopher@example.com;244-310-8857x750;9b18bbd6-acd6-db79-dda5-92f837a22646;180.226.67.38
batesfrank@example.net;(934)542-9590;5157c043-887a-25a2-098c-58fa5b4ec95e;129.188.112.129
ariana77@example.org;001-490-539-1884x357;47125709-9a1e-b31e-1e6a-67b9cef29561;204.109.104.133
jwilliams@example.org;001-901-271-8758;6c92c66f-8a6e-63cc-809d-a50a51a3cf0f;215.247.154.14
butlerdarlene@example.net;(619)869-8662x8821;9275f330-0fde-b501-a300-5e98dad3354f;140.37.22.179
eric78@example.net;551.393.3911;b380163d-1fcf-d1ba-a542-a2d6f65e3ffe;221.83.86.105
shelly40@example.net;256-561-9078x177;3ab5a2f7-4ceb-3205-553e-d845642d6b4c;202.73.26.127
poolejacqueline@example.org;(472)335-4718;7a847030-1963-0b1a-fa0d-24db20a72afa;207.114.221.184
thomaschristopher@example.com;(824)509-5758;40df8af2-564e-893f-e9b5-480997259ba9;63.163.65.200
farmerjonathan@example.org;+1-720-701-4722x70666;5ddbef65-ea00-5d6f-02bc-6bca71a3edf4;24.104.4.248
emma92@example.org;478.946.4457;80de2c30-0a11-e544-c2e2-7d2d6bcf76e2;136.189.157.150
valenzueladaniel@example.org;+1-470-641-2931x951;63055172-0ce0-348c-07ba-bba86005583b;212.173.186.75
wrussell@example.net;001-889-643-4079x2553;54ff77dc-e917-aeda-640f-9bc0b3af2b37;155.29.92.77
ramirezerin@example.com;410-404-7050x6700;d9476fad-9a71-d276-ffa6-d2e0cf3281ca;123.233.80.129
wpeters@example.com;+1-227-966-7218;c47e0dff-4a2e-e933-8b43-6197f0e91bf0;211.14.69.80
mitchelleddie@example.org;(967)511-7659x93380;94507ddb-6935-f5d3-fcc2-32f2262f0e95;196.50.239.87
crawfordvictor@example.net;311.714.9800;a1839480-6841-f57b-0b0d-bd6b8d9c90b2;206.23.253.246
markrandolph@example.com;+1-295-523-6071;23f7d037-8ce3-856e-4393-258e7142ca08;82.186.215.43
morriskelsey@example.com;(750)353-0703x6278;96864f52-dab4-0761-8ef7-af252630b3ad;223.42.186.23
mdecker@example.com;001-429-463-1724x95884;e23906cf-158f-3797-394a-f3d6865b80d9;218.193.174.41
davisamanda@example.org;670.744.2080x60761;5986346f-41a2-2196-915f-2bcac1c12aa4;162.220.107.36
kwashington@example.org;(730)681-1102;6a15a686-3790-e039-0080-14e0e16dd0d1;142.212.60.156
pattersonlaura@example.org;869-589-7783x5419;f01f620b-877c-902a-1ce0-b39fee43ed61;49.253.13.231
xgreen@example.org;(210)358-4937x278;d9ae8168-e504-366b-1a86-d7be95bfe6fc;1.169.133.29
xtorres@example.net;(770)471-4943;6b7a9f71-d030-5ba0-daec-e9da4588e7c5;155.199.175.31
sheltonmatthew@example.org;(603)667-1859x14701;6891c4e5-26cf-d640-1448-3a45949578fb;84.246.130.212
melissa43@example.org;665.747.4650;409fe4c1-79c4-018e-eaf2-1b8a21c346be;138.52.61.137
lunatiffany@example.com;(695)490-6559;01020f68-d7f6-dcf4-400d-d224137ada39;12.121.252.199
travishouse@example.org;531.324.9274;bc8703fd-ba56-7d31-e04e-139ec1aaaafc;198.69.190.215
natashahickman@example.org;415-721-4371x01368;28e8c0ee-ce3f-b696-df22-9e57c7d86cf6;219.127.155.214
bhamilton@example.com;928.736.6645x2334;cfb0d9eb-01d5-8c0b-f026-bb46f6588bc9;73.233.135.105
everettchristopher@example.com;511-243-1347x7217;3df5781d-6e06-3aee-842d-79ff3f8b8824;217.100.29.230
ihernandez@example.org;(564)368-5764;f79d90d1-1319-942d-2fb8-6e6b462c3e8a;35.241.204.79
jonesjames@example.org;+1-540-635-2618x96769;9d1f1f1e-c44e-fc85-f89b-3d817aef3289;137.239.47.188
kennethschneider@example.net;583.625.1792;9004eeb9-baf0-26e4-1791-1da052633cb8;203.231.92.55
kimberlysmith@example.net;(750)543-1907x15668;ee2e3a35-b071-8c1b-1510-fb37aeb4500c;135.95.52.12
kellypatterson@example.com;001-423-811-6424;d440b2f3-386f-3493-3a75-65bb535ec42e;200.112.253.38
cainjason@example.org;001-255-734-7757x5274;dff69876-cb35-b6fb-2beb-9dad128dd309;214.86.254.201
miguelwilliams@example.net;3076400351;c51b2bd2-5221-a5a4-dab9-09226aeb4cf4;62.125.223.248
dianecrosby@example.org;001-486-762-5520x36117;06de21cb-52d8-da6c-bd54-4082cc6891ba;168.43.156.78
apacheco@example.com;+1-674-772-1055x816;64878a3f-a314-70be-cfe6-bef9a42e3c5e;152.114.174.40
samantha33@example.org;+1-913-561-9543;5f02054c-99c1-ba0a-0f92-3fbc08486ec2;191.50.94.36
jennifer85@example.com;001-541-739-1000x2579;d275be0a-c436-dfca-5431-52f7e60e44d2;161.83.10.66
rachelrodriguez@example.com;614-469-5768;6e1ae633-2fa8-9e1b-9f88-f10c53e53102;207.139.146.235
connie44@example.net;604.326.2132x3429;c45566d1-162f-2c3d-619d-f9b451ded46c;206.77.71.25
gary92@example.net;(438)311-4406x57607;5f5f6737-5816-ac93-6abc-837acb14430c;32.142.215.215
thomasmeyer@example.net;390-772-7610x23610;11cd7612-65b0-8f48-8a87-6ebcfdba7121;206.138.193.157
kimjim@example.com;250.514.1377x22682;f7dd8e06-d8ef-6e81-5d6d-a1fb9d993363;189.163.194.240
jessescott@example.net;(634)359-7091x71773;b7863483-2678-8bda-d6fb-b61ceac3844c;60.12.6.77
shannon99@example.net;001-212-242-3489;642b0682-0d9d-dbfd-326f-2cb3b7390255;28.194.18.201
fvargas@example.net;+1-747-632-8883x7157;a8cbe3b4-5e9e-2856-abbb-ddcdcb0865ca;11.56.217.15
ecrawford@example.net;259.540.9605x08228;661953f9-b395-d682-05d2-a731c5543498;110.229.144.28
tammyzimmerman@example.net;001-928-362-9871x97637;0a8d2eff-63a0-1e20-a871-9f8f574b8576;190.253.121.57
cwerner@example.org;825-575-1179;e681db24-4e4d-3a58-d1dc-812b46279077;186.107.246.179
grosscynthia@example.org;382.782.9454;ad92166f-cdee-46fd-7447-fb2556ae09a4;216.128.174.221
ryan60@example.com;955-983-3104;5a51204e-a995-6e60-1048-8e9042bfb22c;163.37.116.232
alexanderbriggs@example.org;001-857-907-7326x34500;20c62042-8b78-6183-5b55-32583d2757fe;198.1.128.7
dennis88@example.net;(880)366-2001;15676e02-7d8f-c58e-97a0-81d8127180c6;202.143.185.125
marysimon@example.org;(650)921-0015x148;450aba30-55a3-2632-7390-c79e7166a451;220.77.156.7
palmerthomas@example.org;001-219-986-8734;42c6f607-2311-be4f-34f9-60064e5d622a;152.111.0.61
calvin56@example.com;996.210.0766x397;8e34eb42-7082-cfbe-6038-24d1b726d674;132.134.201.217
emily68@example.com;750-895-2990x55231;d72511c0-e7e8-c038-a8a5-7fb64ae8155b;169.62.186.170
andrew71@example.net;6695199561;c847aa22-93bf-7b4e-b65b-0eb67c6cc7ef;203.13.160.51
heidi74@example.com;355.481.3145x04239;51098a2d-4e3a-2d7d-4d58-703ef807820b;114.210.125.20
zmiles@example.org;001-844-783-5478x6389;f01ae7d5-da0f-7657-9e4b-bc0a24f9e5d2;183.39.248.87
opena@example.org;991.220.3684;7af8673e-0809-3521-7ae6-48c8965f571c;218.116.59.33
jeremythompson@example.org;001-610-268-4305x1334;57e60f35-d79e-ee29-312e-b5ed67f80fa7;18.85.18.190
leah54@example.org;(689)589-9959x88527;668fab6c-a836-810a-b922-0c2ac4c5a253;18.66.236.219
jack32@example.com;(610)401-2122x21967;5afea749-0b2d-872b-60a5-f349989dd428;181.24.175.159
alyssacohen@example.com;001-485-913-5460x4979;004f0005-755c-6895-8320-6b5b121da776;193.27.132.214
bbarnes@example.net;001-900-312-7906x905;d00395e2-d43d-c52e-dd36-df2df2796828;151.232.90.35
chasewatson@example.org;(257)565-5032;924def0a-3337-5156-f692-9fcc0f0aa323;201.206.109.3
susan13@example.com;+1-792-772-8507x29024;1fd7f0af-e2e8-2ae3-0748-bade49e592cc;177.138.230.156
stephaniewells@example.net;(446)962-5148;187eb024-58ee-2db6-ba5c-699273f1bdee;15.27.41.179
heather40@example.net;+1-568-776-7621x25534;3469d96f-1c53-bd74-a027-7fe610cd1dde;149.191.248.137
karen18@example.com;647-930-8572x8383;fec1f010-7f13-c156-2d11-2bd1207e18df;167.116.23.146
timothy13@example.net;632.626.2569;cb78645d-fdc0-0095-15a0-49698de2f534;9.216.95.53
lbarry@example.org;(840)431-5725x7067;a7d39bed-0da4-4794-6f19-b00be38d16a3;154.142.15.42
dakota22@example.org;001-208-981-4857x3668;6bca918b-9b7c-177a-6e8b-9627a667dfe5;140.49.53.240
amandatorres@example.com;(856)858-1577x606;8020e3bb-fe08-33ec-c937-56229e0edb53;21.23.130.254
stanley76@example.org;(208)507-9403;5dd2f68d-c888-bb6e-1059-92d070f9a6a9;42.211.251.9
charles66@example.com;998.405.2816x29695;7a91eb8c-b822-c550-b849-cf3ee7f1cc8d;194.152.156.159
vevans@example.com;613-424-6987;9c6368ff-0eec-67e9-1112-ce36f984b800;64.33.166.246
erin72@example.net;782.485.7205x109;a5c016af-cb4a-d445-6dd5-94cedb9eedee;39.0.192.71
taylor58@example.org;572-805-1914;e2148477-7a73-8a95-2716-69f4982f1e80;189.17.143.41
davidmcdonald@example.com;(297)928-9796x6663;03ededb2-f4fd-a026-0044-6efe1f6922d9;211.128.226.28
lori37@example.net;795.696.7155;06597354-d0c5-dbc1-084e-9d7a61e705d7;140.93.152.156
sandovalmichael@example.com;6566176584;8c880aee-981e-e198-ba51-6ab2a0ab42b6;74.16.253.95
marie46@example.com;341.826.4889x536;dc6b0fdf-4eca-ebd7-9475-9de8f7ae0397;44.161.46.27
thompsonamy@example.net;+1-814-321-9305x914;1bef5f9b-4cce-348f-acec-618330f1b213;188.220.9.99
nicolegonzalez@example.net;270.439.6338x7123;40f422a8-4d5a-fb16-1876-8a31482ecb7b;103.225.79.106
schultzcarla@example.org;001-955-793-4607;43624803-639b-0afb-4338-f27568cbd45e;218.20.146.170
wcooley@example.org;320-220-7833x9489;a998555d-6e9c-5ada-b826-ba72ccfeb12b;116.73.24.142
charles12@example.com;289-255-3322;1fa11b13-3d14-2a7c-cf3f-653c4ab50eea;36.28.62.98
watkinseric@example.com;001-801-828-6913x36400;2e285d3e-cc34-0622-c9e7-667aebe4b4d3;159.242.126.108
daniel65@example.net;524.208.7450x275;242683b6-347a-62bb-be7b-aaea85c69ca0;186.8.253.107
zmanning@example.com;001-994-936-6655x5206;01d5a3f6-5d03-fc40-081e-46edcd4c667a;211.3.96.173
mathisnathan@example.org;377.222.3732;dc25c5bf-9fed-883b-b78d-2c93163aaa71;217.74.189.232
kmartin@example.org;+1-388-211-1331x7977;4de5135b-33b5-b9a9-1bbd-d48329b3eb37;113.15.47.154
ryannicholson@example.com;(907)627-8381;d49fabba-0867-15f4-354d-f917d58e5efa;216.206.145.154
ncosta@example.net;(446)763-3241;48d83bf0-de96-1583-9f0a-45c48bbfce0a;93.40.217.205
gregory40@example.org;950-422-1479;aaec32dc-6ec9-1485-55c2-d89ae0bd98ea;106.144.59.125
seanpalmer@example.net;001-996-706-2865;a6e9807b-f6f8-75c2-afeb-a9855e929f83;194.189.26.86
matthew34@example.org;793-751-2965x247;db0a6a10-8dec-3d95-7ffa-6fafae254c57;132.160.192.222
kellyjohnson@example.com;251.633.7562x58546;e80bbfa2-6c1c-fb6a-7ed6-0c5a2cb64163;156.51.249.140
mccoymatthew@example.com;511-907-9707x104;069c3ba6-e718-65a6-3613-226c63e806e4;170.226.114.174
foxkimberly@example.net;617.501.0795x9700;8e3cfb15-83fc-de82-50be-0d4e0cc27579;196.239.22.112
becky83@example.com;001-958-290-3389x1792;7d7e5a18-86f6-912f-0ad1-26b6d74c0c99;190.183.239.43
ashleywright@example.org;602-369-4636x378;b169bf75-d757-3f1a-b81a-7f778a1b3717;184.222.177.223
richard66@example.com;476.790.6302x8485;1423e8ee-e87d-a028-798e-585a616d7d7d;43.26.248.68
amber49@example.com;(590)611-5443x8321;d51d016f-d4dd-1978-b35f-2ebfaa5d7de8;79.229.146.246
ibarrett@example.net;(326)396-0612x1712;649cf5ac-3bad-e440-044e-04115941751b;219.34.217.2
daniellejohnson@example.org;221.523.5065x2723;2a98b446-73ff-9619-1f03-41752d2420f4;204.199.181.207
donnawalters@example.net;821.800.5184x714;3a94949a-e409-6bd3-a2ff-800c62468bfd;42.209.248.255
ericajohnson@example.org;4377921410;7d98c3b9-7070-20b7-2ad1-1f26c29b426e;107.189.99.169
vincent52@example.com;001-924-253-5356;cd434afd-7224-f2a2-5ee9-cc0732a6f325;15.183.104.19
hwells@example.com;(357)457-0722x5001;4e939366-f975-47bd-ce5e-1abe07860a3e;154.246.154.4
mary71@example.com;+1-830-379-1448x7501;63af72db-8bcc-3310-abee-d2fe93375bee;171.19.206.205
marquezsarah@example.com;(792)807-6099x192;20d9c14d-60b0-799b-0148-5cbf9b29a800;33.247.101.115
estradaleslie@example.net;632.328.6510x9397;691bc231-3752-239e-fd91-900287f39ee2;112.44.10.115
glee@example.net;661.261.9279;4300d132-b7c5-8065-b1bf-07846e2a036f;68.31.246.104
marisaprince@example.com;+1-518-713-7169x470;abf6f0de-7fad-8ca4-0c1e-a60f44a67986;199.6.141.160
mathewsjohn@example.org;336.402.4413;6e3cd97e-66bd-7c29-15b4-0cff51e4e410;50.128.146.57
michellelutz@example.org;(813)577-7287x012;d983ef4c-5cb2-1585-9934-4181424f9231;195.15.188.88
kellyhernandez@example.org;(672)674-7306x299;758f526a-9754-fe3e-002c-abad976882dd;181.41.142.46
marquezjoseph@example.net;416-917-1524;6f12d4ed-ee6e-f55a-79c2-a7bc9bbc4dc2;206.9.236.96
nicholasowens@example.com;001-808-506-2904;6192567a-b643-6523-37ff-ac29f41ad0cc;158.73.114.249
wrandolph@example.net;506.210.7111x9882;904e6e46-19d4-cef6-1288-3d9decc0d950;171.169.197.38
lauren92@example.org;001-467-201-2116x549;eaf92f1a-90ae-6c05-20cc-7469bf936e34;128.219.30.237
thomas49@example.org;+1-494-536-9974x6692;53ed9638-f496-e6ae-fb6a-8876be51358f;27.54.163.128
chungcrystal@example.net;(371)275-5328x94759;914b21e8-3ae6-2008-119e-340800baf73c;47.37.0.53
peter82@example.org;(295)287-8467;77b4d4c2-ee4e-0aa0-45e1-82b6bdc27889;197.122.148.235
heather82@example.net;+1-219-872-5157;97ffd600-5a93-d217-3bc1-31cd8e3a2f70;61.98.7.120
anthonyklein@example.net;(610)630-6928x821;bc1180a9-27df-7355-e6e1-59b853853a27;222.203.140.220
whunt@example.com;855-491-7897;659ccdde-0790-17bf-9f40-166b35a3fe37;221.167.127.218
uchandler@example.org;(393)450-2494x4275;ad455df1-71a0-0c74-395c-098e83c4ac65;138.154.38.221
graymichael@example.net;+1-743-789-6941x7897;71d162cf-6d0b-38bd-c46c-793213833ddc;122.131.32.124
ryan28@example.com;751-607-6637;df79ead9-56fc-c02b-2e52-7a7c7a27cc87;33.252.78.77
bartlettpeter@example.net;209-416-0117x31869;a1b70d1e-cdbf-d2c7-5bf9-15d5419493e7;218.254.254.53
austin81@example.net;+1-946-944-3553x650;2a27cfbd-9a31-cad8-84cb-b7c123068ccf;143.51.34.117
katrina66@example.com;001-392-427-1464x7105;3cea427d-e90b-3928-6880-8a10bfa0feb8;222.41.170.2
douglasmendez@example.org;(850)789-7004;250d661e-e2ae-34c2-b944-e93c2d298269;195.115.137.68
amclean@example.net;+1-321-662-3968x4827;8943775c-7113-b0a4-bd68-76d3157d0978;48.25.246.147
kingkathryn@example.net;001-304-479-0145x6624;c7499fe7-a64d-2749-1190-5177cef4461d;209.61.30.139
abigail92@example.net;001-651-949-8237x087;f35d1370-2e1f-721c-0e85-1307c1015b96;222.118.246.166
lisamoore@example.com;(802)602-2366x979;762c627d-f44c-8b08-b716-593d4aaf264b;56.63.143.47
wrightbrad@example.org;518.735.6219;2a546203-cadc-0033-0b7a-29766e7aefce;136.130.12.8
xsantana@example.org;442-590-1034x5481;55199002-92e1-60a0-04a2-8634d30c3496;150.203.135.251
samuel61@example.com;001-347-782-1405x6651;38f02b4e-b629-fc0a-8c6b-f3eff2e79378;207.15.190.8
sarahoward@example.org;258-795-3605x80597;9d11a93d-2fad-2eb4-91aa-8c9c76c7f930;50.16.82.197
laurakelly@example.com;731.841.8410x13498;27052567-4b65-42db-55b7-6ec286e45635;60.81.167.225
juangarza@example.net;(518)239-3427;8759d468-21cd-b764-c5d9-7ba7411d6ee9;40.216.144.187
christina62@example.net;530.320.7016;a2c307ae-2824-87e7-5b4b-32a0eb8ca9cb;204.203.31.199
patricktucker@example.net;+1-528-416-5265;f208c120-ee3f-06f7-d385-055ab77409f2;123.95.82.106
kellymanning@example.org;400.652.0446;114d3b3c-5368-560b-1525-403d883683be;161.225.38.47
wbailey@example.org;2645961038;8496ac94-6c3e-8813-d3d1-f73498fa895d;150.32.246.220
catherinegardner@example.org;(731)405-0003x1052;67a877e1-7690-9d65-fa04-733c68532de3;125.167.200.207
hmaldonado@example.net;772-302-7498;d3e9e93d-5e24-7814-513f-7d0e834db2b5;170.134.16.233
danielsandra@example.com;739-554-5968x0645;1dfc1783-e0cc-d0a3-bd6d-539c9dbf4905;167.247.161.115
vancetammy@example.org;975.235.5260;26c16876-c089-a1ab-0379-97137b19d54d;106.146.190.2
corey98@example.net;3117836617;6c4772a9-7197-f4a9-cafb-9af65835f9c4;181.218.198.46
holly33@example.com;(768)233-0898;babbf3e9-15a2-0aa3-a7ba-70ec7d179262;129.228.206.7
paulmunoz@example.com;704.518.6622;dea5cdf6-5e26-777b-c0f8-a6f92b2765c0;210.102.15.53
fmiles@example.net;648-448-7263;abe6c861-d5ab-1821-69e3-ccc9e7d1476f;205.153.124.76
markparker@example.com;410-756-2810x579;1e185153-391d-e28a-5928-f1c2c462433c;197.100.231.163
mercedes72@example.com;001-723-379-2260x06542;0f6dbd24-3dc7-9187-834b-f67c4a69cb70;178.132.199.76
hmoore@example.net;600-412-2413;7e7d6953-a3a0-a80f-29a7-1a1ee97b4d10;115.207.72.153
diazoscar@example.org;+1-681-666-9075;e1d6eaa1-b868-675e-3d7b-76bc6332beb3;170.32.164.101
vancetammy@example.org;647-785-5442x9808;26c16876-c089-a1ab-0379-97137b19d54d;167.189.65.40
kristen47@example.net;001-548-897-5848;9f4d0ac5-85bb-0b15-4543-c0bb21d5b6eb;13.58.147.186
eric89@example.net;(859)779-1190;10cd5f6f-2472-d053-7880-91efa9df3f6e;71.33.218.222
benjamintimothy@example.com;763.473.3210;ee03c4b3-c944-e7c2-6a3e-22c6b3945a8c;218.122.16.253
hammondcarol@example.org;001-721-421-4696x73200;a6f3bbc6-5c83-7850-bc75-062d392a05bd;2.154.94.200
pkelly@example.com;(401)720-3316x78703;7231ff8c-1a0f-12e3-7260-443801cf60cc;211.143.255.23
walkermelissa@example.com;+1-921-615-9997x694;d0067e15-fdf8-ab54-3b0d-120b2bf72af9;151.16.209.127
crystalwilliams@example.org;298.568.9046x22480;281ad19e-6cb4-c1b9-e74f-62cee6469c76;180.136.68.175
stevendelacruz@example.org;+1-592-472-5909x625;6cea92ed-7493-92ce-38c2-4b0ee1a84bb1;123.57.211.216
hammondzachary@example.com;+1-241-385-2083x823;307f01d2-582a-c600-a4aa-f8108902be4e;217.85.122.25
brownjacob@example.net;+1-490-379-1379x21049;dec7b42a-e19c-67d0-f7a6-6bd26dfe440c;223.213.166.46
greggraves@example.com;001-428-614-0275x697;a71d6d98-0938-fc80-efcb-8ac6c03571d7;32.49.209.228
lisataylor@example.com;681-745-9119x38465;489fcbde-3aba-9671-6e67-2c76ebf439e1;5.200.81.187
garcianathan@example.net;(412)480-1661x4618;43222891-20a3-1098-ca14-646aea17675f;141.181.209.238
mendozakathryn@example.net;823-323-5494x856;86cf3b91-8b8b-57ef-7ff7-1d6b389dfddb;116.204.228.73
michelle83@example.org;001-991-564-5077x16922;9a788b95-bd1a-8fc0-f618-2212ab13d5a4;68.141.126.84
aprilmora@example.net;+1-686-236-7962x1174;65ed7459-f262-059a-6093-01eae3fd8246;178.21.69.69
tyler96@example.org;001-696-723-8416x9107;a525f2ae-a895-8403-a27e-7c050c0dab6d;219.79.27.146
jacksonfrances@example.com;+1-733-819-8701x128;0d63a5bd-0a99-6ca0-8d4b-b2a08e20843d;162.193.23.221
jordan73@example.com;466.998.7663;52b5afc2-da17-043d-668b-db9f45be58f3;67.247.61.222
akirby@example.org;+1-424-603-2645;d3aa3ca7-0c82-25bc-4150-829c24e1e351;167.9.136.119
cwells@example.com;+1-485-280-0160;11277550-3ca9-ff7f-7733-b2ef1683fcb1;208.139.146.65
james51@example.org;(661)307-9629;c9fd6d9c-5ff1-7a8e-c300-9d9d85b8c443;65.19.242.226
johnsonstephanie@example.org;524.738.6846x413;1fb55a2c-4556-85c3-3371-a9a832a86ac4;171.61.165.200
nicholspamela@example.net;001-408-840-4438x6853;ca20ac25-6ed4-2d64-9ab1-d0cb8920ea5b;119.12.251.214
loganwalls@example.org;(987)414-2256x86275;f5db6290-aad2-5049-653b-f1418855c22b;128.148.113.162
harold06@example.org;353-538-8597x9844;b3ce2a05-cdb4-68cb-8eac-94adc20f029b;197.205.7.60
rsimpson@example.net;+1-972-828-7349;53f62149-9bad-770a-d54d-82fc43ead11f;97.163.79.132
umosley@example.com;580.984.0612x655;607b5371-b1f2-a394-d926-62310ca180f7;215.120.213.23
wallacenicholas@example.com;5938979309;ca6b9afd-03fd-e464-1950-f98b33b62c0d;90.244.232.88
christinemedina@example.org;+1-236-735-7112x8853;5382704a-bf6c-2aba-1a4a-94ae2a29a34f;186.25.4.24
qanderson@example.org;(306)227-9651x1297;dd0187f8-c173-fe07-2a2c-1da83b6fd3d3;200.177.134.170
emiller@example.com;854.263.5801x80941;52f384e6-6ad3-3cee-5bbc-856bbc32a701;20.9.255.119
seanelliott@example.com;+1-783-328-9675x72969;3df17800-1822-3dd8-48c6-60c2a6674ca5;206.130.200.61
smithcarla@example.net;+1-659-309-3205x791;9a8159b6-3d1d-8d53-08ab-7a87e63c85b5;60.107.174.156
mckeekelly@example.org;(758)347-3267;3e23a0fd-4e4c-ac15-1aa8-f84f7d0024ff;219.134.238.184
qsmith@example.com;824-249-2395x05523;7b430d20-d025-8560-7f7a-292a5827344e;65.125.63.82
rdiaz@example.com;(380)287-7113x8531;5d2e8eff-ab3d-d3f7-884d-c7e44dbf0a48;213.7.211.221
qolson@example.org;655.604.3734;1e8046cb-8513-efc2-e44f-54eef07e4867;20.110.47.33
agilbert@example.net;284.587.5708x1200;6bd6062b-d82f-b9f8-0ba1-ff118b94b11b;213.74.224.39
lewislauren@example.org;505.405.8481x35831;faed3adf-13b5-17d0-622a-ff1cc5426700;198.23.119.0
heatherluna@example.com;865-232-1156;605351c1-f0a3-2cb7-3fe6-6db6a426b5ca;159.165.96.35
april11@example.net;(219)566-8936x38404;eef1fdb4-e778-c381-dfe3-366036725e90;211.172.184.73
parsonsmichael@example.org;001-206-842-9273x33113;a9f6a01d-8f09-a0dd-d074-f34133f02bcc;168.30.125.242
petersonjames@example.com;660.668.8216x30294;e99627e4-e1f1-886f-d6a1-f1a1b77cadee;181.5.162.142
andradegary@example.com;001-850-429-9931x65817;383af788-5b18-d519-62d7-3f39fe853152;7.197.51.61
udiaz@example.org;286-683-2795x8450;4d2153b1-63c7-e48a-ac3d-102bf3ed970c;12.233.209.125
vchristian@example.com;(924)408-0671;4b4bd422-f418-dcaf-68c1-1a157a21f314;37.12.176.92
donald92@example.org;(365)959-5627x78228;195901d6-12f9-6c16-55ee-0dc2b2ec40ef;209.198.44.54
johnsontimothy@example.net;(201)925-2192x217;d20b7bd7-a7ae-56a8-39c7-23264e660c40;72.194.57.86
brandtstephanie@example.com;(277)363-0223x026;e0ca80ae-2510-16c7-ae6f-5ab47efabc1a;26.19.118.211
pmiddleton@example.org;+1-758-965-7016;a067e27f-e7e8-3da3-a96f-ce2d7e717df8;211.18.130.237
sarahhouse@example.com;(628)300-1159x31067;2200e087-58c2-7d6b-2562-055d26694feb;181.139.51.166
jacksonstacie@example.com;964.209.7925;456a15e0-7912-15e7-8eb0-8fead133328a;143.106.221.190
antonioaguilar@example.net;(241)666-6197x278;29794dcb-0dc1-dec1-8e95-35cf3c41e6fa;202.212.179.182
jameskathleen@example.com;(251)217-5967;c2a9a1ab-3bdd-b6e4-8fb6-0d6c081db4a6;187.129.189.238
andreacampbell@example.net;+1-719-729-1030x8984;fddd37c1-9e4d-f4c2-ba36-da668911e79b;213.160.148.179
villegasjoshua@example.org;5214317547;3e0b40d5-99bb-f320-4522-4344eb499a54;156.222.38.200
karen06@example.com;866-648-4073;ca74735d-6703-cb64-9576-af4d8fad1d5a;74.231.201.35
rogerscassie@example.org;3179980823;aa23ff28-3341-2aa4-cfb8-97a432ea235c;212.155.245.228
dmorris@example.org;347.435.1943;acff519b-a631-e97a-8434-00feedca6443;74.145.172.59
harrisonmichael@example.net;465-252-4489x45468;5d8cd763-117d-7a02-08ec-bad7eeded043;179.65.221.80
jacobjohnston@example.net;001-880-271-9729x250;d26c7a84-d21e-63c4-0d0b-fc665bfa44d4;184.138.253.212
heather86@example.com;001-367-964-9414x781;4aa2ba4d-38dd-46c4-c8c1-edabbd441a14;54.61.188.91
meganclark@example.org;946.322.2948x51332;a3fb711a-f635-b90f-0fcb-a0d9086a37de;95.4.128.157
courtneyzamora@example.org;235-393-8040x8511;9245c789-b3f8-8895-842a-e5f9da7bf266;79.48.223.137
matthew14@example.org;001-580-998-8917x76947;7e356c79-e2df-ddc5-355d-48b343463b84;167.74.14.6
boydpaul@example.com;646.461.4372x91619;dd33ef45-3827-d599-fcbe-43e7bc299be3;214.185.171.234
ehardy@example.net;445-549-4714;9c209302-3777-f6bd-8c05-9c3a0206e1cd;174.95.11.208
robert11@example.com;+1-869-967-9029x4413;5f04c81f-326d-8312-bfc6-c87394f9e3b4;171.46.217.179
burgesssuzanne@example.com;(313)329-7661x436;4b0171c2-0231-5501-71ac-053c9dde5759;180.29.91.36
marklee@example.com;661-487-5423;3bd5529c-d60e-038c-949e-9e38660d823e;22.240.90.53
nicolecoleman@example.org;+1-545-283-1487x565;76a3a4f0-a1b0-5275-b5d8-76f1f9f42f76;114.77.186.148
phillipsjacqueline@example.net;984.950.2588;76b975cb-075b-9288-5254-e9715b962755;20.229.93.224
yvonne32@example.com;279-239-9355;3d4960a1-675b-d158-fb2f-aecc389c1a08;207.242.192.218
patriciabrewer@example.com;+1-989-767-6014x60915;aac37d2a-8eff-8a96-6647-098fb089bd29;140.23.32.22
mark80@example.com;566.821.6295;c6b7c83c-a555-10fd-f375-e9f7f52ea1a2;56.77.155.86
stacywright@example.com;220-820-3273x36034;21a7ca3d-2454-d11d-9a1b-cf0bf031c9b3;215.207.203.85
colemanjames@example.com;001-715-968-6920x9407;75b7e32b-3521-767d-df02-64c475142600;158.72.179.16
ydavis@example.net;923-260-6657;95c7ebb9-e4d5-bcf1-38ed-7d173506ac32;68.188.238.18
rodneyfaulkner@example.org;+1-612-860-2794;eb5c2dac-ec12-acd0-9299-649ae96bb0be;217.172.161.90
iwallace@example.com;9044956800;129c345b-1ad1-eb2f-1747-80acfe50743f;178.167.164.128
jherrera@example.org;001-843-507-0285;6e50d60d-5e1f-f940-bc7a-0f6d64e9be13;216.201.234.126
kyle14@example.com;(839)907-0335;7132352a-33f9-d890-42ce-487dd72ef52e;40.100.146.251
carl05@example.com;+1-872-306-8439x692;374d396d-239d-07a7-864a-28161f36f9d3;140.174.85.121
kathleendickson@example.net;(947)838-7132;ce22be9b-e7b3-b304-98b7-1aa902f773e7;162.243.64.144
rodriguezrobin@example.com;+1-268-712-7160;7feb9a97-1299-b5d2-8aa3-fa0a55f612bc;19.106.232.183
lloydmichael@example.net;7326191279;4af4f01b-4bca-9030-4a85-948a75acbfa1;211.133.88.213
beasleyjohn@example.com;816.302.0159x2716;9e8b6e47-0145-cd78-0c53-b68287101564;200.57.102.8
randallcarol@example.com;(628)492-2786x41934;c71bcfb5-a035-a134-0635-646e36cfb9b8;126.220.66.112
brittney40@example.org;970.682.4762;9511ebcd-c3cf-d0d3-4e1c-0b1e778ac64a;217.31.22.24
akirby@example.org;+1-424-603-2645;a98900d0-d220-92f2-005a-1ed16494ebc7;154.93.166.11
clarkbenjamin@example.org;001-476-391-2881x3275;c11716c3-dbb6-43c5-9d2b-627c44a72481;176.214.52.125
michaelwilliams@example.net;001-474-807-5362x40000;d0c755a3-38d1-bb11-4392-2eec96092671;184.39.53.50
lpope@example.org;488.274.5662x94920;27f78b94-ca54-0a86-66ad-ff5b6e72c063;157.55.205.76
rdean@example.net;523-245-6528x473;6544022d-1357-a12b-67f0-6394142260c0;130.177.211.111
vowens@example.org;(301)472-7549;14dcc5dc-efad-d7e3-b5f2-4595f92a54af;187.37.69.19
anthonycastillo@example.com;962-598-0367;b0aaf321-65d1-0b7a-6bdd-2f706cb1b962;147.163.138.235
dwashington@example.net;+1-975-932-6976;20e2cb02-5df1-0373-1509-01ff017815af;193.195.175.10
jeffreyhunt@example.com;535-341-5438x84763;27be43ea-a1f9-f58d-a3c4-84bd6a02155c;79.202.188.153
ymartin@example.org;496.822.1962x97808;0c5b92f4-001c-1a98-9f8b-038076ef396b;98.168.11.140
crystal25@example.org;(216)818-3710;437dae04-9f25-b48f-d06c-4c03f43756d4;150.249.44.249
michaelmcdonald@example.com;429.709.9812x4056;4b1f87a7-164d-0259-cf0d-04fccf3fcb83;197.7.162.235
barbara70@example.com;(776)516-6637;b93d62de-4e8e-b532-90f4-046e741f7964;51.211.166.165
angel16@example.com;6124331877;8e7d6231-cd47-8eca-3caf-a70bbea27c9b;172.147.76.180
mooreamber@example.com;888-583-1759;d68d5f5b-6bb2-b46b-2e50-5731ddd79f31;161.213.235.1
qmiranda@example.net;(455)625-2439;dc709e87-da6b-c0ea-9549-cb81c6e3dbe4;144.139.158.252
beth62@example.org;776.916.4454x15825;a73688b9-548a-f5a1-0ad7-8cb95398e46f;136.97.18.40
petersmith@example.org;385-840-3961;788a8e72-b0cc-768b-3f98-9510397ebcfe;99.201.79.182
bblackburn@example.com;878.514.4047x95823;9b41e9c3-e9da-8bab-8bf6-4836a761cd84;42.93.252.120
qallen@example.com;214.313.3384x32444;4a7a9da9-36d7-53d0-c727-86cfc5d38bc8;95.69.0.247
gary47@example.net;+1-720-791-8619x902;a0c49f6c-3356-97a4-7972-32b4b9bce53c;90.124.154.16
sanchezcristian@example.net;339-200-0066;20d553be-8a17-1b9b-0cc7-c3291b0f8c75;195.228.30.254
colewells@example.net;001-405-681-6552x56663;4e38ed58-8f8e-f1a5-57e9-dc8f78f9170b;184.91.192.158
christinepugh@example.com;001-932-584-1870x652;a553c520-6269-dd95-ef31-1fac94fe750e;120.71.163.137
snyderevelyn@example.org;658-689-2141x619;6278abe8-b271-22f9-9fa9-ea9a84dffd00;219.16.57.42
kgreene@example.com;553.882.8996x4057;4ac95453-6f05-bcbd-f6ba-66759bbe1d2d;157.4.160.204
pnorris@example.com;(428)222-1171x2610;06ce06fe-b506-d84d-218b-7a97b9af9973;34.252.199.192
gsmith@example.org;+1-441-402-4489;c6095058-100a-0699-8e6a-ddb9d85a3569;15.135.28.66
matthewchristensen@example.com;+1-815-355-9410x9291;33e191f7-0621-82df-8dab-0c8d5963dcef;213.186.69.172
paul13@example.org;952-881-1212;600b0d1d-40a8-d1d3-1e0a-03a95c44276e;180.118.99.171
lloydchristopher@example.net;(671)993-8929;790bac3a-1b16-e6c6-38a9-7d7e4ccbe323;23.35.58.199
clarkethomas@example.net;(562)989-6924x780;efdf0e4b-8fef-720c-e92f-6668ef1b40c7;182.37.15.36
calhouncharles@example.org;835-392-2571;e6cfeb84-e485-db04-a70d-02dec3cf6b61;70.39.166.104
hernandezjason@example.net;+1-584-913-9753x52383;ca4d41cb-fcc2-40c7-7f91-3978f55722a2;222.187.13.116
theresa48@example.com;825-886-8167x45068;fe20b7e8-d377-f902-3bd3-c4f83cd02413;178.227.206.156
angelaballard@example.net;+1-929-973-6154x05115;36548757-2c2b-12d0-04ef-2931bfbd4eff;37.216.207.238
derekbrooks@example.org;+1-755-965-7770x0184;2c2c7bf9-32b2-9473-652b-d294ba2ecf49;24.108.92.150
ashleysmith@example.com;217.463.2327x480;d2c0ed08-4fc3-4d33-25dd-3e438ad0cb6d;219.2.202.26
davislinda@example.com;001-847-785-5271x25749;e30ee497-67c5-b14a-458c-260d5435604d;53.13.184.120
spalmer@example.net;5168336080;54f9e592-fe6f-23f7-e2e8-5d554858e058;131.132.73.124
connienash@example.org;998-484-4656x571;17203b94-4544-58cf-d327-63d2217176cd;176.194.231.197
bjones@example.org;+1-424-775-2455x7146;1de4ccef-a270-4c3d-3d0b-04688d791173;165.224.94.6
gouldemily@example.com;368.782.9326x12913;6bd41d94-44ef-5117-3645-80300ecadeea;20.250.211.58
hernandezelizabeth@example.org;936.511.5070;938ecbd7-5325-06cd-9b1d-850de12d6598;146.174.44.123
lopezshane@example.com;634.546.6432x101;a3c976c1-3a76-3bf6-3939-1a688a8963f6;132.14.193.167
timothyjones@example.org;623.704.8444;80819378-8f93-8ef2-e34c-35406b5c8e58;29.232.65.90
wburns@example.net;(789)233-4627x1176;7884b019-b8e5-0fa2-096d-fe8b49fb2c5a;186.185.49.91
perkinssarah@example.com;001-220-934-5946;d940fa8e-bd85-eb62-e3b6-9c1340123f34;211.25.136.57
gabriellamacias@example.org;+1-277-381-4213;241e1b8b-0cd0-7fa9-109d-87f35c82e353;219.249.178.88
marcusjackson@example.com;5319796705;26130f16-5927-8fad-f966-08208cd78b36;113.9.105.14
wurachel@example.com;732-557-0777;b559b30f-0b60-1c4b-f293-7bf29754144d;170.179.106.236
martindaniel@example.com;+1-552-520-8860x56484;d42968c9-cf9a-85b0-e36d-594057d48028;47.23.80.43
daniellecline@example.org;467-205-5306x008;481b2db2-e394-1c21-414b-284e1c52ee46;205.253.247.177
bethany73@example.org;526.423.6739x9870;616f1731-9ed9-c7bc-ee21-ce95dcd5e25f;198.188.1.114
jordanchristopher@example.org;669-757-3198;f1fbf9ea-de1b-757e-0604-d669600bb129;220.171.144.248
newtonamanda@example.net;(430)523-1205x06380;104b2cde-fc5a-cecd-901f-a9bf3665106b;11.234.107.103
lorettatucker@example.org;+1-738-420-3912x30217;2cc8fdb8-6d25-c5e3-5e7e-decc8d5107e8;216.56.246.71
chad97@example.com;434-267-1072x78182;6d2369da-6ffa-a1e8-d942-717c4ed88489;93.249.156.239
jonathan39@example.net;3632988358;acc01eef-7bb0-6067-3734-c10a2b6b5481;131.252.163.85
lisa75@example.com;211-501-8845;b6368627-1a72-6771-407f-407b6329f719;202.187.140.91
mariajones@example.net;+1-535-803-3292x772;d69a941a-bd98-8ff9-c5d2-544f022e7c78;153.108.115.10
qvalenzuela@example.com;223-427-7153x5080;b079ab50-68c5-add0-8122-53c917d028fa;23.75.1.153
qarnold@example.org;2373952793;fc6dd5c7-3ea6-dc21-6b02-b3d74cf69b19;193.3.239.162
harrisaudrey@example.net;+1-911-446-9625x886;c30a8ec9-1618-109a-f667-223df8bcf27f;109.193.69.155
anne73@example.org;001-852-272-7974x8049;5c827526-42d6-6322-bc4a-02de6b25f81c;106.86.225.0
lukeyoung@example.org;486-390-7298x90227;e111b41c-faac-e809-be20-fb38f5d2c7e5;118.5.249.30
brownevan@example.net;001-555-488-7294x068;3ee292b9-9402-d65e-0775-17a6673f1d87;4.95.39.86
krivers@example.net;(702)694-0395x0294;9cbbfa20-2acc-6860-77c8-3e1181818a73;198.250.135.248
wwyatt@example.com;+1-588-904-1601;b9a320c0-ec32-5fa7-a0aa-8c156567fdf6;129.49.111.229
vanessahall@example.com;670-733-4499x508;9df487e5-b3fe-2f78-f1c0-31a5c492d9e4;201.147.211.234
kimberly30@example.org;628-697-2731x2584;f0b40874-3367-c207-618c-309405adfdf5;164.24.204.212
shannon99@example.net;868-939-1742x199;642b0682-0d9d-dbfd-326f-2cb3b7390255;207.122.207.96
xoneill@example.org;(423)509-1570x377;c6c25d85-c2b9-603c-6e1b-041b1449a2fa;218.167.190.255
annastanton@example.net;+1-382-536-2014x71335;198db2a8-0186-7396-a4d8-c3d4d154101e;28.111.191.143
davidcox@example.com;4459827409;ca8861d5-7018-cba0-f410-0798a7a509d6;218.23.20.167
stevensonbruce@example.org;486.830.4286x71326;34d01ca4-860e-546f-bbfe-79b3e6462374;163.227.33.190
mathewsrebecca@example.com;(670)395-8745;0a25740c-fe59-13d3-9007-cbbc0177b349;19.252.201.232
bpowell@example.com;2028273618;53fa7153-ede5-8981-7641-a5a2ef664934;15.164.16.65
elizabethlevine@example.org;625.590.5470;f0622f7e-48f2-6c22-467a-8a174f8c5c29;213.131.41.124
btyler@example.org;(798)386-7179x22745;3f39d65e-53e4-9282-22b5-55d6ea2ffbe8;212.81.72.167
amy78@example.org;001-972-654-0919x5323;29186fb2-08f7-70fe-fea5-8cb40d06a716;189.118.37.73
patrickking@example.org;+1-310-441-4999x3700;2cfabaa7-6f6c-a2f8-c5ff-4f0bc4357bf2;170.105.242.211
brittany98@example.net;+1-732-265-3121x997;946ce2fd-075b-52cb-7053-15258920397b;206.111.32.97
gterry@example.com;(919)485-2798x2623;c977887e-1d9c-caa6-e071-60d65f66a4d3;41.52.26.177
hunthailey@example.org;001-577-916-4370;fb73579f-d56e-e919-6fb3-7c5afc26185e;99.98.93.140
taylorrivera@example.net;001-891-717-2977x143;662abbb5-2554-4035-e73b-a7df2df1bcc0;25.63.175.244
dianalowe@example.org;(518)827-9286;8c2811a1-e499-6f83-ec0b-202977ad407d;177.116.164.252
rebecca29@example.com;345.641.1827x216;1efb109c-63bb-a25e-0a46-bceede4a2546;197.61.52.154
barbaragriffin@example.org;989-940-9394x8857;d3fbf9c9-ea54-3f26-e101-1a5ae21782de;208.178.175.95
masseydavid@example.com;446-373-0471x410;239d2c0f-3dc1-e73b-6ceb-6641d3e7656c;171.228.13.41
chavezsteven@example.com;(994)909-5306;25f7cdaf-92c5-6797-97da-3bebbdbc8083;109.61.229.77
johnsondana@example.net;681.902.9747x121;108bc2cb-06cb-f1c0-7b13-47ba8ff1b874;106.1.62.152
walkererin@example.net;5622124107;d9002d97-f083-c159-0aca-0ea4ba00392d;177.42.232.202
michael14@example.org;001-869-499-1238x506;94f09f82-9397-36a4-99c5-c7a18128d73a;5.0.198.117
rodgersjon@example.com;217.426.3792x8224;188f2cd7-98ef-4d15-7665-4a389cfb4ae7;172.233.202.43
caroline63@example.com;918-478-8833;53d4ca68-d49d-b4e1-dc5a-fa9b01445a9f;201.211.208.112
amckinney@example.net;449-827-8058x1039;05ac70b5-f74a-7b06-eaf8-35cd1941211e;192.232.40.59
vscott@example.net;(810)560-0021x08103;458d4653-5b21-4835-b00e-9a98a09e139b;108.156.225.189
benjaminlucas@example.com;6429635485;1839d3cb-a5cf-a019-32af-8c66b8e86323;13.127.129.76
keithcoleman@example.net;534-488-4740x17216;0cc32830-abe4-4113-53bb-4af69d8c9fce;201.234.172.116
jeremy22@example.com;975-635-0032;a0b0b518-05aa-5ef3-ca16-8a8b95aefbcb;142.228.245.4
woodsdaryl@example.com;+1-330-682-9765x1261;dc5bea82-3094-b3ff-ecb9-80dfcfdac316;178.242.79.251
blackvanessa@example.org;709-850-4388;175f4a06-ee94-8648-4071-6e5c207749f0;52.220.71.94
amystewart@example.net;+1-811-823-1058;58f9fb52-07f6-0780-a065-f648cfd1bbe4;201.38.128.164
daviscarlos@example.com;+1-356-344-2278x18535;5d6c9226-dcf6-05a6-9322-22bdc57a9701;215.163.105.190
matthewmckee@example.org;(931)715-0566x3828;6b32b0fb-0aac-b998-f64a-9618947588e0;216.192.162.44
bradysherri@example.org;(845)462-3636x2699;6597dac1-80a2-eab1-1ec5-d37f9ada6b6a;35.40.52.154
ashleyday@example.net;999-540-7996x0377;3967b0f0-5646-4cf8-5daf-4d345da7ecb9;215.156.121.10
nicholasjackson@example.org;669.849.0761;08ab94af-4df9-8c67-18c5-99aee2d24634;196.96.49.22
alvarezjennifer@example.net;3963978420;75948e77-0abe-0c98-b208-e6402c6daeb5;214.176.4.154
adam67@example.com;001-943-759-7715x3814;b293b00c-e476-d99d-f885-7ccfb508c13c;157.153.0.1
darrell32@example.net;5364448536;d352d4ef-0d09-1a3b-e57e-b7026468f283;204.84.17.132
coxangela@example.com;+1-782-700-0594x77706;23d2e889-8cce-2f35-850a-0e20ca5f6047;172.157.122.127
derrick84@example.org;756-500-0617x36441;ab324969-8501-026e-2c3f-e0414a45e131;74.109.229.249
kristinwilliams@example.net;+1-227-254-1311;e4292a1b-b778-3589-1266-02c8ece388d2;36.113.73.51
hboyd@example.net;375.281.2131;4303a6a3-886d-e9e6-2cf8-7ee370173b63;184.137.104.9
rrussell@example.com;+1-247-834-9585;c53d8b7d-de5a-b8c5-923b-764510a817ff;140.200.108.21
drodriguez@example.com;620-636-8692x244;618f9fef-5752-43d5-e479-eff6f211ab83;135.5.19.103
phyllis22@example.org;+1-241-951-2302x67406;e8ad8603-93be-45b4-7bdc-83e6caf8cd99;179.183.112.240
qritter@example.com;(314)878-7741x8186;dba541cd-683f-5c16-1800-d7009d8902eb;72.105.229.39
umurray@example.net;001-867-708-6923x133;059da0f1-0783-4f7b-b2d7-97296b544395;38.189.20.250
albert24@example.net;244-310-8857x750;1e4c1846-7d6c-b95c-0d8d-c41826a5e478;89.158.90.235
crawfordjacob@example.net;3964742702;cd09e0c8-ff74-b41c-2e44-2ab9096ecde5;87.127.184.187
harriskerry@example.net;311.663.7711;37bf4c47-75d5-0bd9-be37-f3ef28fc764a;138.152.54.142
patrickbruce@example.net;462.722.8340x1171;2ebe516e-8f9d-9f96-eb17-99ad41d91f26;84.103.234.109
ruth87@example.com;(745)850-3222;316c801d-8d9d-c593-f498-3c8704fa4c3d;131.146.106.103
joshualopez@example.net;540.460.9338x2737;eb6129c9-877e-2891-ecc2-bc248705d015;131.208.18.109
morrisonshaun@example.com;208-486-0737x122;6e8d49f5-b4fc-4afb-50fc-bb36a604ffbb;159.183.60.12
martinpatrick@example.net;521-947-9193x90917;99dd4beb-eafd-dab2-f254-2ee8ca3d3a83;142.98.22.244
alexmurillo@example.org;+1-930-824-2547;9d1d3bb8-7930-4704-6764-ff276ebb4c7f;162.119.7.90
georgetorres@example.com;7164846762;0fc5b045-80b0-4a34-3382-57ee4600e494;204.238.71.223
xgreen@example.org;(210)358-4937x278;d362a17a-9397-7a5a-b065-94dd7def6b97;1.169.133.29
williscassandra@example.net;461-644-2531x571;b321fb4e-4253-4a01-65ae-f1747dff836e;214.96.226.25
lauren46@example.org;+1-445-657-1167;090be0f2-ea24-493c-9dbb-2b08379d4efc;214.28.33.37
gporter@example.net;001-640-910-4750;42833b85-9080-62b5-27c5-f7dd109d5b87;15.205.248.178
andrewchristian@example.com;642.542.1686;9e6af3e9-fbb3-82d4-fb55-fa01c84fff85;137.144.40.17
zrangel@example.org;(536)729-8828;2d214a88-6d4b-0ad2-a823-1e468fe1155f;18.50.65.68
rogerszachary@example.org;+1-678-543-4652;87d0220c-0647-024a-1c27-839d92d13e22;139.132.164.216
molinachristopher@example.net;+1-924-642-4828x10406;39a51dcb-be3b-f9b0-aee4-f375dad8aa5c;189.167.95.102
anna73@example.org;001-832-414-9699x951;4026fc59-8692-2fbd-5ec5-b4b8f07306a6;48.94.161.233
hollowaytyler@example.com;855-289-7124;c3dd4831-193f-bf7b-e68c-7c9ce42a8b44;106.34.183.58
piercekatie@example.org;+1-533-306-8507;6a064e84-5d1e-5b44-0e79-cd32a62c071e;154.93.166.11
lauren42@example.net;+1-954-448-1492x8726;68f87219-74a2-e069-3e0b-02b9cb6bbf58;139.46.56.47
cmontoya@example.com;467.525.8351;80792f78-de48-2b26-0f8b-ead38c8ba961;177.128.20.119
jillwarner@example.org;(880)564-3896;25a382d6-4fd5-558b-cf4d-c92997c07ba6;50.128.146.57
andrewwelch@example.net;(204)491-9874;12a6b4e9-b473-bc28-43ca-fcc5bf21882f;200.112.253.38
hilltravis@example.com;533.956.9172x949;94883361-dce2-a7c1-6b02-f5be5a5ab9b4;118.200.121.56
nburton@example.com;+1-717-602-0625x5418;b99998fc-c2c1-c513-579c-3e4a6a8ba839;68.12.61.131
sheltonjimmy@example.net;+1-597-895-7155x854;d09d7352-7b87-da67-46a0-ff7736b114eb;87.40.191.167
kylerobinson@example.com;234-318-3847;c835751e-d01f-8421-ee9a-faba5c7580b4;117.125.121.50
pwilliams@example.org;597-827-1944;da3c4c9a-101d-3384-2dfc-1cee5f84d066;212.13.170.212
sford@example.net;001-758-686-0360x48711;8e870ec3-7709-1e36-cb2e-07303db70fca;87.19.78.148
wsmith@example.org;555-760-8130x394;c28da418-33a6-339f-6257-4f34dec85fb8;69.1.23.175
mconner@example.org;272-291-9949x46885;6d5b0a27-b4bf-6655-d24b-ff7da77604e3;69.48.241.200
heidi48@example.org;(889)312-2904;542e34e2-5b97-cacd-eab3-67159e8cd567;161.107.6.122
janetfoster@example.org;585.575.0756;80eb1b4c-29c2-79e6-82fe-65f5503b6c66;201.130.127.30
frederickkemp@example.com;001-219-446-9251x1927;ec1b576a-5ee6-9c7d-02a6-c9ea8c608411;156.191.44.126
jonarmstrong@example.net;903-600-1298x936;5f4a329d-8f67-dd59-5cf0-8852fe4e4eea;173.252.218.170
montoyajason@example.org;504.848.5167x950;3bc47232-5a1a-b683-adab-4781f8ea3300;194.101.46.248
jonesmaria@example.org;+1-890-586-5016x352;7952979d-0d66-f71d-9c01-12d96ad80663;20.220.246.192
sarahrodriguez@example.net;001-981-925-5213;65c1b06d-ac85-2689-89bc-c25067dfdb6c;5.147.16.50
edwinlewis@example.net;001-294-317-5686x280;e4292a1b-b778-3589-1266-02c8ece388d2;36.113.73.51
michelle82@example.com;593-429-5266;94afa9c5-fe81-b817-a458-6548577fa37d;82.66.225.73
marthaclements@example.net;(665)239-6764;c91d8a63-bd24-9ea3-8678-d2854959fbca;50.212.251.81
cynthiawalker@example.com;601.630.6939;bf83df3c-f1c7-b5f8-4a21-4623a8b6e21c;117.165.83.32
patriciaknight@example.net;568.531.6895;baade22b-7e2b-8de2-685a-ed18ffe40bd1;210.18.251.35
wfigueroa@example.org;510.286.9775x227;17548b5e-fed3-cca8-6223-bad400d2c229;8.217.123.244
carolthompson@example.org;001-854-407-6679x7457;da241d8b-6350-7aae-ffe2-dc8e68fdb850;166.56.178.17
mendozakristina@example.org;001-386-629-0758x9309;5cad8951-5370-560f-80e5-2d1d4bea8b94;199.215.241.90
vincentgeorge@example.org;(955)546-3923;29877ee7-8d89-8c02-81f3-27c81ff00830;205.70.0.251
tfernandez@example.com;449.366.5387x43506;c09222d4-4a9e-377f-5f59-bdfea186b4ce;149.251.120.101
weissjennifer@example.net;602-364-2911x85760;73919fac-a7bc-160b-f206-3198047f1c71;118.114.80.21
julieford@example.org;508-319-4873x800;6dd2bd49-57b2-ee24-ce16-ebb5450a5dd6;214.86.199.207
taylor25@example.org;410-404-7050x6700;d9476fad-9a71-d276-ffa6-d2e0cf3281ca;3.222.37.31
franklinmichael@example.com;+1-648-564-8901x5977;ae0eaf29-1d14-78ff-787c-73f3bf211cc1;40.110.194.85
lporter@example.org;001-662-895-8628;8690f88a-5a24-3bb2-cc80-9e899fec6aed;34.39.200.33
nmorse@example.net;597.396.9070x3111;3d416059-70c6-3e6c-a211-5b6e7d8f319f;194.186.37.30
hulljeffrey@example.org;001-433-765-2341x1958;03c3aa09-b877-1b3a-97f7-a6ad6aafe2d2;187.208.43.40
nichole41@example.com;9845170104;8fa49835-64be-9b5f-9fdd-93ee6f8aac3f;164.215.4.94
jesse39@example.org;334-836-4960x656;feec40ad-2ae9-2eb3-4db7-aae1be02536c;173.15.7.96
melindaward@example.org;(679)339-1987;43f3016e-f4f9-185c-cb88-f5aff9e6a1bc;121.33.204.202
perezkenneth@example.org;373.731.0943x844;02116e67-15a6-aba6-b756-67c3f476dc7c;44.185.83.71
lmosley@example.com;959-720-0949;3f9efa03-0b48-dfab-6430-73ab1de926b6;213.205.97.177
hhudson@example.org;3272236140;6b85026a-5bc2-2143-7c5e-6e17941ef52d;88.245.154.127
jonescolleen@example.com;575.920.2503x4534;2f7a11f4-255c-d577-b015-5232285af4c9;223.104.131.95
estradamichael@example.com;(820)883-7844x53031;e72cca8e-a39f-b8db-fd0f-76d2181a29d4;72.92.135.73
elizabeth07@example.net;+1-364-560-0993x14125;4682d402-2e06-8b56-f3ba-85e79c421934;200.197.71.18
sarah10@example.net;(307)798-8421x8310;5fb47e41-bfb5-bb30-88ca-5efdc2e925b7;126.140.168.220
smithevan@example.com;309-608-8955;b8c44249-52a9-74a6-222b-8e46d82f94e8;222.66.3.30
matthew75@example.net;(328)757-4553x6063;0037204d-bcc7-be8a-e60b-bbe8b0ed810e;86.123.147.159
robertmartin@example.org;001-219-537-1888;c290a7a0-d204-150e-0d8b-676f84ab37cc;48.12.132.189
anelson@example.org;287.606.1073x9271;a048b6f8-7913-4911-69e5-98adbca1ee62;198.55.62.7
smithjennifer@example.net;694-770-2044x937;6ed4be9a-0a5d-6190-e34e-e8c67bd40f17;154.140.245.143
mathisharry@example.net;810.218.3634x485;cebde273-d231-3bf0-c9ad-ca50cd82e465;208.254.138.1
christopher30@example.com;247.591.7266x28051;b060387d-f4fa-c88d-4d4d-69fbbc77d2e8;169.127.235.217
moyerashley@example.org;911.874.6654;2ab27c4a-95e3-c8f2-6a0e-e5b81744d4ea;134.227.144.218
josevaughan@example.org;(269)655-7787;6aaa50e8-b9ff-b933-de1e-089e206132c7;180.74.64.196
brittany54@example.com;001-548-319-3629x5431;b0a1e4f6-4e44-b30a-a181-b07ca15988dd;66.16.204.57
cynthiamiller@example.org;4154631311;28be9031-d4b5-5076-c470-c3f4ac6f5691;99.60.107.229
crystalpollard@example.com;(658)436-7317x68400;6f1a1b80-b65f-6184-eb21-04c6b3ed5c6e;187.73.118.7
nicolewebster@example.com;789-698-2081x3796;5bdbb458-42a5-cd7d-dc98-f073a3d818b2;196.9.169.185
raymond38@example.com;788.689.1960;5cc18ff7-e270-ce22-440d-5147e59a6adc;155.162.20.210
dmcmillan@example.net;491-820-3894x101;b6f2c7d8-dd85-f005-c3c4-42e3e1a9aef8;158.172.68.214
christine95@example.net;826-514-8383;b27870a2-6453-783a-5318-5a970b460386;32.87.168.35
briannaperez@example.com;341.948.2087x1932;c8a6eaaa-8cbc-8285-b1aa-e65bfb142f70;198.109.135.152
hpatterson@example.org;966-603-7619;35aa521b-c4f0-ea88-7a91-42b2e6911bc0;82.41.48.231
yvonneparker@example.com;+1-876-200-0577;1f7a292b-ef85-41d2-c057-06790ec6125f;183.141.45.202
kathleenwilliams@example.com;595-426-1990;fac09d76-8380-d4d0-71bb-61fa96d8b523;214.99.88.200
browninglarry@example.net;(906)939-7730;c4f6625c-a4b3-5a57-60ea-e5027e757594;152.27.26.109
qrichards@example.net;+1-668-500-7987x84755;64386cad-cea4-8925-b342-8c5fd3debae9;223.208.137.180
wilsontodd@example.com;(291)403-1583x278;c0342819-8b1d-30f9-d1d2-7ba437e9874a;40.143.87.95
carrdouglas@example.com;6289946845;80ba7a48-523c-4045-01e9-43898cbbe290;102.1.122.106
carrjared@example.com;001-219-986-8734;a74e7dfc-417e-5ae8-8249-251eecf49326;199.94.117.183
jaymiller@example.org;379.423.2674x49592;3d9c7421-6e53-aca6-6cbd-81a4b25cc5be;42.170.204.65
kelsey85@example.com;657.500.1805x68785;f69e2a72-3fb0-883d-58cc-995d2f9af152;183.178.53.60
justin87@example.com;+1-314-867-9650;d755c769-578a-179b-eb1a-d8268f0ae34a;95.69.0.247
stanleycory@example.net;784-585-4086x8873;7b98aa7b-ff5b-9feb-370c-31550f994c74;131.72.38.100
williamanderson@example.com;(404)997-5551x098;82f56697-2de0-1d67-8609-b50cbbfb5b89;220.132.29.57
xporter@example.com;361-467-4550;383036d9-b4aa-891b-028b-bb79f737e097;52.64.247.35
nryan@example.com;(786)251-8270x5582;5e985893-71c5-40d1-c114-615a927816fa;38.28.121.31
kimtran@example.net;(486)648-5597;a623854f-6bfc-dc55-0523-cf9336644bf5;49.137.202.74
williamsshawn@example.com;+1-502-371-9257;00886d85-630a-6ca2-3a1d-ae138e7757af;215.136.217.201
frodriguez@example.com;345.469.3401x5761;fac68306-a228-19c1-ac5f-eb892250eea5;203.142.201.25
bryantkim@example.org;(751)923-1752;d43f4002-be0c-554d-1b8f-941241e7c193;199.205.46.16
whitejeffrey@example.net;+1-563-621-7425;1126f9eb-6921-18f9-88c0-462410946685;1.114.100.45
ralph79@example.com;001-228-798-8305;c05af36a-65d8-0e01-4479-bdf4f7c56161;182.171.67.183
salasedward@example.org;+1-718-730-9857x2505;1e63e00c-7623-5534-19dc-95c39b7e8995;40.20.5.52
john70@example.com;001-607-781-9699;215e3fec-ffda-df0d-272b-9ad4567d119a;172.244.204.137
william66@example.com;+1-568-734-3119;f04a32cc-a25d-7fb4-7d35-87d4654862d4;199.18.66.131
browncharles@example.org;+1-827-843-3633;725dd8a0-ef02-5884-4b4d-14ff42be1040;220.244.82.85
andrea77@example.net;(974)982-4767x644;7a10ee4f-971d-2cb2-c832-a5dfe2f500ea;168.110.72.61
stacy02@example.com;(561)337-7062x6034;0fd4f5d0-8bd9-cefd-4379-290a43191696;20.198.80.95
michael39@example.com;462-570-8801x682;4dd13346-b716-6530-ae75-06ef6a9cbb09;210.150.115.30
gmcclain@example.org;737.834.6303x487;b060387d-f4fa-c88d-4d4d-69fbbc77d2e8;202.177.138.254
john02@example.net;+1-997-526-0783x33096;86b5b344-0f5e-205b-6e39-f9140895aac3;23.37.97.186
jfletcher@example.com;632.763.3954x48294;b2292e8b-1de6-33f1-77e5-ba75809266f9;208.28.72.132
nlevy@example.org;826-514-8383;6868ddc7-20cf-41cf-63a1-9f214d91d470;32.87.168.35
zamoravalerie@example.org;772.945.5843x4181;d38bc0c4-45c6-a9de-40b4-d2d711afa2c3;53.185.93.108
crystal16@example.net;(992)301-9230;cc3d3dcd-0700-fef7-1fdc-71ad4b872419;66.190.125.28
larryryan@example.com;+1-644-704-6458x5260;eb54b970-e558-71d6-ad65-869d96907984;22.98.11.19
riosvanessa@example.org;(230)433-0981x704;63a2e519-8aa7-a7cd-6175-7c4f43089244;77.27.79.97
deannagraves@example.net;(335)264-0072;feef3515-282e-e4e4-7bc1-b6321f590ec1;136.181.99.51
jerry63@example.com;429.421.2968x586;ce4c90da-a1a1-1835-7661-96aa1d14c570;107.162.53.116
ramirezmelvin@example.com;632.965.7949;7eb5d687-0b0e-dbe3-3060-5c1b0cbdebe1;190.253.71.149
barberkyle@example.org;001-801-932-0757x940;33300530-3a4f-486e-979a-031ad1740649;80.154.215.98
brittanybrown@example.com;783.266.7477x3496;b3931e4c-ff24-494b-cc0e-99aa55f92133;159.219.30.70
brandonlee@example.net;7995136005;e6c5a16a-074c-4f6a-8b8d-b78fd83b7871;138.179.237.198
nicole01@example.com;8977082751;5ad5d7dc-4a30-838d-de6c-4b507aa9b003;187.55.208.241
lorettahale@example.org;754-366-4958;075fbc9e-837d-efb9-11e0-cf0e4f46aa17;207.144.6.106
david75@example.com;638-239-9865x29923;fb5f6598-ffb8-d4da-cd22-eb4a7e3aca3a;199.165.17.220
megan78@example.com;(431)708-2245x0858;1076d468-138b-62b2-1e2a-6e65017d46bd;212.70.104.114
johnsonstephanie@example.org;865.398.6302x548;33c45736-3a60-31e4-92c7-dc3896e10a5f;123.4.158.222
torreskevin@example.net;(239)553-4788;8ab2275d-9c7c-319f-220b-68b9cd54b36c;31.192.135.151
frobinson@example.net;(794)666-6165;790fd94f-5c02-8168-c6d9-fb2f515dcb4f;172.197.34.100
nicolearnold@example.net;533.267.4905x13358;158f3642-dfd2-8ee4-c16d-284fbe22baad;172.194.234.160
haleyshah@example.org;223.737.8720x82452;f990d386-c9e5-03ed-00ee-8610db2f6e37;194.64.143.104
jonesjoseph@example.com;240-543-9377x906;7154db00-065d-c94d-d15e-0a8180945ece;58.51.12.133
dawnmorris@example.org;255-704-2828x3236;41542f1e-c762-64ba-d4e7-c7780c431cad;154.123.17.252
charles85@example.org;001-331-383-4755;a264d79a-4a5a-431e-3f3f-0514b1d05f46;221.61.128.161
vnelson@example.com;9173506878;ae2947e3-477a-ed52-3a06-73b21c9a387e;144.177.215.244
todd84@example.org;001-451-314-9810x29224;0877abab-598f-62c4-6977-0b418f940152;46.95.110.105
umartinez@example.net;(202)706-7725;abb8c713-f0bc-83af-4095-e8b419891720;133.115.159.56
rachel48@example.net;568.531.6895;ed534815-0e73-55db-ff3c-10e3e8224f92;210.18.251.35
lori60@example.net;(779)548-7979;abe4187c-c6af-9cc0-c48c-9e9d2a8c3abc;166.23.18.174
robert04@example.org;995-263-2354;feccff34-2cf7-be3e-9507-a877b88e616c;78.21.168.215
kimjudy@example.net;+1-875-236-6450x4799;148a4491-fddd-aea1-15f0-b64bd91aed69;129.178.176.62
mathewgreen@example.net;381.925.4570x390;83ebffb6-4a9a-00c4-287a-29feae875af0;195.124.225.142
marshallnicole@example.org;632-818-7783;2ea67950-cf7d-9e86-12c0-5b919b0b09c8;222.215.37.203
gary47@example.net;001-918-988-5755x400;a0c49f6c-3356-97a4-7972-32b4b9bce53c;90.124.154.16
davidreyes@example.net;(978)303-5008x8519;7b71381d-8c71-3d81-6149-586fa21a0a42;205.168.163.133
jason09@example.com;001-854-436-5669;59aa56db-2b82-9b0f-e513-bddad0826bed;149.192.135.48
brandiwilliams@example.com;001-302-591-0474x612;7fb68327-6db4-da65-5d82-604e9b6cab26;218.141.50.212
agarcia@example.org;+1-674-872-8277x513;5148d716-f939-d469-ad9d-f922999d1438;16.147.122.124
gsantiago@example.com;+1-532-344-0158;43bdb5e2-55d1-1f77-e1d3-b0e5298bf572;214.45.94.181
browntonya@example.com;784.596.2716x88464;77ffb3a8-e340-0cc0-b29b-05df4c5f4bb3;208.121.76.84
krodriguez@example.org;001-803-830-4305;71886fd6-5785-540a-22a6-1d81a80abf51;157.4.160.204
watkinskimberly@example.net;657-760-9078;4e055f98-0158-1266-7f1f-65479460450d;197.164.27.0
bwolfe@example.net;2632742418;6511cc1b-f2de-2753-6326-9fe1188fbdd1;218.189.148.120
stephanie62@example.net;(991)588-4174x216;d4240c03-f670-d74d-ad4a-399de2197fb4;189.162.0.16
jamie32@example.net;(364)528-4400;2ca06695-94c6-fbec-73f1-db23b5d0a020;117.222.88.203
jamie96@example.net;432-521-7915x64769;7bfd5694-2b7f-3e92-25df-3a9c6426f00a;166.24.204.106
laurenvelez@example.com;(445)584-1299x7690;c1f65b5f-86e6-81c5-339d-684a92782936;178.163.207.50
maciasjohn@example.org;(264)967-0638x1816;a6cad642-f4e6-49de-bc07-074613c9dc70;192.72.249.78
qadkins@example.net;2069991663;5ffe6911-807d-0b6d-bbde-b3880de9d4ce;133.63.189.58
lindagonzales@example.org;241-672-7435;89f02c4f-984c-28aa-8d57-2dad0fa189de;143.18.73.202
hannahhood@example.net;+1-793-312-6833x26898;eee9cd58-586b-667a-86a1-464f1c71008b;8.68.251.132
michellebrown@example.org;001-388-850-0324x36564;cd66b909-192c-347e-3c21-ee6aca0d838e;218.72.65.208
donald39@example.com;(779)467-8510;e71796f2-5c51-1e18-9b30-a965e46b2ddf;168.84.86.188
katherinegreer@example.org;001-932-584-1870x652;c8953151-9ec3-4947-7285-6b300ec4e335;115.44.220.33
joshua11@example.org;735-941-7073x3095;42bd1209-575a-adea-5497-cfc9503c78b9;207.147.65.110
hartmanstephen@example.org;001-963-223-5804x10343;36371b61-cf5c-caf0-0140-e3b8be982b09;199.248.218.132
zpeters@example.org;2788994075;4486e72b-95eb-3654-f81d-cdcefb7a0284;150.209.10.232
william25@example.net;001-289-282-6923x9432;f3fafdc0-0f93-a3b8-2630-b308aa8aed5d;18.218.118.166
zraymond@example.com;261.509.1697;3a6b1750-68ba-b8f0-74b8-a035dad7ebe9;172.120.178.7
mcooper@example.net;260-647-1248x80321;64450d7a-2666-6b03-6d92-583d9f4e5311;203.217.121.142
vhorne@example.com;+1-422-749-3863;90632001-135f-9fb9-6d8b-0573ba41c606;73.209.86.134
jacqueline43@example.com;+1-294-740-2359x04334;723f0884-9fad-5c87-b5aa-160e763fd799;217.146.228.126
wurobert@example.net;+1-280-378-6563x2621;34114d33-3915-44a8-044c-5441cffd9774;201.117.115.119
leslieking@example.com;999-649-7103x93764;22517b01-cb6b-5ada-9871-21d72007dbe1;178.188.1.11
millerjustin@example.org;846.291.4202x1478;2b60dcd7-e0a3-322a-1ed6-27e22d0f22f8;34.189.143.185
dhicks@example.org;891-659-4730x3785;a17f895d-a735-0f2f-eb8a-4bd4a1120961;223.128.188.235
bradley96@example.com;201.905.3646x37783;885f65ea-d69c-a2eb-6329-f2f0618a5497;160.54.123.6
hinespaul@example.org;382-849-9067;be283ad9-be77-51ac-0c05-002f82e38abe;178.216.27.122
david83@example.net;(924)281-4993x1714;40b481b1-c200-ece6-3f6d-78a9a9f7f6d6;220.229.84.15
townsenddawn@example.net;732-223-2767;e7ccdd4c-19af-8d58-fb68-61ed97d3fbb8;194.236.50.199
pamelapope@example.net;+1-465-845-8517;9a6d2060-0660-e1b8-a004-c22ef31e0a3b;205.131.60.77
jeffrey55@example.net;842-674-1099;454278b0-0c00-b00c-4920-ba56430b454c;218.199.252.138
austinhayes@example.net;679-365-3615x586;f8cb83b4-d249-287d-8d81-7f6de313ec10;99.246.189.39
xanderson@example.net;953.460.8706x2695;342de543-a064-9a14-d66a-f1aa19cd3ada;131.151.114.114
gwilson@example.org;6078978901;dc1a980f-f729-ce04-30fd-c89d98c62d2c;169.92.157.154
rodriguezjeffrey@example.net;(925)253-5746x913;dcdf83b6-6b17-df8e-d4ab-731c8201a4a4;211.12.6.213
williamspamela@example.com;001-287-883-3420x64419;028a0dc1-a032-5144-784e-c4b5c1bb78bd;201.104.216.227
josephmendez@example.net;267-892-3645x1581;4ceadae0-e9ca-0844-06b9-62903cb48159;128.121.88.235
johnsonlinda@example.com;625-276-8085x440;6d140d49-b965-8b2e-69c6-dcb80cd04867;209.6.27.173
johnsonmary@example.org;(415)840-2655;71600d7c-f0d0-e053-c600-7bd26cc86a72;65.6.84.114
jesus18@example.com;+1-743-432-3763x9403;f2ddf568-aaef-6110-fbdb-0e0bce5e07a9;182.54.93.33
harttimothy@example.org;357.529.2484x8766;10aa9c73-2518-8427-f3a6-9971cf0ec019;197.13.81.243
brianbowman@example.com;228.717.5561;92020b86-7097-332b-d87c-ad739c25c427;199.192.119.200
stephanieibarra@example.com;595.821.5687x83604;6d950b34-636b-902e-e60e-66a006f72ed4;182.123.17.57
marcusjackson@example.com;001-656-481-9617x24753;5985fcc1-7fea-bad9-9ade-29543fd00beb;134.221.55.168
doris78@example.net;688-300-5177x246;998cae3e-d352-ac55-cddf-76f54c4dee50;212.235.195.80
hsanchez@example.net;964-434-0016;731c201a-d53d-e78f-fc1c-c5623677b20a;4.239.35.183
brewerthomas@example.net;426.291.8789x6048;0016eb01-642b-d664-9aa9-2a98edc5d216;153.204.240.6
lauriesmith@example.org;+1-445-427-9133;27b0e5c6-f17e-5ce3-8b7b-1b12f993d178;217.40.19.134
uschultz@example.net;5054351488;319c96c7-b7ef-454d-8aa9-e93058a3ad76;161.85.46.96
ryan31@example.com;(870)943-0845x990;78e098f6-dcf3-4a86-38cd-2e885c7c5474;206.13.235.84
lreed@example.org;344.246.1764x208;ca1eeb13-a336-6578-aa90-b098669abdb2;178.222.72.11
harrischad@example.net;818-261-8923;a3d8c6e5-4b8b-87ea-9de9-516164f075f2;214.171.120.191
fguerrero@example.org;3203113446;dee43119-123c-5911-7a9b-a146df79072b;211.45.254.128
sellersmiranda@example.com;2397892628;c186f114-ee15-29ff-59c2-6e3cffa1372e;145.175.79.168
walterobrien@example.org;208-528-2243;2cd13619-0db6-d20e-114a-923564236c25;45.128.204.163
robersonkaren@example.org;001-852-868-9504;99b5f964-fcc3-e14c-52d9-fd0f66fbb856;17.172.113.41
harrisonjessica@example.net;764.442.2917x65084;320b3eb6-9f37-2f46-6820-e9fcb2aa3f9f;8.147.225.201
jacksonjennifer@example.org;795.935.3118;1c1c394e-1e48-752b-92b2-a0ddcef2ea3e;95.93.54.147
rwiley@example.org;001-700-629-0738;2b053f25-a355-2269-3800-9f7869ad82f0;220.21.141.168
vickibean@example.net;001-759-717-6372x209;602d6d31-0bdb-a27b-c8bc-1004869101c5;41.207.132.86
watsonmichael@example.com;001-560-295-7036x96970;4b667037-ee1b-7e86-31f1-1d28c661c0ef;166.27.140.101
jonesmichael@example.org;+1-847-654-9400x5524;2b45e574-2f62-d6e0-15e6-d848a2b8d9b5;216.148.220.121
aliciamyers@example.com;5597849017;2637f393-78b2-f38f-f8bf-812182b807d7;37.131.203.209
caseyweber@example.org;767.607.9923;08601af8-0d9c-71e8-c1e5-c43616e2deb4;25.67.28.65
nicoleboyle@example.org;(371)327-8867x9266;dd300272-8405-c8e3-6023-7f787f3a7961;179.38.115.52
anthonyholmes@example.org;(859)741-1634x6191;e062a09e-0667-d35c-4756-a82bbbc655d6;221.98.111.160
yhoffman@example.net;001-214-961-6933x7176;e84ce936-414a-02de-23eb-7034d8ff78f5;67.36.196.86
flynnrobert@example.org;+1-537-976-5819x4474;062090f9-3633-1cdc-1cb3-c5298c5906d2;215.163.163.230
rodriguezisaac@example.net;(693)633-3977;db1c338c-fe6c-8596-9fc4-0c8e3f7cd46d;5.147.16.50
vickie37@example.net;520-616-1397x930;b74f0ec2-e914-4a50-ff28-96888289d4eb;212.124.28.182
gwilliams@example.org;394.445.5042x902;dad1be37-e5bf-a802-f083-eb21660b2138;216.87.50.139
maureen21@example.org;(750)510-9133;5d24a284-05d9-d27e-802d-dfa17028b7ac;4.99.144.80
ryanbauer@example.org;925.662.9560;c722bb1a-673e-07c7-750c-f28192c0dab3;129.29.69.254
lrobinson@example.com;624.829.9653x39541;074c2c55-462b-24bd-6ec5-f6fa81c8c2e4;134.197.130.22
penningtonsarah@example.org;+1-878-476-1912x20364;22f67f00-018d-9835-078c-3a1b0df563db;217.59.135.122
wobrien@example.org;6589280668;663cfa6b-6fad-13de-b471-46158d548119;121.112.13.106
burtonmatthew@example.com;455.536.0786x835;904d5177-8285-5ca7-cd8c-7094d0b76efd;80.178.57.191
angela11@example.org;4916364515;b2917063-5e9a-3476-435d-53368e6bed1d;193.200.224.134
romerorichard@example.org;+1-415-638-9383x31172;d976dbda-8f59-a16f-606d-6a933dbaffe4;189.84.157.114
duncanjessica@example.net;(633)218-6413;821e0006-fae7-6b7d-002e-6d252cbc1731;36.222.196.48
victormartinez@example.net;(906)387-7511x9317;31b52c44-3db7-ee9c-f1c7-440b12d5739e;217.248.72.105
victoria27@example.com;2884495395;93203bce-e24e-3bab-b2ab-d4c80fe5d251;212.198.179.3
brownteresa@example.org;788-278-2184x13254;9d36dc21-28f1-54d2-01b0-1a4c789c273f;203.33.171.39
cwest@example.net;001-541-948-7493x5200;e0280c61-d1f8-a167-d4a2-382ee6924281;101.196.32.199
rochajoseph@example.org;417.548.4025;61cada0e-e793-af1e-b9af-fceb3991ae34;214.89.21.223
iwebster@example.net;2765181612;7d4666aa-9db0-2200-bac3-3a6f4c3b0f39;44.217.160.197
pauljohnson@example.org;001-374-249-9612;12d129de-8e29-8541-21ca-af2225cfc080;182.93.4.140
dunnkyle@example.org;001-842-680-9376x492;5f7cad1f-0867-cb54-7555-d46e39e94cdb;96.9.2.72
nrivera@example.net;+1-837-489-8863x7196;a72875b2-35f5-b135-3b1c-498671a9dfa9;50.179.189.79
diana34@example.org;3712617525;bf1ca830-2bd7-78de-6ac3-bb02e2f439ee;168.121.73.45
jason95@example.net;828-404-2005x5562;4528b3ce-2409-b23f-95f4-deeea3ac04b6;192.19.69.112
caguilar@example.com;837-231-9199x49466;be5c6c87-752e-f750-931f-5de84005d9e1;101.183.10.240
cguerra@example.com;(223)672-0800;f2c0a958-c3c5-90f8-b6bf-1f2936e6df75;179.40.252.212
gstewart@example.com;(575)522-0963x7144;862e30ed-9add-92ee-4cf0-fbeeb40396ac;123.42.152.36
wcole@example.org;553-489-0457x6939;73296612-1977-1b92-29a2-d39754846b36;133.196.210.233
kbrown@example.org;752.557.6661;c655cc32-9e0a-fbfe-7bcf-5798fd73bbf6;203.141.138.217
cole78@example.net;001-302-817-1406x99454;0343be4e-c63f-adc9-890c-dd2fe0a8e1e4;155.23.36.100
patrick74@example.com;763-609-5394;ab3e378d-73c9-74c3-0cb2-81156c2e124b;156.20.162.106
samantha01@example.net;(722)261-7203;132e89d2-de4e-ed6c-8ffc-e4d5ce4d8b3d;145.191.43.220
stephanie62@example.net;332-594-7164x31307;cc5fe533-75fb-b86a-dba5-96ab9ff3b9ec;189.162.0.16
smithgeorge@example.net;(510)804-9856x247;2e846291-b992-78a6-48fe-fdbcec7bbd10;148.190.124.226
vsweeney@example.org;663-683-0402x7356;0ebcfbbf-837c-26aa-3a20-f0d80c4fd650;202.209.107.181
jonathan05@example.net;001-907-567-1239x2729;0d1817f4-e99b-7987-fb8a-0fc0d83a3b81;216.128.174.221
angela29@example.org;(967)461-1251;f0e125dc-767d-969a-2147-4187031ff768;7.97.163.243
njones@example.com;945.305.2586x8474;09b17686-a68a-d0d7-a51d-47e6390a02db;151.211.68.8
hfoster@example.com;920-380-8913;0cf0938a-1347-fc21-6b98-7a720dcdba0c;220.77.204.185
leesean@example.net;(644)817-3160;6dd389b3-c4ad-ac86-f002-dbdf50100aa5;191.162.187.177
tpowell@example.org;001-435-787-4609;42d559f4-e3bc-80b3-c2c7-570c593044fa;203.207.238.63
marysimon@example.org;+1-755-965-7770x0184;450aba30-55a3-2632-7390-c79e7166a451;169.64.20.195
becky83@example.com;001-958-290-3389x1792;7cce155d-5064-5b2e-9f1d-72b73a82c3aa;168.9.231.215
robin83@example.net;001-729-374-4599;e5f1942b-cbbb-c343-814c-32bc561e414a;197.119.115.184
timothy88@example.com;9366764025;37744ed5-b328-8beb-12c4-c61280924345;197.125.147.105
wanthony@example.org;(754)272-9514x406;7bc1a0f1-40ae-bc77-9aba-3d6036831ed5;213.126.240.92
jeffery92@example.net;+1-467-648-3651x223;0e29a61b-de1d-bfdc-c37b-6064cbf3c14f;128.240.199.115
ronald27@example.net;(442)663-5033x9449;37374cd5-77bc-51a1-6a16-91cdb7bd64f8;156.143.132.41
ramirezjade@example.net;001-711-297-8086x1892;9ee4c475-8ff7-5796-729b-68be2fbd49e7;148.161.120.252
herrerajohn@example.com;271.330.6404x5388;bc730704-7bc0-c5a3-7473-39dadec0d6b4;55.159.132.171
heathermcdowell@example.net;(518)359-4290x6670;23a3c429-1cec-6bc4-e797-b6280cd96a12;175.84.144.147
angelahernandez@example.com;307.460.8474;277d41d9-a2ec-6a0b-037e-1fe5976f2ab1;138.166.163.230
amanda43@example.com;409.209.1079;6914bb26-1d27-8aac-d8eb-24a462c64877;217.144.139.112
eddie12@example.org;5596424152;0ace5f41-95af-738f-b81a-b9a833d0b335;72.167.145.91
kmendoza@example.com;001-458-842-8986x5580;b1d4cf79-22ee-4ec0-fa58-45670696f415;153.189.85.23
michael20@example.org;344.337.6132x0393;42b04a2a-f27c-68c2-c8e6-b9d750b6156e;193.188.197.111
wherrera@example.com;(960)595-1281x73419;06e2e2f3-0935-0305-6c63-826d9643dd0d;163.127.31.9
hessdesiree@example.org;+1-281-867-0023x2176;a9325fab-63e8-1e20-b06b-0e7129bd1fe5;217.237.130.186
michaelsawyer@example.org;+1-931-415-8115x262;0929ede1-a77a-de7c-403f-aaadb5f0ffef;195.230.80.2
belladam@example.net;610.625.0312;27fcf048-d38a-312b-1df9-4093f762c443;18.31.85.147
mhuang@example.org;326.222.4006x11479;1b4e94e2-7b60-18cf-4bd5-fcb0e4365109;205.87.241.133
brittany39@example.org;788-424-9802x79231;d7860d1b-23be-1c85-b116-2f6e8a95f784;85.53.172.158
jason48@example.com;452-902-4827x56530;5c49d42b-5378-2b1a-6d90-e44f7db68d42;193.92.224.176
urussell@example.com;490-223-4707;ee2d12f9-0eb2-c782-33de-d41ba930225c;32.151.156.176
taracervantes@example.org;001-761-272-2730;c0b0c7be-d4c7-cadc-f2ce-a6014c28fe20;219.84.148.80
jennifersilva@example.org;497.244.8812x393;f94616cb-60de-335d-e265-7d5d730d46ae;159.46.8.151
david03@example.com;001-498-791-7747x6309;d5f9a760-eac9-16ae-3c24-7fe9aa61188f;177.154.109.141
vwalker@example.org;001-364-552-3393x589;f2dc54cc-c840-0abd-cd22-f2502480b2bf;17.121.254.233
cheyennegallegos@example.org;688-715-7734;c9f1192a-82ac-337e-614f-f6842ac5cba2;97.22.253.74
martinbonnie@example.com;(572)706-7546;c7a9f059-b8a2-b9da-9053-5f9e71ead538;152.193.53.85
jennifersilva@example.org;001-473-917-0411x3504;f94616cb-60de-335d-e265-7d5d730d46ae;159.46.8.151
anthony13@example.net;001-649-925-9442x689;c7095786-77bd-1e66-a519-befcb29735eb;132.105.178.1
dbecker@example.net;(838)564-5011x622;04f826c0-a53d-36a8-fd4f-67709b9cb470;204.111.205.130
suzannewilson@example.net;4185410295;c0e2fec4-ec85-52ae-5655-42a14e5291c4;54.164.195.11
michaelbaker@example.net;(478)482-3700x1353;fdc485ab-514d-9f9c-08e7-d010f541189f;155.91.197.18
susan28@example.com;369-661-5745x25021;f69069b5-ff6e-849f-6e46-549f8054d881;181.190.213.113
abigail92@example.net;001-651-949-8237x087;d920ccc5-4800-28b5-ddf5-24e5f444be47;222.118.246.166
jenningssarah@example.com;637-841-5303;672fca53-502e-1aad-5637-4e43a0129efc;165.89.100.90
wparks@example.com;941.341.7293x934;d7d2864f-9c11-f966-b128-6f07f79697e3;36.219.75.217
aliciabowman@example.net;(879)363-3246x75629;aab72656-e70c-b865-1479-87baf3213f6e;156.93.176.131
lisagriffin@example.com;772.945.5843x4181;3cb5c9e8-0c3a-1fcc-a257-62734b20e2f9;217.74.15.160
janet36@example.com;497-504-8894x648;4f483ee0-1895-0b59-8268-965d3e23417d;207.207.156.157
mark39@example.org;001-823-831-2949x11744;71c114d5-96e2-fe30-4ef7-803134dc8e5e;214.119.219.245
rodneyjohnson@example.net;+1-994-629-4720x573;d374ef08-b8f8-3563-0d8d-3858ab34fb4f;165.160.241.1
marie07@example.net;+1-909-223-3558;30d4aaf5-e5c9-7009-a2d0-1226fe01a792;144.255.168.128
fernandezpatrick@example.org;001-753-919-8382x949;a3ab8007-bbe7-e458-d48e-42700fb162ef;103.14.199.186
ohardy@example.net;+1-425-772-7470x85570;295b55ae-dd64-4ecd-6fd6-faae3f39ecb7;184.248.13.79
gabrielle77@example.com;2175570701;3cde3b50-005a-9fd7-fa1b-851f20a8d572;153.0.248.240
cheryl28@example.com;592-900-9718x944;5a46f4bd-35ec-a2b4-5b24-e4ccffe8f910;220.176.120.88
dgaines@example.com;533-217-7213x31190;c6491724-9a01-63be-c7e7-f016daf66169;207.57.113.201
austinhayes@example.net;+1-675-851-9855x898;98bd7ceb-ab22-cef4-1273-4d353b5f6eed;99.246.189.39
jackweaver@example.net;531-695-1271x40333;af7babb1-9332-8a42-02f9-405f12d124fa;43.62.183.67
eflores@example.net;(994)535-6532x62786;ab09dbe7-73ff-3f6a-413f-dd337b851c69;172.66.217.169
kayla80@example.net;437-522-4079x3516;8c06af93-5ff7-23ba-db6a-6360b8a35e30;8.19.176.115
susanaguilar@example.com;(560)537-7724;1d6225f2-4afd-98fc-ac1b-f7a6f8bb8b40;222.228.89.65
omoreno@example.net;881-704-2530x610;533a3253-6457-8926-c69c-3ff2ef2bd0b3;104.12.231.26
allison11@example.org;+1-263-792-4883x53529;ae709809-6193-b5db-d184-40d80a8d6751;196.219.250.56
rlewis@example.com;(430)722-7100x37043;526064a7-2284-3554-a8d7-d28c22148710;185.14.22.137
wolfkimberly@example.org;+1-449-556-8746x148;1f0eee2c-efb8-7dcb-98e6-7d7cdf6c94f2;74.251.230.159
garysmith@example.org;7576581318;46dc32b3-fb06-ab77-55fb-fee9f27a1e57;25.44.197.82
scotterika@example.org;442.914.4181x292;44fe080e-daa9-4c9e-81b4-c8f86466af88;211.52.238.127
lmarshall@example.com;252-698-4629x39665;b22c18e7-44d3-779e-f8b5-e5585bc129ee;57.115.150.60
brianharding@example.org;(442)663-5033x9449;3dd18b6d-e37b-f31f-1960-711cbcd7fcb0;211.249.254.96
barbara89@example.com;(302)778-7030x0157;853619b4-a9db-b33f-42ed-f94fe5926ae4;187.58.226.152
joseph14@example.org;+1-428-944-2224;8dd07473-931a-d3d0-9f4e-d1471a2eda89;150.60.37.152
gibbsrachel@example.net;001-231-365-2546;edbacd60-72fe-e786-280a-cfe5f2be0c94;164.199.6.36
rebeccabarnes@example.org;001-474-781-4079x89733;782cc333-f9d1-a261-7e86-0fd2ac3b55cd;189.78.8.78
misty28@example.com;(650)894-2893x914;afc34029-13ee-a780-0081-5d3ca2d2bd5b;89.200.155.244
craigmark@example.net;608-692-6276;218e3d41-54f4-5327-e348-f5b3a7b19480;71.87.130.100
garciarachel@example.net;+1-807-889-7430x793;68f672ff-9cfc-b4b3-87b6-64a7e9199a10;76.212.46.165
jmendez@example.org;(631)786-6021x69653;3816808e-06a8-39db-75a3-f3f5f3a302ba;202.203.168.191
livingstonmichelle@example.org;708-580-6136x287;6b94df7c-e4ef-e876-72c2-09cb3e7d5a60;35.96.179.61
kphillips@example.com;(838)309-4911x51062;b9b9f981-bca3-d2ed-e7ae-86eefd898903;133.85.167.150
janet91@example.org;001-211-238-8933;24dbbcfd-308e-a886-2d0f-a813dc21e055;38.245.74.203
howelltheresa@example.net;001-332-509-3310x87956;133ab928-e642-e10d-8cd6-bc1e7b0cbf60;15.221.3.217
danielharris@example.org;(330)358-1541x1509;6ef88768-0d37-9e30-7580-f7b8d7ed7429;102.95.59.136
mariahuynh@example.net;+1-770-900-0469x48716;f09587dc-86aa-e93a-6237-e14e889a875c;218.91.76.26
joneskimberly@example.org;(628)759-0528x76689;f95386e0-78d3-bdf0-6443-f80b08c84ab7;175.111.240.100
jcarter@example.net;855.268.7942x750;f1f829ff-1036-b8f4-94c2-3ac680307de9;216.96.141.210
bethanycoleman@example.org;+1-713-453-6534x04602;05711dce-2951-f14a-379f-4a7e0083f20d;146.54.124.43
anelson@example.org;9962427556;a048b6f8-7913-4911-69e5-98adbca1ee62;1.182.123.124
ehamilton@example.com;992.929.0049x3354;16a60e07-0f0b-6dfb-146e-e6ff7661769c;94.179.219.177
lorierickson@example.org;312.792.7954x6822;b477c3a1-b2ce-7f8d-ce1d-329d68d2dc77;53.113.88.32
azimmerman@example.com;(301)631-0750x1073;4c5ae989-be59-2946-e9bf-114adce1b421;203.40.19.248
amyleon@example.com;469-534-8350x45646;58587630-b568-4137-136b-028e0cb7424d;200.8.241.146
michelle98@example.org;6155616438;6c1814f8-e31c-97ab-54ff-12daeb4756a8;160.208.180.70
stevenfranklin@example.net;7005173337;bd4cf077-e4ec-0fdb-4277-82f045b3fdea;69.160.126.74
zwatson@example.org;+1-683-276-8627;e60947e3-c4a6-d0a1-7a92-b634ec3771b6;188.246.22.251
simonamy@example.org;6827306298;c5038973-b64c-0a2b-24bc-749c0377a913;128.38.253.206
paul49@example.org;7454508124;77dbb6b6-fe3e-20cc-b4ca-2999c460f848;91.68.150.179
tommymoody@example.com;2323457126;3dd92eb5-cd17-72e7-2639-e3b35beeb265;167.6.23.95
johnsonlinda@example.com;(582)731-9905x35634;6cd9dd48-6c62-3a2d-469c-874bb58edeca;53.141.61.161
freemanwendy@example.com;+1-363-763-2574;b5d97b96-c102-1bcd-09b7-bca75f3765be;133.135.144.59
reneeaguilar@example.org;001-811-211-1044x8027;5a209e21-be1b-3e70-69c7-7b6321135b9c;168.7.64.57
edgar60@example.org;+1-576-295-8811x33519;5be324e2-3587-41fb-aeb2-ac6d66a39df8;216.250.239.34
travisphillips@example.com;+1-615-729-4433x5006;5e944f53-af17-a6cf-40f5-2af08e2fce72;55.178.176.197
gordonmcneil@example.com;(351)755-7713x331;0320f2e0-b6f8-dda9-2ea1-f4dfc8b4765d;214.121.174.112
katiesantos@example.com;3849761288;8868b16b-cf96-4dd6-ad11-f9fa13f8fc57;220.85.163.198
nancygonzalez@example.com;(899)473-4611;7ea2dc85-cc09-bc55-555d-687e6787e30a;119.100.151.107
donaldrosario@example.org;3944697552;e227212a-d8aa-a171-7559-fd1f0ef6ed48;199.203.74.194
nancy03@example.com;+1-712-461-4182x702;d6a485dd-1ab1-c92a-0f52-cd5dece5a278;36.190.85.137
timothy84@example.net;(751)471-2141x5809;19c5b077-2632-1f18-122f-c3d53bfd09fc;129.115.210.153
zgriffith@example.org;681-298-5311x8887;203c36e9-6c2f-0f1c-f864-0de091e3584b;208.186.49.214
jessica22@example.net;2995356426;a9b28949-f22d-4c42-cd2b-bfd1a2865702;62.17.37.118
bellshannon@example.org;001-674-260-6631x322;7998a239-1361-c51e-4c6c-b523128220a9;134.220.148.1
sgutierrez@example.net;001-979-632-8491;818c914b-738b-235b-8631-61c9185ceea5;175.157.108.133
suttondavid@example.com;001-908-989-5690x77869;d7379b6a-2ba2-7dd5-1268-8d19625832a2;209.86.159.236
gabriela02@example.com;(747)460-1513x459;5b1c4d55-5c28-b1d2-9e2c-8091ea816da6;143.138.14.255
melissamoore@example.org;341.220.1648x306;674be01d-3f79-772a-7d64-14cef963e867;210.165.32.196
davislisa@example.net;(524)644-1454x10856;c7e7b226-18ab-f0ec-e5c7-b82e24f4c68b;116.204.228.73
hensonjanet@example.net;990-344-9822x14591;8b82b805-ef80-16c2-354f-36c8449d7f53;73.203.197.196
leonard89@example.com;+1-371-960-1926x6297;eb58ba75-6bf3-75dc-0018-c8c85ecb26b4;168.244.127.60
baileywilliam@example.net;(769)767-8843x96689;a4a4d70c-f391-b253-d20a-2f60fc11c9a8;191.134.249.248
kimberly56@example.com;379-581-1162x31729;0d839077-c7e1-a121-1a0b-12ff937bef13;134.242.226.130
anthony12@example.com;(820)883-7844x53031;e72cca8e-a39f-b8db-fd0f-76d2181a29d4;150.11.109.181
sharonphillips@example.net;+1-950-297-1607;b4cca60a-5ca8-f550-c9af-00a950bbb485;207.139.146.235
warrentimothy@example.net;9452087913;6c12b570-2b6e-087f-011e-df72bae687d6;217.8.88.170
williamtaylor@example.net;429.686.7061x29935;3aca107f-0ea1-9b00-a9aa-6c8b556907af;174.245.17.164
casey94@example.net;596-251-3544x24214;cf9d4e9e-c27f-7c65-2f06-1b418d846ad1;202.176.234.183
wintersjohnny@example.net;+1-782-521-2105;67261d87-0340-0475-f6ac-7d2917396106;57.179.50.139
kennedyralph@example.org;(290)379-7657x855;b0592ac3-85b0-e109-c091-db94f5b0064c;155.172.242.104
xwalsh@example.net;307-904-7630x1198;8419ac6e-7bb2-3a21-60de-f5af23f4ceaf;126.35.92.177
tmiller@example.net;+1-479-964-0962x56246;a525e933-7bc3-3ee3-b75b-7a22d20b817c;210.177.29.95
evanschristy@example.net;3147302160;f45bdd95-f228-3444-4fe9-b5268086caf9;97.42.144.211
michael23@example.com;702-785-4877x3772;183767ce-7263-145e-638f-5035843029e9;42.204.143.73
romeroamanda@example.com;(682)387-5425;7328887b-73fd-5fad-6988-550284c9cd18;161.68.33.19
mbautista@example.com;958.236.0105x7890;03858b46-0fbf-b9bd-8646-ea99580aba39;112.221.182.101
eblack@example.net;637-839-9438x6065;91d0b32f-4251-7b8e-12c3-f000bcbe34e3;213.99.173.227
reevesshawn@example.com;614.922.1867x1134;ce9446fa-5cf3-b383-7a5e-80f53b808d66;191.97.158.188
ecross@example.net;688.759.5600;086a0746-0a8b-506e-5436-2cddb48d60d2;118.4.104.163
lpotter@example.net;(573)842-0509x610;6ed03e4d-56c1-a7c9-ef4f-48935558a4b8;172.147.76.180
jamiehayes@example.com;(441)859-8405x194;9b2de011-6171-d498-3a6e-74fe24f45029;204.35.28.90
joshua83@example.org;597-661-2989x50358;274c73a9-3d62-58d0-57c5-508f282f0f17;197.237.121.231
jeremy98@example.org;+1-312-269-3472;165b1701-4ff5-f26f-2cd9-cbef066fd6cb;183.21.212.185
shaun86@example.net;460.661.6293x662;d81fc087-350e-fa9a-8f28-be40b112eb44;3.158.215.37
jjefferson@example.org;+1-260-631-0335x748;ea3f11ff-bb87-f62f-d4b2-17c403b720ce;75.199.72.202
wwarren@example.org;710.870.7598x739;df99bfa5-d2b7-8aeb-0be5-7c4ffad2c14e;154.23.255.180
markparker@example.com;001-972-848-7684x2167;25f8850c-a965-6780-c2bd-c9a1641df3e2;15.168.226.229
huntkevin@example.org;+1-573-598-3395x604;887b8a34-8a8f-9549-a88f-0078ffacbb62;152.216.252.233
audreybrown@example.com;+1-882-266-7365x971;570c1c79-08fc-77c2-78be-a96d5d0524ad;128.239.79.190
xbrennan@example.com;001-359-664-4605x8058;5d8da376-1552-3ac2-4060-5939e5942a0c;187.40.26.154
david98@example.org;691-506-1252;9e155841-38a3-211c-57db-6ae072b73dec;128.41.116.219
jennifer79@example.org;751-989-1183x042;37daf9d0-b318-97ce-7a69-621fcfba5b10;204.171.125.6
herrerajohn@example.com;001-720-586-1319;bc730704-7bc0-c5a3-7473-39dadec0d6b4;15.32.95.192
vfarmer@example.net;215-304-8928x11865;faa50fd5-4d60-8084-b29a-4e1620ce66f2;48.103.94.127
masonjose@example.org;234-771-7686x173;ae8b2135-9ccc-8f84-d3d3-8eb2636e9ba4;56.226.37.145
reyescrystal@example.com;+1-564-209-0045x8893;c8957030-5bc2-d004-c12d-4e04d3b1d52c;219.159.103.112
nwolfe@example.org;3052633926;4cc14b7c-6288-d2bc-d6a4-da7c67885aea;53.219.244.157
freymichael@example.org;(852)468-9807x377;443d97a5-aae7-d831-f16a-e1808ed2f086;201.211.195.7
ronaldjones@example.org;449.366.5387x43506;851093c1-c772-8b3e-8057-df51ad41385b;149.251.120.101
joshuaevans@example.org;(821)318-8790;5e2e75cb-c95b-1d5e-2975-cabe637d1f12;142.227.32.26
williamalvarez@example.net;(526)589-8528;7af8673e-0809-3521-7ae6-48c8965f571c;52.167.202.175
odiaz@example.org;513.809.6169x939;0c25f636-ffb0-7c2f-8962-a32ff508f0dd;179.45.166.236
edwinlewis@example.net;495.327.6178x669;e79fda19-d3fb-9c40-197f-9c5a8eeb6f19;52.10.185.179
dunnlindsey@example.com;757-886-3351x980;43bdb5e2-55d1-1f77-e1d3-b0e5298bf572;205.11.222.11
owenangela@example.org;282.339.8639;3987f90e-effc-d9a3-24aa-de205f783859;219.24.201.248
hernandezluis@example.net;+1-678-290-8850;628508c3-3622-7ccd-42b0-feaa2b7b73a1;199.16.108.107
haleyoconnor@example.org;(207)845-9976x03860;6a460713-5704-06fb-a73b-9c220cb787f8;180.241.128.177
rogerszachary@example.org;+1-686-699-2323;139af56c-8ebd-b657-f419-e5d3a8dea115;154.12.205.16
awhite@example.net;863.640.8192;d4e936cd-aa75-6a97-1e1e-12edc3d4abee;82.161.150.163
colemanjay@example.org;457.559.1216x662;3a420294-8bbc-1061-4311-44a149cba57f;188.248.62.113
gomezrobert@example.org;6509288431;d5b8f5f9-102e-1381-c8b4-b80c13485bc4;202.24.144.159
cliu@example.net;9577603426;82c0b5b3-2ea3-376e-9d4f-a138c52d45e5;165.219.23.21
david14@example.org;(793)765-6345x16829;1905cf8f-6e79-3138-f488-e0910edcb6ca;53.69.234.170
adelgado@example.org;9695197028;f2f7d2dd-4a0b-ab93-da4a-7474073f9585;171.101.56.144
campbellsamuel@example.org;(811)992-1431x033;fcb2ec48-0d31-d719-9ee5-46490731d0ca;66.26.42.214
xbeard@example.net;+1-528-625-2868x639;bf04eca6-4b27-1c57-91a2-268ca3450551;103.50.44.73
rreid@example.org;001-374-640-3986x8031;48c6788b-ce2a-b9b2-b231-6d13e2e56028;170.228.163.159
david26@example.com;+1-301-973-5650x680;63942c68-5e66-3f33-1ca7-867b888b207a;64.56.194.153
zacharybowman@example.net;(741)611-9582x588;1460dc36-1357-083e-6db1-0d3aaf2ea941;167.119.8.191
victoria67@example.org;001-701-562-5731x02562;8c8b3b20-ca4c-5d0e-5fa1-04d905fe1f46;203.107.238.119
russell25@example.org;459.843.6206x319;f1793c32-756e-684f-d407-b93160743988;91.52.251.224
graymichael@example.net;2845426958;71d162cf-6d0b-38bd-c46c-793213833ddc;212.20.93.206
maria64@example.org;313.343.5192x792;8335a3c3-c0b1-c016-5513-aa2e7c700f92;143.136.210.114
eflores@example.net;(994)535-6532x62786;2f6b3c58-6281-459f-2120-b42af9d1b2aa;81.145.156.216
tjackson@example.net;769.583.0497x43745;e77d0913-851d-2705-fdea-42a3a2c24b0f;54.245.10.73
emartinez@example.com;512-353-5576x5883;b0ae33a4-3312-c31b-482b-ad22c5b31880;136.47.178.227
jacksonjohn@example.net;(453)812-7467x1181;b3b5211a-a691-245f-5178-a1fb3687f5a6;34.39.200.33
stevenobrien@example.com;394-228-3260;2c10e7d6-ecac-c451-ef73-392cfdaa6ead;218.56.133.183
jacob46@example.net;+1-966-416-9707x4478;b65812d0-d776-08e3-ec09-dfaabedd02ba;156.64.74.84
kristinhernandez@example.net;324-616-7129;6eb89de5-5b30-bffe-a160-6beeb8bee2a2;40.60.6.112
danny79@example.org;(935)458-3458;e43af5df-ac7d-35b8-5679-1e8e46ff2a7a;15.220.198.23
reynoldscynthia@example.net;337-443-1196;f75f27b6-631a-d669-2774-e6c5f97832ec;210.11.244.236
dguzman@example.org;568-717-6085x31394;6728733b-e7e9-5177-de4c-875788e575c3;155.209.171.26
mooreannette@example.org;587.271.2561;8e8a44e0-1a3a-ca3f-6f0c-0e50c162ab27;209.209.109.205
ewilliams@example.net;001-412-862-6433x13211;c51e0cfc-9c03-e3e4-6d7e-d68ee7bc543a;102.228.50.108
paulvanessa@example.com;747-312-6104;397c4317-642c-95b3-edc8-aab6c19a4488;166.185.223.223
greenchristine@example.com;001-652-769-7621;1d20597a-5d71-2442-9af6-4d0c7b333a2c;175.88.60.94
turnersandra@example.org;(809)819-3405;a55bb0c5-0765-9908-17ec-69e9bb000b2e;187.208.110.11
parkpeter@example.org;658-845-4130;053822da-cf18-0747-d28d-650cebb0f9a2;74.69.12.144
ycruz@example.net;407-350-3589x933;6c1408b8-9300-6ab1-26ca-7a8d96e207cb;62.226.179.53
howardamanda@example.com;407.629.3682x5110;a3082f43-4ed1-536a-073b-79aeed8dd029;184.42.167.210
carlosnavarro@example.com;+1-248-222-7623x66642;00f1d0a6-064f-1661-a01c-955b7505188f;106.74.226.252
stanleyalicia@example.org;+1-228-602-1306;ff3059c2-755c-ab34-06e9-4784ad855fb2;193.224.216.151
amy35@example.net;(934)529-6016x27049;9c5ab1f7-476a-b41e-0237-c0706e7fed7a;43.172.77.57
erin43@example.org;3922805269;0a0dd811-1881-6f23-66a9-c9571d00e974;43.26.51.27
vjackson@example.com;+1-257-585-7000x15403;3764e12c-7f9c-f594-ea05-a1fe91ad8acd;195.31.155.193
ianderson@example.org;+1-703-237-9390x309;ef134be3-b273-edb7-82c2-3d9486a59106;130.199.92.185
igarcia@example.com;+1-761-722-4913;7641a162-b617-a081-78e6-215cd2ff7c2b;208.243.19.18
heatherjohnson@example.com;632.965.7949;600fa8d9-32a3-6d40-3345-31a411b7882a;138.246.109.45
walkerkristen@example.com;001-294-605-0779x6939;34fca326-2bd4-d028-7109-661a59859dbe;206.13.172.221
mfox@example.org;(383)626-1622;7c4a0938-3ae0-3c6a-b101-c8cddaac72c9;191.89.148.78
dgamble@example.org;(272)514-0587x021;0501ef23-a79f-e465-d8ae-e1cf28032d74;218.230.188.36
gregorygibson@example.net;291.519.7322x37599;33c091b4-a688-4d42-3bb9-dcef7e1361b1;124.35.240.218
jennifer69@example.net;8617392209;f4c80c75-e79a-7441-7703-adae9db34bc6;56.220.166.22
mlee@example.net;706-809-9257;777e8653-08d1-c903-b2e9-b3c050313f0c;189.186.106.17
millerpatrick@example.org;+1-292-226-3440;05794adf-ff7c-96a7-0a1e-36cd206386fe;167.31.71.169
ncooper@example.com;572-849-0809x8826;48078bef-8db9-551c-0797-1417dc4f6058;136.189.157.150
carl75@example.net;001-977-917-8782x364;a6126f99-4e08-fb7e-7b2c-173cb6fea0d0;132.248.95.5
greeves@example.net;681.951.5386x12753;e8c84674-44e0-9431-003d-6c5ff0ee5f55;201.94.1.237
mary71@example.com;+1-830-379-1448x7501;63af72db-8bcc-3310-abee-d2fe93375bee;184.100.64.145
austinandre@example.net;594.222.5906;b490fb22-f0f3-f523-f82c-4ed90cc64df9;198.8.253.106
kevin11@example.net;7148735934;b5d0c058-c113-9773-8e31-df1aa8c0b177;125.207.60.89
kimberly55@example.org;461-547-7338x7561;18d3e790-72fb-3b2e-a839-09c7b7d5ee5d;199.137.157.104
suzannehamilton@example.org;827.964.5422x19567;7e5fb2af-499c-9081-d425-7a4a1aeb10ea;159.116.252.107
tammykeller@example.org;(393)450-2494x4275;ad455df1-71a0-0c74-395c-098e83c4ac65;138.154.38.221
carterjason@example.org;+1-307-330-2575x42557;fed0432b-3be7-6d06-d164-97767a6669e7;85.131.59.203
katherine39@example.net;+1-439-758-8263x44346;1dc097d0-6fdd-00d2-e1b2-d69a0255a87c;204.216.31.184
shannonlevine@example.net;267-762-1308x128;0052dae8-252e-5190-2477-be1ff19b9f2d;166.92.114.85
garnerjeffrey@example.com;(651)926-5104;a341dfb0-0c2a-61da-729b-c38ce3533ca3;62.143.130.197
samuelsutton@example.net;(776)627-2906;22806f5e-51d6-0ca9-e8a8-4922f8e9ee52;52.218.83.81
sullivansteven@example.com;(365)853-8932;5a7cc983-2f2f-51ab-985f-3edd096570b5;154.217.168.17
dylanking@example.org;4588169605;5df67f09-7112-890d-ba1d-18ebe3baee4b;165.36.233.7
andrewsmith@example.net;7307753520;3b6dd901-8641-dea6-6d7b-0e1f20a2b481;170.189.145.11
qreeves@example.net;+1-403-580-0007x91491;9f399b61-a373-f3be-b2b0-39110f29614b;15.210.117.13
hjones@example.org;001-895-526-3354x4373;0014a69b-d0b9-b54d-ad7b-8d5db77b082d;146.106.30.202
farrellthomas@example.net;405-902-0223;64ced8e8-226b-32dc-5617-d8261d52fb68;219.156.55.190
krista08@example.com;(710)962-6282;934a6154-539d-3b2d-1a5d-82818e523ed2;211.126.57.172
jackwilliams@example.net;+1-598-858-4336;ca0d1bf3-b2ac-6f48-66f3-e9f5a31f1c32;137.78.203.62
dgaines@example.com;533-217-7213x31190;9c947533-5076-e3bc-a066-ae37b41e91e1;220.138.81.155
jmunoz@example.org;+1-797-681-7510x389;e5acd3ee-29a0-18a0-ebfc-f47ddce75841;80.7.237.252
mcgeedavid@example.com;(270)990-6938x731;0c3cd6d2-b47f-4484-96fb-d3634fb7947d;141.232.69.62
psimmons@example.com;947-699-7100x24000;94e50ec9-f58b-6108-ca79-807c635a863e;129.216.137.236
taylormartha@example.org;734.515.7039;380bf5e3-718b-24b1-815e-b86554ee1165;221.89.222.159
monique87@example.net;(316)865-2902;24ea446a-c370-2768-5caf-362e2315b250;192.100.193.233
meghan82@example.org;(352)837-8444;4ac85254-41d6-052d-059c-3de9b0bc34ab;27.236.115.159
gregorynash@example.com;001-640-753-4051x7879;2cb7c4ce-15b6-2206-20e4-4c067deee556;120.75.90.182
rochoa@example.org;(392)227-4777;3ec9e1d1-a71b-8038-4cd6-c327d70e4683;126.195.68.226
christophersnyder@example.org;(481)898-2494x7482;114ba055-fdc6-0a2a-811b-0083b4a7db93;55.2.118.177
littlecaitlin@example.net;(358)783-7227x689;54e85603-e342-d031-de1e-0201493726f0;219.122.142.163
davidlewis@example.com;001-716-922-6849x64776;5241a44d-1986-866c-dbb5-797ab04fb116;206.44.46.197
heather69@example.net;692-272-8652;4ff82c0b-09da-7a1e-e1b6-b1d5b5657dfc;217.122.73.201
collinssean@example.org;347-697-0813x58555;108e90dc-69d6-69ca-ed4e-99d0a1559fbf;213.110.239.50
thomasnicholas@example.org;309-315-0566;2f2b2327-dffe-a9ea-ed1b-e4b38ba7a488;129.90.48.82
cturner@example.org;(881)239-2356;392cd29d-bceb-83c1-6c1f-095cef2efed8;182.45.227.161
rlewis@example.com;+1-872-991-5905;474596d5-932f-5f9d-872d-1467b05cb5f3;212.30.73.162
clayton01@example.org;001-672-418-8301x418;7fe3594c-f907-b26b-417d-e09cab8829bc;200.224.91.138
nguyensteven@example.org;(885)929-9902;9948b085-05b9-895b-bcf8-5ea171dd4e94;196.166.215.151
gutierrezheather@example.com;+1-537-335-3153x078;182cd714-3c5d-f5e5-3979-688f1828614b;222.56.171.235
john92@example.net;272.609.1381x7692;9ee6a110-1d7f-f37c-854c-b5f2abb23122;2.43.40.142
shawn58@example.net;207.814.9421;b52f8c96-bfcb-f118-40ac-63a7d1065536;212.224.217.19
nataliejohnson@example.net;+1-660-917-6188x62917;48361d81-cf63-8edc-d51b-0d06fcc5a7b0;199.97.128.198
jonathanfleming@example.org;001-683-821-8505x31953;39c112fa-5572-4972-0bcd-0a43a3e8b708;37.197.90.7
ann05@example.com;001-981-224-9345x4857;a134a730-8b17-b728-adb3-fd943cdef9a6;198.3.219.9
jenningsdouglas@example.com;+1-558-462-2881x807;625f5cac-b103-934e-f1df-3ccbbd4c9ba9;86.36.38.157
powens@example.net;6543659648;52788a5d-3fbc-9780-f5fc-a726034c0ca7;202.239.247.63
averytheresa@example.net;221.417.6802;e80f8fb8-8bac-c1e9-5879-d5cd47233702;97.96.7.66
yyoung@example.com;950.943.5122x5231;c390c291-3a58-2de2-6931-3699845f9901;208.130.101.49
amandamiller@example.org;(602)265-4209x5749;e40d6716-0c5c-86f0-dcd5-4663e19cf376;79.144.235.129
dominique24@example.com;+1-508-607-5418;fd50e581-59fa-0b8f-bd40-78359b9c87af;199.64.163.107
barbarajohnson@example.net;3156589832;fd52bcf2-a9ae-ef60-31e9-8ff15132ab3e;190.127.144.237
kyoung@example.net;269.467.6375x14111;31ba1871-92e4-c457-7c96-80c32858d9ad;33.253.186.180
nicoleboyd@example.com;(247)940-1009x43340;f2f2c373-0d51-96c7-dd4b-969d208eb3bc;200.202.107.198
timothy26@example.org;(625)994-4278;36644459-3971-b6de-92da-9c308bdf9af5;75.197.236.101
thomaspatricia@example.org;700.722.0324x2143;600d49ac-1d8f-ced8-70d6-c67c14ae1f22;181.159.239.83
tmartinez@example.com;546.866.5005x74722;c8edc84c-798f-a0fe-402b-8d0b1f49444a;196.161.170.97
brandon16@example.org;(206)964-4645;03330c16-994f-531c-2c23-aa9da841cd01;175.250.87.182
qritter@example.com;(314)878-7741x8186;dba541cd-683f-5c16-1800-d7009d8902eb;209.132.174.65
vharvey@example.org;955-496-8919;3b0a0744-38cc-de30-3499-00c97811ccb9;215.35.41.192
okaufman@example.com;+1-258-820-2042;71aefa27-ca89-3ef0-c970-4332883cdafa;123.50.6.116
ymiller@example.org;2549581731;4da425a9-2517-cb24-94fa-ae892ba47062;154.215.11.148
menglish@example.org;428.493.7366;b5c35867-12e3-78a3-1335-d96c5665f93b;205.97.122.212
spencerjacob@example.com;(764)263-3285x02158;16c87655-8a58-5546-57d1-ae2b69a70654;81.80.191.83
anthonywilliams@example.net;9037378802;cd458692-c78b-1071-d18d-45d8fb07178b;105.235.143.182
martinezedgar@example.net;+1-721-230-2999;eada5ff4-15a1-9d87-ce42-ee6933f1c315;223.73.5.37
elizabethlewis@example.org;444-647-3353x703;080f64d5-adac-5d6b-55fb-a67f6891131c;144.87.223.58
william48@example.com;878.803.3913;989dd49a-11d5-d3d3-dbc7-a2b60f5059d3;154.217.89.113
kristopher61@example.org;805.329.4911x93132;ba81867f-d462-ee22-c221-6142202cef77;57.86.21.85
moranfrank@example.com;001-602-919-5517x56871;7cf683e0-774a-75cb-7a45-d93b6a1eee7b;30.75.27.91
anthony74@example.org;990-649-0926x316;b6f15c39-45a2-c4ae-2ea3-2876599a9636;159.52.141.69
griffithnicole@example.org;(372)332-7287x65034;4ae99ead-7395-2405-47b4-d8373e92a523;209.240.157.38
travisanderson@example.com;710-636-6351x17190;a483443f-7c73-cc0a-9d9e-6d9aa5a1cff4;125.216.113.69
eric78@example.net;001-580-749-2537x289;3ec9e1d1-a71b-8038-4cd6-c327d70e4683;126.195.68.226
robert05@example.com;+1-473-883-0804x00141;75752130-bf0e-4b46-a56d-4be985269b08;207.7.96.56
npruitt@example.org;858.669.5324x2810;85813022-ab05-c996-6713-09d39ba07653;98.205.143.196
josephrichard@example.org;8887103670;870896df-837e-f98f-6bb6-5f4999b47385;201.34.140.167
davismelissa@example.com;001-527-626-4405x08855;51fe43f3-6bfe-0521-99ce-18212c965005;71.26.28.153
johnsoncorey@example.com;407-244-4609x392;67474ec2-c66c-62fc-dbee-6aac20029421;117.154.42.6
kathybryant@example.org;6927452984;1f91f6a7-0320-4b84-59d1-ebdf713b7620;132.39.250.213
tammy17@example.org;904.647.4765;17a40ac7-64df-8dc8-d079-efb35009873b;188.92.181.77
larrywarner@example.net;8709364401;fe3df14e-7fa4-768a-8681-ee357cc4f58b;188.7.167.186
ronalddavis@example.com;431-583-1414;a17138e5-20c1-384c-8f36-bc289dab6156;220.14.242.180
vegajoseph@example.net;492.359.0851;13948131-5ba9-7463-5b97-6e97d9815702;216.120.24.67
hlong@example.org;533.888.4922x38593;d2d00c0d-ab6e-e7c5-628f-6d0ae120a701;194.108.7.232
jennifer79@example.org;751-989-1183x042;37daf9d0-b318-97ce-7a69-621fcfba5b10;175.15.22.0
hannahbaird@example.com;(426)899-0290x06526;b44c0cda-7818-008a-ddaa-6e9397cde588;85.126.107.220
chenkristina@example.org;340-565-3882x344;6e3f1732-cd6f-9fbb-2a3d-4123ade894e7;125.81.18.103
simontara@example.com;8666847107;2d543eb4-1ef3-4a6d-fca3-71b20d69d88f;62.22.236.177
leslie00@example.com;351.201.3016;516d0760-9dcc-7a88-aff7-e753fea5bbd0;102.53.170.175
seannunez@example.org;662.966.2979x125;34ca5831-bfd2-bf2d-4e19-dc805ee30a6f;189.154.109.94
wesley34@example.com;+1-979-441-7522;eca3a305-abc4-39d0-0e83-de8a52e45c7a;213.210.127.190
bolson@example.org;+1-396-653-6095;e9e12f7d-5036-5daa-4f63-0a0f6290e12a;26.228.116.16
markwilliams@example.org;408-280-9745x89531;4f661f91-4c8d-6cd4-db39-e03528eef855;192.130.185.189
kent27@example.net;+1-831-480-2158;5335c7dc-094a-4bbc-8269-f0e2404162b8;168.195.163.123
warrentimothy@example.net;326-876-6204;7bd3ac27-2530-718d-f47b-334d3e1b6862;116.155.79.89
smullen@example.com;(255)773-7980x74676;069ce261-e619-e281-e189-bf1bf6ea29a4;17.124.143.226
ryan34@example.net;248-988-3726x785;8efa3d57-ade7-6b50-bd10-c8dac1129ee1;202.248.63.83
cynthia52@example.com;(908)827-2362;1e434cd2-1164-010b-4c2c-d369440c26a6;105.33.33.3
gcollins@example.net;535.715.9870;664af9cd-30d1-e0f2-fe30-28bea62f9a14;92.105.156.11
uconrad@example.com;369-286-9416;00b74f43-b324-c48a-fb37-9e43d784442a;211.240.136.184
josephadams@example.net;001-897-554-8406;c24e51b2-fb90-01de-2a4f-e1f793c3f338;165.68.225.204
reginarobinson@example.org;410-572-9243x40724;ed3c0dac-86f8-4207-eef2-cc6b131d0eee;125.144.219.184
hernandezbrandy@example.com;(739)620-1579x0094;caa28e19-341b-3293-5053-b883d167877d;216.169.168.26
imarquez@example.net;378-461-9273;c4850957-dc70-8af0-8ebf-09ee74eefc84;64.196.42.222
reginarobinson@example.org;410-572-9243x40724;ee42963e-9495-4895-eb9c-9312cd4ca53d;159.166.169.16
jasonortega@example.org;+1-661-841-5294x91894;91251990-0b1e-577a-ae88-2049ab900969;208.48.23.97
alyssaanthony@example.org;997.776.4228;6806dcdd-23aa-9580-897f-3153ec1b357a;171.246.111.18
mpetersen@example.net;001-514-581-1356x100;f0508169-8e1b-18bf-d0db-8cac8d427a25;143.244.29.245
jonesmichael@example.org;729-786-0189x1313;31be7be9-cde7-f052-5f15-6cbe2070889a;176.108.19.42
ygates@example.org;+1-895-493-4181x139;188d9c31-005b-7a9e-5214-9f558e5c3a80;200.147.4.72
ggreen@example.org;(564)368-5764;92f588cc-2c6a-1ca7-b892-c786b2a8d45a;35.241.204.79
wallerveronica@example.com;678.707.1145x65156;6a8ee538-2e98-ac7b-811f-664a05c3b2b9;91.150.110.129
iwallace@example.org;271-240-2470x14536;6eef196a-0c42-50ed-faf5-097ba2690b64;149.31.114.198
andersenjaime@example.net;727.697.4380;ef9f7c9d-dfd0-a941-6702-9fba181091c5;177.142.17.220
amanda91@example.com;+1-953-323-9277x24772;e516e264-c411-3670-493d-cd685f6181d2;51.118.188.141
revans@example.org;893.568.4761x63797;1495dc14-18ea-74cd-5ed3-3b2cbbad609d;143.21.251.95
denise11@example.net;679.937.7442x09196;34c68bb0-2dfe-b98c-4448-4b2869c63920;52.107.168.11
cliu@example.net;9577603426;82c0b5b3-2ea3-376e-9d4f-a138c52d45e5;150.63.44.189
jessica67@example.org;001-885-708-4583;efd7dee1-575a-5c63-e4f6-6fa5de930ecd;171.5.78.217
nicholas53@example.net;+1-644-346-7094;bcf78841-7bb2-50e2-95e2-6268449196b0;50.105.96.141
hhernandez@example.com;+1-679-289-5116x0527;60ac3287-5edb-14d5-bbed-c8863c70776e;215.112.203.235
smithkaitlyn@example.org;599.279.2339x04937;2d78f3b9-efb9-a651-7ee8-fc3c24a588d5;146.209.52.160
darrell57@example.com;734.980.1479x93381;53ada0ae-2b00-763b-62f2-a47bedaa1001;146.60.70.87
jamesramsey@example.net;(319)509-8136x055;ae8b2135-9ccc-8f84-d3d3-8eb2636e9ba4;56.226.37.145
simmonswilliam@example.org;001-646-437-3448x21722;122e8da9-69a9-399c-a736-87069e3550bc;215.66.210.190
tlewis@example.net;606.600.6918;9252c2ba-8490-aec4-a66a-ea8e2ec46abe;205.251.75.70
jamesgibson@example.com;344.712.4491x2888;6c7cb319-86ef-175d-738f-3ebc3d9e8dfd;221.151.7.151
rodriguezrobin@example.com;+1-268-712-7160;7feb9a97-1299-b5d2-8aa3-fa0a55f612bc;142.186.207.74
brian41@example.org;+1-541-847-0756x167;b9dd546a-22ae-8b57-fd9b-bb9ae3f5bf20;211.31.92.59
lcampbell@example.net;343.833.1002x754;4b4bb7b8-0b1d-8810-ee4e-f6216642d03d;181.168.18.99
dawn39@example.net;001-712-558-4576x6786;d41c463a-bd11-a667-ce83-ee4ecafdf6cb;202.154.44.201
ehardy@example.net;445-549-4714;9c209302-3777-f6bd-8c05-9c3a0206e1cd;189.83.95.6
markjohnson@example.org;501.805.3048;5ab55585-94db-1267-9610-b6dc38dfbeb2;40.99.30.183
ucollier@example.com;980-622-7656;0fa99b9b-a911-7c3a-693d-13ebe4cce3d8;194.28.181.169
staceycarroll@example.com;838.219.8386;63aa4693-48d5-596a-09f0-01be88fba449;48.165.95.249
jacksonandrew@example.org;001-896-863-5892x74029;96ea1b41-56f0-29b0-f8cc-02617a86056a;210.239.36.5
richardschneider@example.net;681-447-4216x95845;93004bfa-1146-7e4d-c137-0f1ecb2cb238;79.197.132.141
patricia24@example.com;+1-963-924-1684;3640590e-2a8e-0a03-ee1f-635a63a482a6;14.193.187.105
mary37@example.org;001-753-306-1011x4620;58f04c15-da59-0bc6-e3e4-a61deda9db81;82.157.71.46
justin11@example.org;922-533-7966;4c45f74b-2906-0195-6a25-04e110b0c0f5;37.54.6.191
patelthomas@example.com;462-877-4312;ff6dc0ef-f37a-7e26-b06c-931ff3c7e2a9;69.27.182.212
deborahhenson@example.net;401-642-3811;a7da9a89-874d-d927-e384-7891db750e8a;63.152.205.57
melissa18@example.org;(805)751-1329x61100;9107bb7d-184b-6317-bcf4-7dda19c82636;50.123.142.81
duncanjason@example.net;380-591-4026x3011;4e50416f-bb89-f89b-f595-7acbc83e9a53;166.21.198.79
ayalarachel@example.com;+1-512-653-7493x143;00cc5e3a-0430-282f-f2f3-8cb2d9a5dbf8;171.231.0.76
amanda52@example.com;001-390-621-7380x266;88b4c7c7-6111-f925-dfc6-25cc26df25fb;165.172.250.45
bjackson@example.org;+1-449-739-7704x384;3b5ef38d-3907-9d24-c881-a0a753995d25;219.26.83.70
emercado@example.net;958-649-6713;429041dc-d75f-2c26-c6d1-85f88150d33b;118.229.255.20
leekayla@example.org;001-513-917-4269;af6bfe4b-5d39-1101-fa44-8db02a0adbe3;200.226.120.19
khanpaul@example.org;786.689.4687x5253;049177d9-2c9c-3a0a-db71-f3685452775e;176.247.102.30
robert47@example.com;+1-261-679-1674;6ec0fbc5-f393-7bde-5a0f-0452c201ae6e;191.107.68.71
thomas39@example.net;(958)586-0087x54035;927302dc-1e3b-a587-0f64-84670c21d573;157.139.134.102
ofrederick@example.org;589-853-9468x088;cb824507-eff4-d0e0-52c1-fd7b06166de5;30.54.164.21
mitchelleddie@example.org;(967)511-7659x93380;94507ddb-6935-f5d3-fcc2-32f2262f0e95;196.50.239.87
joannaharrison@example.org;4072794422;acd59a94-bd86-fcfa-f3e2-87286e506349;123.96.8.156
gary17@example.com;001-577-759-1128x57925;9a23edbb-9e9d-a4b6-52e2-fc2aaeb4c85d;37.133.155.110
huertaana@example.net;+1-817-724-4399x668;f9267334-c331-3398-e260-24ffa6eeb453;208.216.88.223
ryanayers@example.org;692-349-1373x4504;6120bc89-b9a2-00b1-f3a7-2b3e382290ab;140.58.54.98
elizabeth18@example.org;593-246-9757x97141;41ce9f44-4fb8-c108-0124-9b3bb691336d;29.10.190.128
nunezerica@example.com;6982597863;8ba102d6-f02b-f0c7-e344-34b202d68760;208.129.232.188
shawnamays@example.com;696-393-5025x43070;de9e20d8-bf8c-ceed-528a-087818469824;136.40.224.80
tgarza@example.com;(264)396-9378x2675;068b49eb-14ba-ebcb-5c74-4b5883d309f5;213.128.186.28
jonesstephen@example.net;2835060739;39b8532f-0f8a-d792-81ef-e6f534114f64;156.1.163.58
pamela79@example.org;+1-541-304-8275x0826;c32f1d8d-320d-e668-ddd2-61e2f4e7dc6d;113.185.36.174
melissa48@example.net;(544)626-4786;8e13fcbc-5f58-ab5b-b913-91512ce4a1d1;141.38.27.186
marysanchez@example.org;607.869.6805;096e7bdf-8662-d927-6f78-c78cf3e887e5;188.54.113.143
candice46@example.com;920-531-2965x6898;1a438a5f-5395-5e23-1331-caca68a34ae2;55.211.195.150
anthonymorgan@example.com;395-695-4653;c494ee36-b4ab-bb77-dd73-05063e422e9b;197.122.174.175
justinparker@example.net;001-613-756-5529x70572;b1ac2bab-ddda-6d14-d3b1-18a3d90342ee;38.72.23.60
jcampbell@example.com;974-497-0445;0dadef8e-5e48-8084-8e29-e8eb7659a5c4;186.193.196.86
sydneywilliamson@example.com;436-834-6122x20301;c47e0dff-4a2e-e933-8b43-6197f0e91bf0;23.194.73.161
thunt@example.com;214-842-4328x59251;f3b77fcb-4b20-0cfe-1300-d22f3ef25715;144.148.133.72
ierickson@example.net;+1-751-248-8026x464;54b1e3cb-4991-01a2-1de6-58cee67d195e;173.220.194.10
lisamcclain@example.org;6582799483;3ce8d286-5fb9-c427-b7ff-6ce3dda15453;2.25.33.184
maryrodriguez@example.net;001-717-574-4699x9059;a082632c-2932-b261-3757-66c56be90b89;214.204.52.67
jonathan53@example.org;+1-593-977-0783x148;4eb16361-195b-a321-317c-e68843b5a7e6;207.203.66.48
tara25@example.org;+1-753-468-0599;3e4a0af1-0504-e910-7d95-e91d25cf5f6c;198.87.11.13
scottpam@example.com;(476)446-4823x86143;95538492-2c7c-4766-6591-165851627ec8;4.6.124.12
samantha64@example.net;(700)591-4302;f4e0d955-25f8-b20a-8e84-e3e074473384;50.13.155.116
blackbrandon@example.net;(766)759-5096x11442;0aae2f55-37f0-5cb9-74b9-610469aae815;55.219.225.0
lisa15@example.com;001-954-756-9395;0924b916-b57c-1191-deff-d90cbe315297;165.207.207.41
todd90@example.org;+1-569-933-3411;e155f260-3f43-b5a9-720c-3cc8859dad4f;113.25.113.149
davismichael@example.org;+1-655-628-4942x79059;3395aae3-873f-248d-c4fd-a71737160bfd;146.195.58.178
kelly49@example.com;+1-870-293-0038x234;b9f5f8b1-c3f5-a8df-dd61-53b54c907571;214.171.124.50
ehoffman@example.com;829.552.7300x25193;a7118462-d358-49ac-06aa-6e6c1efef632;159.131.5.105
loganralph@example.net;484.628.9738x127;98e6e254-b913-d5b5-690f-1d9f313076e8;124.246.215.125
afinley@example.net;001-611-540-3409x2617;971e7a7c-301b-4193-171e-e71765379783;162.57.218.18
mindyparker@example.net;001-268-358-6811;52a12161-740f-6ac7-e3c8-d768a3bef7d5;192.195.132.130
michael31@example.org;702-967-4995x4281;e62f3f79-c8e0-a820-adc2-736da7ed66a0;58.221.185.52
jennifer23@example.com;594-932-8244;a1a72fac-80a3-a407-458c-046900f9911d;101.188.227.232
zoemitchell@example.net;2882671252;0b2edf44-1ddb-b358-0ea1-6012cd4203ee;223.86.236.196
chadmontgomery@example.net;(825)211-7067;98571fb3-6125-3f3b-6701-2db6757b01cf;196.165.38.60
kimberlymontoya@example.net;001-846-243-7144;367a0c1d-71ff-2dd3-0abd-a8edec3be78a;156.148.204.121
qcurtis@example.com;5094794453;3f794814-bd87-fdc8-969a-7ac8c7ce6fb8;176.182.130.92
andersonkelly@example.org;(899)272-7087x6677;83271163-82e8-dc7a-fd76-1f0e7e783035;130.40.41.183
jramirez@example.net;958-649-6713;22517b01-cb6b-5ada-9871-21d72007dbe1;153.241.114.49
bpark@example.com;+1-475-758-3855x303;7a7e7713-a642-c772-7475-816c7f7f8cec;158.223.251.5
scott68@example.org;9568770214;f827767c-940f-ebad-812a-e134733ec373;177.104.133.92
eugene82@example.org;218.202.5125x515;a6a4175e-ba88-8d34-a8a5-37106f9883a9;180.115.169.24
qkramer@example.net;001-868-477-5534x249;3cc7052e-c292-ff89-0d35-35d58494395d;204.206.111.34
herreraangela@example.net;622.383.8765;74cf70b4-4ec8-4b38-d402-b747e39c6920;147.103.12.215
harttimothy@example.org;357.529.2484x8766;923f4b2b-e999-f718-5d30-ba5719a6cabc;115.35.162.205
gwendolynbrooks@example.com;+1-289-622-9373x296;cd95bdc9-c027-dba5-1bbc-730e47ce5e9d;7.50.198.36
erikramsey@example.com;+1-779-344-8556;24d87757-7fc8-c242-5852-e641c9039039;89.59.252.118
pwatson@example.org;557.965.8674x81007;54333d44-8f05-6055-95ac-661ccd2f546f;5.26.186.181
william96@example.net;610-458-1866;eaab5de3-77bf-6919-6c18-121287624fd6;146.142.56.12
tamarajones@example.org;(879)587-8484x977;f9dfbd14-bd2c-6659-565f-db1ad6c93b67;3.23.194.249
danielstout@example.org;001-841-782-7161;560af38c-07e9-a4ff-0f43-00a119fde023;109.169.227.143
bward@example.net;+1-636-456-0896x306;33af276a-4cbd-03c7-04e9-6ffc40b70f41;207.155.251.190
fwilson@example.net;(457)599-2692x702;84294768-ca4c-f63b-c161-86f0c78a8a62;220.140.6.113
robinsongabriel@example.org;001-374-249-9612;452c74e5-ed4e-0f20-ae77-1fa6046fe669;182.93.4.140
brian28@example.net;+1-923-485-6505x580;7dc40984-5906-3595-7a17-87617c316e00;77.130.115.223
alexa93@example.com;001-778-698-0246x6170;92b159a2-313c-029f-aa82-7fca12eb2649;136.36.6.223
rcook@example.com;+1-826-578-9767x22869;4722b1ae-1e02-b09c-fae4-a8277df10e06;21.250.24.104
pschultz@example.org;+1-319-242-4410x9013;30ce989d-a667-47f6-520d-026d970bab5c;156.142.245.127
langbrianna@example.org;923-328-6565x63308;89ddf1d6-771e-68c1-4cae-1ff0075caedd;180.126.62.106
robertsglen@example.net;+1-769-579-4990;470eacfc-25a1-ee10-d19f-6616fdc9b23f;212.57.232.192
wwyatt@example.com;243-930-4129x687;b9a320c0-ec32-5fa7-a0aa-8c156567fdf6;174.32.40.181
trevor61@example.com;680-401-5857;558216e5-4df3-bc61-2b7a-68d7ff303f34;74.114.248.224
rebecca91@example.org;779-368-5947x2093;fd106209-95a6-9e89-1adc-a463fc05ade3;96.108.241.214
jennifer18@example.org;258-688-7941x539;15507eab-aed0-c60f-e85d-327889cbbe88;209.42.131.13
johnsontracy@example.com;(715)487-6203;193d10ea-bf47-b874-2f72-073a441b9409;79.116.25.10
elizabeth92@example.com;(637)902-9453x2268;919410f2-f345-6e47-ebe7-938d85dc9e21;210.62.77.95
christina43@example.net;995.447.9597;c06870d8-b3a5-e09e-eae8-31a255159920;170.7.172.40
mckinneydavid@example.net;820-970-3570x2827;3a097772-c1b9-280c-8534-6e455bac3952;192.106.23.4
sawyerdiana@example.org;(746)637-9053x166;665439ab-7b8c-edf1-6d4b-86339ec4b2dc;199.156.71.25
jesse49@example.org;(299)845-1192x7566;541922c9-ded2-6b2d-fbe6-df014fe7d65f;193.66.135.181
xmedina@example.net;701.780.9325x8268;bd734f1d-14a3-b4a7-8108-87225b63ca2a;202.47.84.175
samuel49@example.com;001-654-274-0436;6496f580-9b8b-1726-6878-e31779790220;168.45.14.141
juliewilliams@example.org;988.238.4098x60048;ac88cd63-d641-16d4-6680-8cc23b16faad;124.221.155.151
whiterandy@example.org;(702)861-3378x854;9004eeb9-baf0-26e4-1791-1da052633cb8;142.212.60.156
kalvarado@example.org;(652)321-3007x53839;97187db9-dd59-ba67-233f-ea933276ceea;213.144.234.59
slong@example.net;+1-893-810-6044;267a0d78-a5f8-0b6b-d83a-0192175f8c62;45.184.6.225
randallcarol@example.com;(628)492-2786x41934;ac948789-e7de-a0f9-1c23-a977a1656453;207.78.16.88
jeromehall@example.net;(332)533-0494x8305;05286d7d-edb4-9683-b468-ddb7fa8044ab;221.132.185.31
annavasquez@example.org;987.710.4448;684afa62-364d-6aed-b7de-3c24a5b2af2b;112.243.77.83
kellycastillo@example.net;673.503.4073x6246;70ceb77a-f6db-86bf-55a6-dcdc7f4897aa;183.174.29.251
frederickandrade@example.com;690-501-6988x07154;d54de43a-96c9-df93-1976-ba2d0b0cf358;194.67.158.185
washingtonbrittany@example.org;566-543-0577;0d839077-c7e1-a121-1a0b-12ff937bef13;220.193.116.100
jeremyanderson@example.com;638.981.5949x5858;073dd657-352b-bbed-6538-06348d3cc25c;213.236.200.205
susanroberts@example.net;(420)361-1990x298;232d5ba4-ecbc-9199-a714-7f39ad8afbf6;24.28.166.231
oross@example.net;779.617.5572;8f2ba9a3-2292-6619-377e-f0135bd8c1d0;218.149.91.115
ylynn@example.com;365-908-7712;f803d7ea-2130-bb6b-79f3-bda3f69614c1;58.133.213.43
yvonnefisher@example.com;3712617525;d8bf53d8-861c-2892-cbf2-ca65fb213d97;66.35.106.174
sramirez@example.com;920-701-1230x10394;36a17543-12a8-f321-f60e-63be0f2ad11e;143.28.28.34
cdoyle@example.org;695.562.7496;d0f22336-608d-689e-5ed7-88172e153952;194.160.127.53
josephlee@example.com;+1-685-804-3300x72807;06c6a89c-bffa-227e-24c7-db00e3fa4b85;104.244.198.41
janet24@example.com;5809740738;e929c3b2-f7f5-18b2-5e56-8e72e5caaa7f;144.216.234.21
taylorcraig@example.org;(865)373-0782x9577;1235e95e-08a8-e06c-c9a5-7a8bd394b4a1;175.164.224.118
hannahjenkins@example.com;707.770.2865x564;424942ab-1e5b-1818-c4cd-6847a3137578;215.34.36.253
fuentesmary@example.org;001-701-998-3091x847;155f0666-af23-81ae-bffd-5345597615f0;165.244.63.40
carl05@example.com;643.592.7010x241;7aeb77e8-38b7-e34d-be55-266539204b3c;93.90.99.236
rileyrichard@example.net;953.286.0461x9820;0eec2bbf-b0a9-66ba-18f5-f451f8384675;4.213.220.150
pcruz@example.com;(413)660-3059x66471;e7e45a51-0071-acfd-90a0-a16116bb6a57;114.20.214.199
bmontgomery@example.com;(412)459-3432x992;279f04b1-5916-cc5d-3c18-2468dfa7a514;216.199.230.49
raymondhurst@example.org;001-869-785-0410x37642;87d74d1a-6a8b-a562-8764-897b980182e2;77.117.164.126
gentryadam@example.com;(381)975-4305x134;056b1471-9066-e706-27cc-827f5409648c;78.194.156.101
julie05@example.org;(390)381-4433x547;f5aa92a9-0ec3-059b-ba74-c261a581fae3;211.194.195.105
bennettdonna@example.com;(823)950-1898;577c2581-07ac-6599-67b9-54c930656d2c;172.197.34.100
zacharylewis@example.net;438-324-5940;10c5797c-3d7c-5445-ff5a-881ffaefd468;173.151.70.52
andrew68@example.net;706.883.8471x0917;11c142d8-e006-165e-3423-b48182ecd7e0;187.51.199.105
qcaldwell@example.org;(268)404-9381x557;93ceaba2-e639-677f-62a4-c089da505345;105.145.232.103
paula34@example.net;651-253-1353x2834;10163017-bd97-ff7e-4df3-fe4f02a87800;3.217.19.66
shawn79@example.net;745-782-6051x97719;64878a3f-a314-70be-cfe6-bef9a42e3c5e;174.209.213.209
zterry@example.net;001-486-754-3772x4332;79280184-2873-f1c7-8793-ab83b017531d;131.4.171.104
knewman@example.org;899-942-7938;74744a29-6391-0157-b4ae-dea7bcf9866c;32.192.91.91
smathis@example.com;400-284-6720x037;f598dd16-a825-fbfa-fb58-fc072b651d0c;30.70.250.247
ajacobs@example.org;(360)816-6396x41740;1f8b20dd-4f3a-2c54-9e15-217db51cd7f2;210.237.105.183
maria71@example.net;363.521.8020;1fade13e-0cfd-bbe7-9d24-4d3bc51926eb;200.92.169.185
stewartlarry@example.com;+1-489-256-0941x591;3d025789-5608-e647-b417-3dff26edc719;37.216.208.13
ssmith@example.net;599-951-4780;7d0e869f-f066-0f66-47b5-c91fea9ff16e;141.141.73.71
kyoung@example.net;001-415-861-4776;31ba1871-92e4-c457-7c96-80c32858d9ad;33.253.186.180
kylehowell@example.com;(924)408-0671;5edaece6-d1ac-bcce-8726-5f6b7917bf33;190.206.79.1
paulfuentes@example.org;(951)402-6106x904;26d14d41-4945-90e7-49cb-1b99a5d66fda;199.127.58.193
oconnellgloria@example.org;+1-293-646-2619x19768;e3ef5f15-9fee-b551-38b3-6f738e9705c4;207.244.56.63
tyler96@example.org;(327)960-9004x65215;1d7d45ec-0dcc-affe-e3dc-172e4401281b;205.59.26.253
patricia94@example.com;(746)856-4975;432c929a-ac1b-74a0-42ad-9b14d07e8b4d;212.80.43.254
bryantdonna@example.com;272.609.1381x7692;3f296b14-b82b-e9b9-6d81-d0872ab95041;2.43.40.142
laurenfrazier@example.net;(413)666-1010x40231;f48ef50a-095a-4336-772e-dbfc6622074e;140.5.250.173
mosleyangela@example.com;4775451409;c9c80c74-5916-fa9a-460c-301fe44360c5;197.92.206.124
thomas38@example.org;373.327.1716x9552;60b384a8-c6a5-db0d-67a1-19555c981c57;150.172.151.222
lanceromero@example.org;+1-791-244-7920x17643;134a3b68-bca4-dcb8-adf0-86986fc60401;145.31.94.134
brownjoy@example.com;914-406-0524x4490;1bdd297e-8d30-ccca-6eaa-759ef45ec336;150.54.247.77
julie01@example.org;683-786-5663x5123;627f00d4-0fdc-fcbc-97bc-bec52ca6254b;143.129.11.125
projas@example.net;001-904-461-0546x2332;d4c4d378-05f1-9618-cbe0-84c5f53ed828;73.88.122.250
mleach@example.org;626.910.5707;cc21a51e-b068-c53b-010e-b63cbdc50d3a;221.83.83.137
elizabethbishop@example.org;001-729-687-1535x217;46e4f6b9-dc7a-36a7-9e72-2cd16729f552;99.47.173.234
michaelbrown@example.com;592-586-9312;4d29583f-5690-847d-8933-635e284a0e09;210.121.58.70
bonillajacob@example.net;001-220-568-4257;d9f4c968-d0da-0cb2-e40a-63924771e68f;100.172.66.36
cherylmckay@example.org;(795)724-2572;2a75cf63-0e74-5f84-26ad-a83d06f0dc73;88.143.180.3
dhorton@example.com;815-931-2645;6de6669f-625d-4c8b-b354-bf2c5bcfce56;194.252.238.163
philipstephenson@example.net;(239)568-1876;305c2fac-fee0-146c-7be8-def5887a3a14;81.137.233.164
sullivanmark@example.com;001-977-884-9070x6724;8d1954f8-9471-d1bf-d40f-f79bd32382a5;195.91.184.62
abigailmoore@example.com;+1-323-475-5404x769;40f97714-57b5-012c-2ea2-13624d4ce01e;141.106.136.66
andrew14@example.net;001-776-520-7709x052;2c1d660e-707a-6d61-f4b8-f22a054582b0;199.187.164.176
mathewskeith@example.org;001-373-881-4120x05547;7a3e1bed-966e-2a16-1ea3-9547a37f6d68;197.179.72.236
barbaragonzalez@example.org;238-380-1938x94047;c4543d5e-9388-2085-f868-0c3b44298775;9.45.110.123
smithjennifer@example.net;976.494.8167x933;dd490809-c1a6-a4ab-0ef7-2aa3f3ceb1db;174.58.23.33
robertlopez@example.net;442.914.4181x292;2f52b192-5f07-9b92-e00e-916ee009984d;211.52.238.127
susan19@example.com;295.584.8400x4952;50cfcb7e-b5af-c437-eb91-7b604ba57b1a;24.146.47.58
matthew24@example.net;734.689.3063x3107;073c1df8-57b8-35a0-4019-3d3ff7401ad7;116.128.209.167
brendarobertson@example.com;573.817.0621;a779038b-25d0-93a1-fe09-667f87d0cf3f;146.149.167.92
jeremiah89@example.net;714-281-4711x30774;e56e2e6e-b7f9-788b-73d5-6369aab1df0c;156.48.110.220
fieldsjustin@example.com;(656)897-8592x91745;3bc462fc-4c34-5927-b934-8334a37d5ffa;128.38.181.54
yvonneparker@example.com;001-769-655-2840x17784;1f7a292b-ef85-41d2-c057-06790ec6125f;214.149.162.211
johnsonhunter@example.com;+1-867-918-3312;87cca18c-bf78-5589-7bb9-158067cdb7d9;130.243.168.243
brittanygreen@example.net;001-697-332-0168;5d30eed4-3078-82f9-ce1b-e92ecca53ffe;46.42.36.41
beckdominique@example.com;748-555-3628x45127;691bb9e0-f0e4-f816-a6c0-bbf65d2464d8;13.105.235.36
jenningsamy@example.com;837-455-5906;8c22a92d-4efa-b4e8-9671-3c14b00175cb;170.201.1.163
ghernandez@example.org;001-310-884-5709x2292;3abc0fa0-33c5-8fc7-2e4e-ef10c13bc5a8;80.215.18.229
xthomas@example.net;+1-759-384-4100x14193;f6dcb520-9e56-6200-ab55-d6e9a3d2011d;208.134.171.96
rpaul@example.org;001-400-258-0240x7593;e86edb8c-35bc-078e-145f-6c632727f663;219.153.146.172
nlee@example.net;884-689-2057x228;967e8c9c-3638-f81e-765a-a5f2414f4d38;90.42.112.29
stanley97@example.org;001-362-310-7138x678;a16020aa-3125-23bc-ef6b-8f671850d182;13.86.25.68
jennifer43@example.org;296-836-3609;405f9122-c05d-ca5f-d9d9-3f602d1ba447;169.61.163.123
hgriffith@example.net;527-236-6534x74825;df060edd-e5fb-0ee2-15f9-14bf6c43729a;56.202.184.37
cole85@example.com;001-217-538-5522x9925;08c5dcd7-2118-4143-6b71-a6b39b592640;160.141.211.241
mmckenzie@example.net;679-365-3615x586;f8cb83b4-d249-287d-8d81-7f6de313ec10;194.255.178.105
cristina93@example.net;372.398.0964x765;f1f829ff-1036-b8f4-94c2-3ac680307de9;128.126.182.246
riddlepatricia@example.org;+1-885-777-6642;d22af6cb-b63a-729f-b9b6-485b8f3a89b6;8.64.12.81
taylormary@example.net;+1-226-915-3809x6696;a419f1be-2d59-409a-bb1c-eb3952ded93e;189.180.215.48
christina49@example.net;848.733.1688x376;607b5371-b1f2-a394-d926-62310ca180f7;21.40.212.96
charles71@example.net;855-849-8379x960;97d5a77a-732d-89de-224a-c7e9052a8b83;77.45.102.212
ashleyhuynh@example.com;001-327-302-0742x802;67edd26e-bda9-cbbd-0bdb-9800298c7a22;172.206.8.82
brooke03@example.com;848.636.4237x5914;df047833-c4aa-d1a4-cbd3-0d163fbfd7cc;159.132.230.203
walkerkelli@example.com;432.432.3200x60775;dce0eb84-2393-cde3-15f5-7b22ce324ad4;183.240.209.201
kevinblair@example.org;(906)939-7730;e140fd97-7cce-c813-9d27-b88355b529a8;152.27.26.109
ericlamb@example.net;570-567-0197;3bfb2abb-ce01-02d5-231d-9d5d374028eb;166.83.119.88
tamarajones@example.org;756.583.1961x235;f9dfbd14-bd2c-6659-565f-db1ad6c93b67;178.55.248.159
princeaustin@example.org;001-600-486-7700x7741;a4a2a150-4c90-0a0e-1000-0dae48d9d031;175.70.157.107
regina90@example.org;001-528-493-5885;4cef7b40-23f3-665e-532e-0ef7ad06aae6;39.249.254.28
amandanelson@example.com;7089198896;55fbdf1d-bfe0-42e5-d447-58bff5171723;213.200.38.54
qcarr@example.net;947.445.0019;3169038f-b65e-5cce-8165-5c985f0433bc;166.120.63.83
wolfjessica@example.org;763.473.3210;ee03c4b3-c944-e7c2-6a3e-22c6b3945a8c;118.149.75.15
edwardmcguire@example.net;+1-778-431-2131x85628;5ad887aa-d7a4-1393-fc7a-310c8be8efcb;205.101.88.24
jmendez@example.org;(631)786-6021x69653;3816808e-06a8-39db-75a3-f3f5f3a302ba;202.203.168.191
jonesandrea@example.net;456.871.1771x59150;cde03b48-b3a9-7915-03a0-f44d5dc6f4a5;192.182.209.221
christopherkim@example.com;(798)386-7179x22745;3f39d65e-53e4-9282-22b5-55d6ea2ffbe8;212.81.72.167
conwayamy@example.com;774-612-5419x7970;09efe40c-adcf-6cbf-499d-a1aa619182ca;193.58.64.132
karenwilliams@example.com;556-800-3315;3c79c219-1424-0617-f3ea-919d21a5fa54;152.111.76.16
smithjoshua@example.com;867-278-9553x851;0b7bffc2-d6f3-556f-4a1a-25ec203dc911;198.193.185.99
thomas48@example.com;(475)487-3415x2639;2018d584-44bf-4376-6905-7731cb103d18;158.60.9.40
carla64@example.net;+1-450-848-4198x5796;852fbf04-773f-bcaa-5a10-79c4fbe25bec;222.190.201.37
jennifer99@example.org;279.337.1968x198;c9de30b5-ae41-8618-66d0-386f51c8867d;200.120.207.246
cory50@example.org;001-626-463-6525;3c172e45-fad4-4113-ad80-c3128f8c99f6;218.16.200.203
sherirodriguez@example.com;(483)724-3996x511;13036a52-aa7a-c71e-0cc9-e589a44fd21f;17.176.8.234
megan91@example.com;+1-940-965-8487;020e33dd-ed2e-eccf-cf17-611e5897196d;136.157.101.150
sandraelliott@example.org;222-744-1005;e2352577-1416-bea0-725f-4a249e5644f1;221.190.149.217
xcole@example.net;529.364.4517;d1700d83-061e-890f-4147-3f6d681618a4;219.160.74.30
timothywallace@example.com;7038282134;286f0f1d-d7a5-00c8-8af9-c5b0706cddc1;73.178.227.63
whitneywinters@example.com;710-231-4921x881;49ebad31-c89b-c9b3-55a9-88aada03820f;211.205.33.255
dtaylor@example.org;757.579.0890;2ebe516e-8f9d-9f96-eb17-99ad41d91f26;30.10.141.181
youngpatrick@example.net;789.948.6262;af7f55f8-07a7-b09d-b383-f85c365fcb37;37.248.252.232
leesean@example.net;(644)817-3160;ed5a734f-2c42-49b5-073a-de09e14093d9;191.162.187.177
teaton@example.com;+1-972-718-2926;baa019fc-1518-b273-7ffc-908f69e1b2d0;183.29.44.199
kathrynellison@example.net;950.961.9419;b2a3d726-3c54-3e52-b4f8-d151e51a4972;72.71.92.231
bhooper@example.com;(735)448-6980x0415;3df5527a-d14d-03a3-6808-76be31f5af2d;161.110.140.43
clintonharris@example.com;001-404-307-9243;4a789047-b613-34cc-9430-776c6dd0c6ab;198.243.106.164
edwardmcguire@example.net;+1-778-431-2131x85628;45eacb29-5b7e-499c-8dd6-b429f3bc7ecf;194.189.47.119
michele48@example.com;001-285-913-8191x5306;aa348f7f-36d0-e703-f6ee-523fadfffe10;158.175.209.102
sstrickland@example.net;8756379268;0c2a8698-41de-1937-5e5b-cffe60ae55c3;22.255.69.214
millersusan@example.com;001-358-402-3958x34132;bacdafe0-faab-35f3-db13-d5b01a0f7816;153.245.171.178
parkerjared@example.net;+1-803-545-4262x0003;e78ea771-4081-e26e-ffdd-d4d57531e2be;207.7.126.201
tmoore@example.net;584-651-6405x8382;f9472a50-0421-92f9-f927-55a9a8771aaa;134.26.41.235
anthony44@example.org;310-326-7087;c38360be-800f-e4a6-7015-3466afe03803;211.170.67.62
reginarice@example.com;729-307-1888;e4610a9e-e61b-56c9-92c9-e37f10e30b89;203.166.208.69
daniel40@example.net;640.477.6163;36c9e735-572b-b90b-988f-edfbce34b3f9;161.78.17.217
barbermitchell@example.org;+1-613-371-0777x20984;9b2749e8-7f07-eccc-a5fd-70fe4c8570a1;217.156.24.4
xortiz@example.com;+1-820-276-9402;e738450c-aabf-5af5-2aa0-d0ea51054208;223.212.186.142
emilylarson@example.org;(505)907-7624x3805;2de3da32-d371-67dc-e929-d25cb5fdabf6;175.42.148.0
thomas36@example.com;(424)561-8021;b8104e12-8c04-c85c-d589-842e270085b7;163.1.141.32
swatson@example.org;001-996-671-4662x8295;32829edc-f3a9-e5e0-940d-b1991a927acc;112.43.215.11
matthew32@example.org;001-210-241-2653x155;0f190c86-d9a8-74bf-c34b-86b43dc63e52;222.39.104.208
michaelwelch@example.org;(768)940-0055x707;0b876652-06ba-331f-734e-fabdd1cf1292;190.52.133.170
thomasrichard@example.com;001-995-348-1228x8608;ca655b1d-4868-72d4-249e-fe6d234809d5;29.111.142.90
carlosnavarro@example.com;209-941-2044x144;a78979d5-58c1-da6d-bb33-1bc64428fd8b;42.24.151.100
eugene31@example.org;794.241.5071;4febbb8a-6940-cb3b-3415-41687bf157b2;35.146.133.121
mark92@example.com;001-831-962-9731x599;03833ad8-387d-1f87-871f-7bf58b102e01;43.50.75.239
phillipseric@example.org;441.390.6522x32154;392cd29d-bceb-83c1-6c1f-095cef2efed8;12.215.236.152
rodriguezmichael@example.org;860-873-9890x1131;473558e2-f90f-54a2-b475-d82d47fe845c;114.170.36.239
ronald81@example.com;6435040677;74cb027c-8b7d-9944-1da8-01085f580f14;81.253.57.164
howardbrian@example.com;001-407-526-4688x2725;436369e7-c2ab-4418-cc1c-16c4109ba737;177.77.31.39
jamie26@example.com;001-941-256-7673x76837;b455ae70-d11c-cfac-d0b0-015489c685fa;136.223.231.121
czhang@example.net;455-846-0392x9721;9ee4c475-8ff7-5796-729b-68be2fbd49e7;148.161.120.252
vanderson@example.com;001-580-998-8917x76947;bb39478b-c9ad-a316-51fc-8fb790d27649;167.74.14.6
courtneygibson@example.org;001-618-416-6671;acb067ed-13c1-6e8f-b5da-a6f010482671;155.248.221.146
timothyjones@example.org;2557234790;f52dd5b1-b8de-2073-29f4-fcc7bc534891;29.232.65.90
kennethmartin@example.com;001-693-217-8021;b2386a17-4036-1071-34cb-7e222ccd73c0;213.150.207.243
estradabrian@example.net;+1-466-654-0446x3124;ea745c80-d475-7c0a-cb3f-edbc34a6aa96;117.252.58.120
thomaskelsey@example.com;458-432-6685x96588;03d52c30-2993-63f8-855e-5f2d38f8b2eb;204.104.255.144
lambcalvin@example.org;358-581-0063;2baa63ea-35b4-0f43-7bf0-d350fef43451;213.10.231.247
sgriffin@example.com;772-302-7498;d3e9e93d-5e24-7814-513f-7d0e834db2b5;129.69.179.204
cynthia77@example.org;001-231-365-2546;b507637f-b4cc-2688-0ef3-3cff6b5d42f7;166.144.242.235
peterhughes@example.org;873-631-7296;4d58c9a0-77fa-c4fe-32bc-db906522e654;137.127.186.182
freynorman@example.com;(331)972-8314;6eacde2c-913d-e51e-0b8f-61b7cb8999f6;48.247.33.94
bergderrick@example.net;395-794-8527x9692;e18156db-135b-abe5-284e-d1f2e1b0928d;72.244.27.3
chrisgillespie@example.org;841.437.2686;2933e209-b318-f66c-47eb-b8b160a0efd7;147.224.241.145
jacksonandrew@example.org;(344)957-7980;7cce155d-5064-5b2e-9f1d-72b73a82c3aa;168.9.231.215
steventhompson@example.com;+1-906-382-2355x6485;c9b0e18a-4d0e-f5b5-49e9-ae95985940d0;74.120.124.149
misty05@example.net;(208)768-6605;27eae397-8e0b-6dea-ad8f-b6577de11b2c;99.254.112.185
qhawkins@example.net;+1-427-719-0947x6802;c68c422e-b17f-e150-7151-76b2b66ba0d2;223.241.76.54
juan89@example.com;5777554365;431b0701-9903-61eb-aa7b-2d3a973b2a7f;4.138.38.71
shelleymelendez@example.org;428.934.1535x0988;8d30739a-c047-55be-696a-449d86226e24;194.131.49.169
millsjoseph@example.com;001-692-741-9955x655;425ece97-e561-6d85-f4a2-956de98513bf;96.229.204.234
james53@example.com;+1-809-384-9462x29504;011c8f9e-ed34-9fa9-ec12-5c1ac411b6f4;56.236.242.50
bnguyen@example.com;487-435-1924;fb6be815-197c-4e65-0114-6d09c56c56c4;107.122.182.228
nortonpaul@example.org;981-206-6932x478;5174a810-5b53-120a-13bd-931ca35efe16;19.65.140.209
smithangela@example.org;001-974-483-6241x48527;66da7927-704a-c7f8-2d4a-4610443f9930;197.120.119.42
barroncorey@example.net;3792574638;b1be740c-e2c7-c76f-3a08-6beaf0e29129;180.78.250.116
coxmaria@example.net;(335)264-0072;52f9ca29-5626-5201-5d27-df73768731b6;136.181.99.51
frederick68@example.net;974.809.3662x038;8a66f122-f3bc-7db6-fe0a-643b0a1edadd;199.88.112.11
michaelbrown@example.com;5417453016;2219f3f5-5091-89b3-abcf-0978ce262ebd;210.121.58.70
lewislauren@example.org;001-212-242-3489;faed3adf-13b5-17d0-622a-ff1cc5426700;28.194.18.201
kelly12@example.com;+1-587-247-3407x45946;e6302649-3c12-3e3c-225d-f75f14566e33;82.29.237.67
kevinanderson@example.net;(683)713-1413x99836;f0d27380-7c57-c895-75fa-19f708ac7005;50.20.69.57
briancooper@example.org;(826)731-6010x9797;50865cab-ad2b-0f99-58ba-5ee147b0d3f7;201.46.116.17
chelsea32@example.org;656.756.9521x358;dde4155f-0c34-4d39-2f01-65e0fed3ac73;218.54.242.70
marksmith@example.com;905.504.0484x1597;a38f5e56-a6e8-a8a6-40dd-fb7066b2d090;166.184.140.189
teresa66@example.org;001-831-765-4280x35242;18870f7d-b535-ece3-7f55-4886faf055c9;194.3.82.7
delgadoangel@example.net;001-992-650-5284x735;e2e45b95-b6b5-0a26-aa83-7511635d1353;94.24.162.167
jillian95@example.com;+1-260-537-1066x6483;13efcd4b-19ae-69a0-e7e2-232bc1c2e6f0;106.60.56.166
everettchristopher@example.com;511-243-1347x7217;3df5781d-6e06-3aee-842d-79ff3f8b8824;174.140.148.138
qwatson@example.net;(449)244-0961x80022;78af0561-3c6f-9f83-d9a6-ec5e8d9515c9;208.105.254.235
rjacobs@example.org;+1-343-222-8410x2023;0cd98f2d-cd7c-60d4-649f-f38bb7a2d036;191.71.205.60
kevingonzalez@example.org;402.884.5876x4754;ef738ae5-6019-aac2-643d-0e9765113628;208.117.127.213
manningbrandon@example.org;746.436.5467x9497;fa9ecc8a-ef90-4a93-f8bc-2cd29f6ae24c;223.233.190.248
yarellano@example.net;457-672-6971x77222;9dd58b86-a683-d880-9445-8c4c0ad98802;215.61.53.3
mistymoss@example.org;(486)201-1825x7604;49c1384b-7356-8e80-80af-24c92b32239a;201.244.149.120
walterobrien@example.org;208-528-2243;ee146dd2-64a0-30b6-cbbd-3a0f8d2f08af;45.128.204.163
gabriela02@example.com;(747)460-1513x459;5b1c4d55-5c28-b1d2-9e2c-8091ea816da6;143.138.14.255
pthompson@example.net;5556491230;c379fcbf-f8c5-678e-c0be-89aa5a1d645a;223.196.248.152
michaelsmith@example.org;8912135248;9bc4d1cb-0e3a-0f15-e431-b30b12a99988;55.248.162.105
mooresamantha@example.com;+1-474-256-6019x411;5ce6748c-cb66-09aa-0d67-7aa94bc3009e;97.253.155.104
evelyn48@example.com;+1-370-562-1097;b4b8d709-687d-08d0-2b64-712dcff12267;175.123.117.123
jodysingleton@example.com;(469)904-3218;ab655216-20e9-4e3e-5679-51506419406e;208.149.168.87
jonathancole@example.net;001-965-679-6266x4285;63715a0b-9985-3fc0-efa8-f53130def22a;155.209.122.227
yvettesilva@example.org;813.680.7923x1055;971f87e9-5857-270e-421a-4df435c87755;217.37.249.17
samuelstephens@example.net;(919)553-8525x7473;8d702801-0aed-65eb-73f7-5d4cb014dcb6;107.230.124.100
kingsean@example.org;(891)572-4838x05000;ac98963c-21a7-51b7-a28d-d949b5b46093;167.201.16.199
hopkinssusan@example.com;(428)839-9087;a454c1da-e897-fa49-489a-3ffb73f239e5;200.131.181.106
sharonmanning@example.org;3957008261;3b680579-18a4-fca5-63fd-4876605123a4;178.9.112.121
dawnsmith@example.net;589-223-7081x367;5b9e9ad5-336f-3fbc-3833-13a99acea31b;47.210.59.119
bryanwilliams@example.net;801-599-4802;2fb27ad4-d87a-2c43-9efe-42de7c7bebbf;211.68.243.68
pross@example.com;387.895.3634x3949;05cbea43-e038-7fab-53b7-305bfab1cc49;216.221.161.22
mccarthydavid@example.net;001-773-513-8682x32444;e1258d4e-fbc8-c91d-c7ae-d93de1c35445;194.229.103.117
huntjesse@example.org;+1-904-819-3964;36644459-3971-b6de-92da-9c308bdf9af5;117.153.150.44
hwells@example.com;001-219-304-3030x86017;3dfae8b1-0c7c-85f0-fc06-3a45d4b326b3;199.3.165.48
pamela76@example.net;738.440.7741;c790c5db-904b-fabc-91b0-f32b22b56303;98.73.79.39
mark70@example.net;001-346-519-8631x56166;356eb0bd-bd48-e5b1-e3c8-e778ef8d0217;99.3.213.127
jacquelinerusso@example.net;001-228-482-7062;51d75bf2-8e9a-40a3-0efe-f40915dfb5cc;194.91.1.213
kennethmiller@example.net;897-560-3851;b753b9f8-8993-8e68-d6f4-190a8e825149;147.65.13.245
taylormary@example.net;+1-945-845-1341x7999;a554e64a-24c0-bb51-d268-a9a59901f3c0;189.180.215.48
veronicaneal@example.net;+1-608-896-5771x459;f9370df8-3939-9db8-158e-1dc3423b4187;20.49.200.107
cody93@example.org;362.302.8089x8926;0b5e2b5d-42cb-7b29-f357-4d56c7b51276;52.10.222.135
murphyrichard@example.net;001-530-457-6429x463;b28b767a-bf99-30e8-e4f2-4efc7a23d796;4.72.218.135
gonzalezstephanie@example.com;430-945-2273x6941;344c6880-22dd-e80b-4513-aa447ef7b2bc;185.78.163.222
creyes@example.org;869.678.7330x0308;d6eadef7-9007-30d6-c475-d9017b93f81d;174.62.84.80
beltranbrittney@example.org;(596)659-6247x969;ce22be9b-e7b3-b304-98b7-1aa902f773e7;50.215.188.64
iclark@example.net;(928)923-4393;75a8742f-cc88-0033-2b61-03ff2a78d457;145.247.193.14
qwilcox@example.org;001-883-547-3270x8972;310f1688-8273-a321-b681-46459105ecd6;174.7.118.145
louis92@example.org;+1-824-354-2328x282;37d2aa73-45b3-de87-b2ee-8cebd95a3bb2;72.55.129.16
rachelmorris@example.org;+1-830-737-8962x50670;d7f34c06-d3f8-1d1a-7129-ba3571092d0a;89.26.73.110
collinsjames@example.net;952.623.6333;6899bebe-cd29-27b0-dfe1-6709e9674e91;220.10.16.38
swilliams@example.com;001-912-980-8870x12184;5f27261c-0ebe-666b-2cb8-4393c8186b71;88.224.8.75
david00@example.com;647.693.5476;c655cc32-9e0a-fbfe-7bcf-5798fd73bbf6;203.141.138.217
corey04@example.org;(363)984-4987x287;c8f1f65b-3610-3a80-57b9-cf267a35bb40;197.159.18.149
kwaller@example.net;293.985.4176x2911;1c61373f-c3fb-4735-554e-0a7dd062df0f;96.71.76.244
ericrodriguez@example.net;757-745-8860x94449;ba0b196f-bcc6-84f7-1d72-bdf47e003b5b;138.116.148.97
kaylamaxwell@example.net;655.721.7215x318;c83c9558-a9b7-8e81-2dd5-d133ca3f3e1f;213.76.176.177
perryjeremiah@example.net;001-355-785-7960x69270;fb03c3ed-e538-c567-2811-95e33c34741e;217.191.27.93
garciaandrew@example.com;(631)361-6037x0041;7613a081-e10c-e015-af5d-64f05b988829;216.23.184.44
brianjohnson@example.net;330-528-7920;2746af0c-04d4-e6f0-f97d-14e4ff888289;137.143.73.252
ccruz@example.org;503-647-2353;c87610a3-1c9e-40a4-5bf6-3cbbe765a7ba;203.71.164.108
melissazavala@example.org;3818371871;026f56bf-e670-630c-ef49-f0b220509768;211.234.51.36
sara92@example.com;(955)690-2684x0686;f04712ab-c472-0515-17dc-0a2053030f3c;208.46.58.175
grayjennifer@example.org;(867)597-6426x297;f046d7a2-ab0a-0710-3a18-e42244b56451;16.242.2.172
danielzavala@example.net;(599)234-8645;82baa111-e034-90b5-51e2-6b2a7c2b33fd;162.214.18.96
gonzalessheila@example.com;267.400.2763x076;ddc1703e-63b1-dd37-7664-749a4f067a94;138.15.240.129
varnold@example.net;608.977.4359;148b0e81-0656-1949-2fca-cde758281931;169.9.48.69
travis60@example.com;+1-751-248-8026x464;85bfdcc2-61be-043c-8afc-4005ef4a7d1d;173.220.194.10
joshuapotter@example.com;9744824934;46008a8b-4a86-82b5-e1c8-4a4dfa5eca01;153.58.73.71
frenchdana@example.org;001-841-847-8030x2296;634a3cf1-fe02-16f4-314c-373f3ee1cf45;213.84.44.95
eric77@example.org;6112555399;660d62b5-f0e6-3b51-25c6-267776e91370;3.70.167.97
eblack@example.net;(511)532-7810x80070;68fd358a-d696-e9db-0e38-30af82faae54;213.99.173.227
johnsonjesse@example.com;508.505.3892x50332;54333d44-8f05-6055-95ac-661ccd2f546f;195.68.251.128
underwoodjames@example.com;910.455.9104;d71c5a48-61dc-dffe-ec88-a0ef9762f4b9;156.15.103.99
ijones@example.net;+1-899-976-7894x0448;1f759e9b-89a0-a6be-95fb-060a90d228e6;192.10.148.213
soliswilliam@example.org;(453)597-5014x4212;1f2fc8c5-107c-d621-e486-61400109dd67;204.232.63.217
kevans@example.com;719-570-7394x8426;3bd85473-c8f9-bb8e-3ab9-2f243ecb784c;180.154.140.67
osloan@example.org;342.663.4475x37526;76c675b6-6faf-87da-fcce-10d428d88f81;33.19.232.36
pmoss@example.com;+1-362-793-2853x984;203517f9-0876-63c6-dda3-1ccde372459a;195.187.220.160
james00@example.org;411.853.2891x69379;abccf1d7-b57a-5286-8568-532dc74f73d7;117.124.142.247
davismichael@example.org;+1-655-628-4942x79059;ac8eaea6-612a-72c1-0e68-e7b7a7ef01e0;218.38.156.90
jacquelinegomez@example.com;001-501-592-2569;04a74808-f3fa-e71a-46b9-620b92109f51;214.208.76.224
keithvega@example.net;338.204.5505;8c29c2d7-aad4-65c9-7c25-f258300e0e41;207.26.72.184
rachael98@example.com;881-279-3386x464;05bceda0-18f6-8bf6-c8b2-9bd2ee444883;136.214.120.17
ccombs@example.com;9729258006;aed81aa9-e399-34cb-f54f-b2237bb3b026;114.49.26.80
riverabelinda@example.net;927.853.4943;e90cee23-e42d-9007-c23e-38352d0847ef;137.178.187.225
apope@example.org;734.635.6809x759;25276dee-258a-931d-8394-a006db4485c7;23.193.228.89
amycruz@example.org;(393)732-6211;59296d84-f012-9633-7af3-1a7b70ff07c2;4.120.231.158
morrisontiffany@example.com;246-789-4445;5e2d3304-6f47-dda8-15e5-e6802a37e69d;16.93.243.138
rogerscarmen@example.net;690.564.0237;d6ef086e-8c27-67a5-5300-862fc90341f2;215.175.9.53
dodsonchristopher@example.net;001-719-246-2286x700;63a85a49-dc38-c921-03f9-7f52cc536d94;158.59.252.212
watsonnancy@example.net;(904)537-2544x191;9b5c3eab-014f-7aec-87bc-d73c613fd311;46.96.47.83
deborah91@example.org;211-878-3252;37ebf2fe-e0bf-94a4-ab77-0a1ab6c70013;200.63.46.255
bishopandrea@example.net;525-488-1710x6728;e9197e80-3183-2e4c-0786-ded14c02a77c;189.91.241.118
ejordan@example.com;(846)275-7560;72d0c6f0-3da6-8671-adf0-f457bb59e580;197.176.183.114
yodertheodore@example.net;+1-947-577-0875x7456;a77004e1-11f5-fe4e-3b5f-8f0abcf4c8b9;135.53.60.70
shane78@example.net;596.817.6404x9031;99bdc924-c3ac-bfe4-6042-50df492a8340;75.213.254.24
dickersonlogan@example.net;(364)528-4400;dc05f8f8-fa94-2959-05b8-0b5cbc1edfd0;117.222.88.203
yrussell@example.net;(877)311-7293x07650;a27b431c-bdee-eecd-5dba-8165183e2ea1;193.225.164.101
jacobsonjoshua@example.net;4324607818;2f912c1c-79f3-8bd2-df2b-7f8ce37fc261;210.125.191.202
rpeterson@example.net;897.372.5194x42981;0e21dae8-830d-8410-0ffe-83faa852e91d;56.210.35.1
rriley@example.org;725-368-2950;89dfe2ca-15f7-1bfc-3272-6400ce7e7ed3;223.239.138.115
tammy17@example.net;(435)591-1974;3595babb-f698-0397-736b-cf99d6ccf873;11.249.216.25
jamesflynn@example.org;001-959-908-4899;0b195c72-94a9-1e81-32aa-9be58ea8beb1;122.70.11.11
danaharris@example.net;710-231-4921x881;e711770f-9757-e9bd-e398-a52844c204c7;214.40.133.143
pittmanfrank@example.org;898.948.5172;ad181754-2658-c09c-5e1e-b0eacce6fdf0;84.92.8.125
lindseypierce@example.com;9067172717;b140954b-27ed-5669-ed82-f2f349215b8b;179.145.174.123
cannonjeffrey@example.net;001-474-437-9745x9003;9955c876-c1b1-01eb-fa16-9047de90e2a9;202.197.3.156
mclark@example.org;974-600-1117x9123;5ad78314-493f-09ed-b665-5f1e348f5052;169.6.22.159
trevor55@example.net;663-860-9885;0cb32835-7c3c-34b7-2494-3a3930a6d76f;211.108.229.24
terrellderek@example.org;342-728-2479x613;0574320f-998b-7ddb-40f1-41b3c0593e0c;182.192.68.195
calebhebert@example.org;+1-330-866-6075x112;08a576de-3643-44d0-01bb-4f2fc15178cd;148.119.194.138
daniel66@example.com;210.386.9137x72290;4076ab85-72e7-e7d8-0464-58e557f45a71;220.135.181.24
eturner@example.org;001-941-853-5805x98803;724450a5-92ca-1906-a001-e7688f99390f;205.215.128.147
wpope@example.org;531.517.8972;d8d3e2f9-c030-357e-ae44-348976b02aaf;192.140.31.95
martinronald@example.com;571-767-0907;0c6ccd36-736f-df2e-8b44-8e8ee34f1f72;97.166.147.3
chelsearamirez@example.net;(301)420-7826;1a9bb4eb-cd52-93ab-d30b-fecc4f7b9058;222.24.247.235
mary82@example.net;931.633.8399x61620;c1496937-cd70-be59-f4dc-2a4f20bfc0e3;15.51.78.225
rebecca63@example.com;+1-776-872-2104x4843;0cc3fda4-c758-b819-50af-c9d29114bdcf;215.216.90.197
jonathandominguez@example.net;001-218-553-8281x228;db09f4ea-ff92-4156-96b8-941047b47dfd;90.246.14.103
eric17@example.com;001-742-660-7944x06227;0ef2c646-810a-4213-a254-1e52c07896e7;31.53.46.58
hbradley@example.org;+1-902-848-4288x43570;fef5b4bf-724a-5d19-57ff-a450881ccbc5;214.235.96.14
autumnbrown@example.net;906-411-0706x74512;f1de23a5-0c1b-f78a-cebd-ebc752c99b51;202.52.46.67
wardsherri@example.org;001-865-229-7913;12a4b057-e01f-0bd4-6259-f3d8f36de168;216.145.237.189
wallen@example.net;783.892.9274x28717;af461186-a62e-12fb-18f4-cb3b0f282beb;117.3.203.84
barbaragonzalez@example.org;(811)368-4993x90147;c4543d5e-9388-2085-f868-0c3b44298775;219.58.3.37
jennifer68@example.net;789.640.1881x34200;972602f9-2122-056c-7d65-665fbdba82f2;182.107.8.32
emilyreynolds@example.org;(261)307-1057;30122b93-30d7-b2f4-b3d3-d0a7d61d5dc6;135.189.166.96
perezjacqueline@example.net;(958)631-3848;86779897-ef9b-ed47-0c02-5a7c1f879e9e;220.109.180.7
jessicawilliams@example.net;(487)969-3729x4829;f72ad4e0-946e-d319-9bc2-e2e547154f82;192.161.77.53
hortoncasey@example.org;001-603-207-7269x270;67c5d4bb-e44d-44e8-98a0-4fffd9f6348d;159.113.17.179
solisdeborah@example.org;460-642-8886x796;93dbac37-7385-970f-7cee-b72e8e242cc1;193.128.76.152
travis72@example.org;236.709.0788x20987;03c8db52-bc75-4a28-077c-d3b92f250441;154.29.215.214
mckeethomas@example.com;+1-238-974-5389;b5bf3efb-712f-49d6-81d7-b424ccfd44e9;139.251.36.97
derek84@example.net;(384)846-6439x74534;ce293ef5-9797-165b-e2e0-d236236f3119;194.180.65.249
daniel64@example.org;397.844.6587;df21479e-2a98-75ea-7e81-7ea03cff17c4;44.225.169.243
theresa63@example.org;001-547-241-9728x93860;9abe7215-4d37-924e-3bd9-9713685206b0;27.77.73.133
keithcoleman@example.net;624.594.2098;0cc32830-abe4-4113-53bb-4af69d8c9fce;99.88.59.141
troygarcia@example.com;6476197905;53311c53-976f-0100-6af5-3cb523f19bfd;50.145.8.133
susanellis@example.net;843-847-3601;33114815-aaa7-2a55-cff3-1040d3288bde;38.151.8.50
jamie61@example.org;248-780-0786;91494954-c2b6-8937-3297-822539d20ba9;166.131.80.249
wadecindy@example.com;719.817.7614;c95dbfb7-6b1b-d619-db26-35238f214583;191.74.13.195
kevinadams@example.com;(313)532-1419;972d39b0-4190-3d07-7151-2ab7ebefd09b;163.43.203.16
castropenny@example.org;(721)970-3916x2842;b48e0cee-81c0-2c57-ba8c-6a47704491fc;202.27.205.45
melinda11@example.com;2543367467;b0ae33a4-3312-c31b-482b-ad22c5b31880;26.222.248.43
stanleywilliam@example.org;351-905-2959;8265aec4-efaf-af70-d369-9da24b4853db;59.86.245.36
devin23@example.net;2204581929;f56ed634-934f-f854-b7bf-c9e8bc3c1a09;205.201.112.138
vkennedy@example.net;001-523-242-0773;e001fe68-a4ea-993e-3801-bc93ecb7675b;126.151.188.108
daltoncody@example.net;3395030682;692a50ff-493d-a0ca-8766-b8ede2358e9f;205.50.222.64
russozachary@example.net;9428019428;8c303ce8-ef3d-5b7d-ffb2-f715805425f8;118.4.177.62
lprice@example.com;+1-635-860-9685x5085;ba61ac0a-111d-40c0-5f76-653844cd7ea0;217.29.83.97
favila@example.net;910.370.5439;f4612e1a-d35e-7578-0155-554d0bc69215;194.223.150.14
dawnmitchell@example.net;841-553-5166x068;56e9d161-3b86-67a7-1755-fe4d332af68f;189.164.233.95
jason95@example.net;828-404-2005x5562;4528b3ce-2409-b23f-95f4-deeea3ac04b6;172.206.23.139
christopher71@example.org;001-964-728-1536x73450;9b8dfd65-5d2a-f1aa-1760-b042962b901f;76.19.25.46
nelsonkimberly@example.net;537.242.5148;e8c2ea5b-7726-81fc-e5d6-83e7bd11f98b;165.184.110.89
hallandrea@example.net;(625)432-0326x076;f200793e-b05b-c8df-5939-16a2eed9449e;210.102.176.154
landrytina@example.com;383-545-1348x0856;f42c0a95-416d-a0e5-e0e4-9e8acc051b20;187.142.146.76
johnny91@example.org;698-539-7112x1227;ddc7a5bd-466d-9877-c685-fd9e36598fe8;18.61.150.22
michael14@example.org;001-869-499-1238x506;94f09f82-9397-36a4-99c5-c7a18128d73a;76.135.233.164
ellen13@example.org;3347657244;776d64c2-d9d7-988b-1c67-7a59726e1613;157.56.109.143
carrollchristopher@example.com;(542)608-6795x8800;0305cd45-8c63-761d-1791-e44fac982c4e;204.4.179.221
herrerabrandon@example.org;+1-960-867-1366x958;df95f636-28dc-987c-63f3-79388e363561;116.31.10.68
rodneytravis@example.com;725-578-1274;472869d9-2fa8-8620-172f-9bac920a9507;200.132.169.129
njohnson@example.net;673-568-7146x61150;2d51dbc0-237c-3251-c8b5-699717b2389a;135.46.99.224
tbyrd@example.net;804.503.6965x17767;f369da2b-721c-c81b-6439-40bcacf22b17;220.29.108.16
montgomerydebbie@example.org;470-631-8506;a545b508-cf56-c9a9-d6e1-3e352b02a744;130.106.151.59
lpotter@example.net;(573)842-0509x610;99f5823b-0223-085f-2373-aca6747ef322;205.7.165.64
joshua11@example.org;888.575.4173;42bd1209-575a-adea-5497-cfc9503c78b9;199.121.226.150
laura39@example.net;+1-658-941-5825;5c39cc46-cd5e-f2f6-d0b0-4653d142ef26;197.177.64.51
scottmartinez@example.org;877.456.4696x544;c231362e-d6ab-094c-8a3d-9c1bc7d77c1e;1.142.113.181
nicoleandrade@example.net;+1-551-817-2535x527;49993079-1589-12cb-7469-0a4790153376;106.248.25.213
wgonzalez@example.net;+1-727-701-8974x62398;8b103fb8-029e-eb52-9472-78d4b99f9a89;20.103.177.102
gary88@example.net;684.613.7114;59f77b24-8d2a-6786-8239-453f7061c544;67.232.45.32
rhondaknight@example.org;+1-852-978-4344;bab36822-8b8f-73b6-51ee-57c2b3ef1531;182.221.50.170
lisa59@example.com;001-523-532-1382x3769;0e61afb6-ba25-8896-d783-7a9e8f9e0890;125.167.200.207
hartandrew@example.com;806.432.5929x30307;60ca7a97-4f3c-4d33-2bc1-0d71787c4ccb;103.190.3.248
scottdestiny@example.org;(616)795-1789x47516;4a89d395-d762-8428-ad69-7e8fdd6f7301;215.178.214.206
connor16@example.com;+1-502-968-5416x485;4bba69f7-0e3f-dc88-065d-f34238743b91;162.115.120.0
bkelly@example.com;695-639-7079x150;bf7a2f80-b38e-9f54-b2fa-faf303513aa9;96.144.76.17
jerrysnyder@example.net;(959)976-9840x539;6771440f-bcba-fa66-3ccb-1a0713bd1a80;205.116.136.16
evansmax@example.org;+1-668-585-1159x648;549abcac-c7c7-f65c-3d1f-cdf8cf1a55d0;222.62.218.43
kathleendickson@example.net;429.686.7061x29935;a39cf0e4-20e7-d74e-0d7f-04239779427f;162.243.64.144
arogers@example.com;001-348-705-4401x614;ff656e17-ce97-fd8e-35db-6b0053bfebc1;181.164.2.36
danielsilva@example.net;945-776-2388x64885;e1672215-8d1e-a133-0f99-b17173d0907f;217.242.186.93
lopezerin@example.com;954-281-1209;c4fb4569-2709-9d52-2a65-30bb170c6fab;129.4.228.68
pgriffith@example.com;658-684-8768x22755;c4a1e502-03f1-7037-e831-ff81dc0510dd;113.209.57.66
amysmith@example.net;288.628.0779;d0f746be-b643-02be-2ef9-72184d8018fe;211.34.67.65
gvillegas@example.net;566.814.4039x44824;dd28ff8e-ca33-ef78-04fc-b4c777289fb2;220.195.159.21
thompsonscott@example.org;677.612.7098x10540;3a1764b2-a640-5f5d-e4e4-30f7b16c74b8;208.129.159.127
jamesreid@example.org;(419)223-2306x24925;ad9b1f53-c77a-5798-9ce8-f4193a8c0590;189.13.93.34
karendaniel@example.org;984-961-5928x902;d1c4e5a6-a5b3-c78b-63c8-b344b8167974;129.212.133.41
blynch@example.com;001-352-258-3685x2386;de2b37cf-420d-473f-e065-66be78e4204f;35.183.245.154
murphyjamie@example.org;+1-906-382-2355x6485;1c006b31-d558-d30f-b960-48db62543e50;169.92.157.154
ashley12@example.net;(647)680-4460x2309;8795ae0e-a465-93c3-6339-a4307c91f506;211.166.185.255
vgibson@example.net;(244)783-2614;21188c0f-f0ba-e31e-0d6e-ba46a2c0eb39;156.143.123.73
bailey98@example.net;981.375.4979x444;cc832826-570d-3091-8732-b03ff65d5dcc;186.93.126.164
lmartin@example.com;7986423761;6be31a5a-2137-1eea-3401-077eed9c570e;160.222.136.96
robinwilliams@example.com;849.631.1022;bf4368e5-0032-34a7-097e-58344cd54dcc;132.90.152.166
troywallace@example.net;885-495-5410x640;072431c7-6aa3-2c06-1743-edd5f6aaf496;207.212.240.138
thomasmeyer@example.net;390-772-7610x23610;11cd7612-65b0-8f48-8a87-6ebcfdba7121;206.138.193.157
courtney31@example.net;(674)719-0991;b6cd24be-689a-9298-37e4-31b5b837a029;207.25.79.198
hectorhayes@example.net;(653)404-3737x853;e52b53c7-772b-5fa4-51b4-5abad833aefb;13.112.198.63
grivera@example.net;529.956.0918x244;cfed1904-3f38-e546-8343-c514e09eb997;172.4.189.70
rflowers@example.org;+1-599-946-2706;9746c2d6-697f-aa81-1302-9edb44cdfab4;219.91.67.76
shayes@example.com;348-752-9831x447;ccbea092-5ee5-ed61-a564-3a074dd30104;117.88.242.116
xthomas@example.net;+1-759-384-4100x14193;c73155e8-93f6-65f9-a052-8cfdf141389c;4.139.170.68
donna75@example.com;001-884-683-8026x3770;7657cdff-5525-a274-4576-89c8c75a5cd0;155.201.134.25
ywarren@example.com;(344)819-4028x184;40f6f186-7a07-a65b-ae70-0715cead2746;175.40.240.45
tylertanner@example.org;489.270.3620x21502;528f7f88-7865-440d-a2ff-216313695f43;130.7.126.133
michaelmcdonald@example.com;001-894-444-4733x36028;29a13fc8-93b8-1392-fc01-fc3e71c4893a;197.7.162.235
barnestracey@example.com;(446)996-1328;061453cf-d476-9b70-4ee3-eeb2159ed8b5;25.174.73.251
iedwards@example.com;(362)585-4082x66824;3419ee65-836d-edd0-146b-faa45bd303a1;39.114.230.24
woodspatrick@example.net;943-899-9558x326;1f682083-aa52-b7b3-294f-1b5fe30cd29f;220.184.81.53
stephenskylie@example.com;749-837-3464x9550;7357a704-041e-6b76-c797-e7d015931c65;42.247.210.168
gschultz@example.net;001-558-971-3191x8316;19ddc03d-7691-e8e3-b362-808f67077960;197.250.162.44
mariamorales@example.org;001-691-977-3490x02897;3c9e71d1-7607-3cd9-d512-1d9acc654ad7;163.71.68.236
patrick76@example.org;916-209-4145;eae32f11-1ad9-4d90-59d7-92f03f614f6d;170.197.169.18
grahamjacob@example.com;338.842.3099;2a8681d0-0387-59bc-d11a-f11bc4a89e77;197.157.30.175
zcampbell@example.com;+1-700-637-1420x542;f85f3340-48b5-c58f-a6c0-cc9557f77c88;141.233.95.180
xsnyder@example.net;001-889-396-7181x467;d26f81fd-ef48-3792-bc8f-e2a29b529262;134.87.140.252
anthony11@example.org;(891)572-4838x05000;2e08ff84-e944-6f48-c56a-38db577544be;167.201.16.199
snydercory@example.net;001-852-898-1745x38501;e70144b7-f41c-e4ae-f29d-40b5610ba831;178.145.200.153
lloydsummer@example.org;(458)240-2074x9564;f405861c-f3ed-fb95-5610-83c5c19b1de4;142.8.124.55
ashleyjohnson@example.org;239-456-8462x15319;c3918837-0ac8-26e8-6b61-d22aba43ab94;201.153.162.2
bennettdavid@example.com;+1-842-504-7692x4041;c03eccf9-73f5-7610-ad5e-acc4c3abe3e5;153.174.78.130
briangibson@example.net;(746)676-0477x86634;ad28b5b3-1492-1ba1-3584-3984a30d38d8;143.68.150.17
tlyons@example.com;777-464-4796x876;ebef906e-79fc-d05c-63b5-a566cb98a973;205.235.48.155
vickibean@example.net;001-878-475-6521;e89ed26c-69d8-10d2-a2be-a80330e241e1;78.243.158.64
jordanmcintyre@example.org;851.562.7796;4933ee51-3ad4-15ec-f965-137dab22a389;187.25.27.202
wellsmichael@example.net;(646)787-3623x470;be4a1e1b-8803-8c47-aabe-8131c5006643;139.27.49.128
michaelfaulkner@example.org;723.628.7499;89e136ab-24ae-802f-4808-017548944156;198.148.1.38
john74@example.org;001-285-291-3606x993;95f410c3-8de8-7654-31f1-35408a5c1d1f;43.130.69.141
richardwagner@example.com;001-782-974-0552x6077;e620f2e4-c641-feb5-7403-0c0ccd730217;79.68.91.80
zacharylozano@example.net;(699)546-6250;edceac14-acde-4683-6677-adc46494c02b;192.194.108.82
stacy19@example.net;962-593-7451x426;ac093f27-f546-e834-7acd-afbeae465056;51.5.81.208
travispatel@example.org;+1-992-934-4543x804;c5683730-af6f-65d2-4cae-cc04abad8957;203.142.92.24
tlester@example.net;654-719-3334x117;90f80625-cb10-09d6-a971-e8de8aa54f1a;168.202.229.35
vlane@example.com;+1-893-729-6706x691;27ebee5e-f6ff-d89e-b4dd-afb9f289049b;168.121.73.45
cjoseph@example.org;897.372.5194x42981;3d0ceb46-e864-5c64-8117-9b8fb0d87747;192.156.251.18
shieldsjames@example.com;001-230-310-8651x792;f803f9b4-1a75-867a-2cb7-5663a57990f7;162.12.1.99
bhebert@example.net;775.472.3441;18a5ef55-09ec-bae0-0198-6d290ba3d354;59.103.103.117
william21@example.org;001-748-285-7399;cb075a3d-c906-35a3-9db7-3abd1b4ba9dc;207.206.227.245
tabitha99@example.com;+1-825-304-7889x81154;078b526b-4c21-690f-713b-3f9a547908c5;150.254.127.233
sarah63@example.com;375.225.7950x9382;94d214f9-2d4b-a4ee-0e09-3df7ce00235c;64.185.114.253
michaelhodge@example.net;001-297-838-8794x074;045e6639-a841-c5b5-d008-d4c8aa1c46d3;216.145.172.11
kristin82@example.com;+1-887-261-0475x32462;57dcca19-02b5-fc21-96cf-d70a3fc5f322;207.228.47.235
christina61@example.com;541.671.9859x09857;82747891-3ede-fd4b-efb4-5f5c19bda65a;192.246.141.225
cassidy99@example.org;769.503.9705x503;16979b8a-6cb8-54a2-453b-b574e2155d9a;177.43.225.25
ruth88@example.net;730-966-8719;f23d55c3-0f01-5bad-5811-a5f873ed9ae9;214.133.245.189
mitchellryan@example.com;+1-320-867-4434x177;6c7f5ba8-ea52-b287-2287-260681c8d86e;171.224.170.80
davidbrandt@example.org;+1-690-950-6731;c057830d-1162-067c-f3f3-b736daa3bb4a;29.45.187.157
daniel32@example.net;+1-775-907-3818x3280;61ac3271-139b-e2b9-4fa1-8e3cf6058d80;176.150.39.216
palmereric@example.com;486.208.4463;eabeacdb-ec5f-a6b3-bc28-a1e26c1a931b;219.4.134.181
bryantjudy@example.com;(283)770-4665;ef8b1e01-dd3d-4675-b71b-565e29281735;210.95.205.123
lterrell@example.com;(952)396-4187;a17efebe-481d-d6ce-028a-c4c0f61491d1;189.172.72.93
gerald60@example.com;001-452-481-3969x4178;776db9d4-dbe6-6a5d-a6c6-416530439d86;184.53.37.226
heather82@example.net;3754975385;f23e1baa-e36e-cfa4-5d55-f06c7581ec57;116.109.10.156
villarrealrichard@example.net;001-981-678-1235x7723;e0d67090-2fef-848e-9d63-c8750045a9bf;209.144.240.93
athomas@example.com;249-320-5994;63ed78bf-1e45-2135-7396-3350cde02d9d;151.119.115.202
pwilliams@example.net;(421)621-6967x7443;6aff2a97-5fee-65b4-7fed-51685d5b9f0c;23.38.37.55
michael31@example.org;702-967-4995x4281;f401676a-ea01-7a00-56d5-b6d0c7861293;197.78.2.180
singletonjared@example.org;(716)544-4528x03616;6d3856a7-c796-66d7-9da3-7b70d8f572cf;167.47.77.214
noahmathews@example.com;(627)587-8120x3061;4f31d2fb-82f8-4c42-522a-0842394edb48;155.86.162.145
rgardner@example.net;(394)787-0339;c8b5d36d-9488-97d1-8957-00bdcbdd58be;122.174.20.179
btaylor@example.net;5879514271;705a64b8-1228-3aba-4e2e-bb055a735c32;7.146.46.154
anne23@example.org;298-415-1591x3152;14cc3466-dea6-93c7-2d15-c9f80886b2c1;212.185.126.87
ypayne@example.net;9866275113;1483d00c-0d7a-5103-3f8b-5c6c23fb99aa;218.170.82.181
vscott@example.com;+1-371-366-6310x3076;aba0b127-a809-5298-7f8c-df963b352d8d;197.31.193.64
craigshort@example.com;942-855-4446;d024abe0-af0a-b616-5940-a10d93a63f02;212.154.126.96
vterry@example.org;(527)395-3602x820;254ef9ed-cf83-e292-a007-83ccb3678bdb;125.208.214.42
herrerabrandon@example.org;+1-612-753-5114x0120;df95f636-28dc-987c-63f3-79388e363561;215.137.18.221
david85@example.org;(398)425-9809x918;09178a15-e92b-73a4-ba34-a8a8b7e54494;221.204.190.162
mosschristopher@example.com;001-580-481-7653x9828;1bfee905-1f81-336e-dd68-09ee1c30d96c;181.184.45.250
nelsontamara@example.net;001-798-946-7656;8e7441e2-d652-d4ee-a844-48995084c10c;49.43.32.2
gene69@example.org;(745)431-8971x46932;d2791be1-1980-fd26-a04f-569e924a0691;8.152.175.159
kimberlyparker@example.com;001-208-981-4857x3668;6bca918b-9b7c-177a-6e8b-9627a667dfe5;121.239.191.197
nhiggins@example.com;001-352-652-4368;c94ffee1-e81b-e413-d0cd-c0aa1d0234ca;2.27.25.208
carpentercharles@example.net;640-239-6701x700;aff26646-857d-f1f3-ba42-a5376947cdc6;45.53.111.158
gstewart@example.com;(575)522-0963x7144;7b2b1233-a8da-963b-ee88-4007b0b16fcb;123.42.152.36
ebryant@example.com;(236)390-5707;e1df524e-d0d3-b420-438d-76b70b778c4c;222.45.8.216
yrosales@example.net;936.480.2615x82883;2dd7fe6a-9a5c-4d2e-5134-379863133761;126.157.149.169
manningjasmin@example.net;6295151881;eacf1b07-df80-b335-7315-5f6ee1279e62;21.208.139.211
jbryant@example.org;540-229-3918x039;2aaaa336-4444-2b32-4d23-1a4bad3dcd90;30.129.211.48
katelynpope@example.org;001-782-554-4095x0175;e1da1e42-1bd9-cc2d-a5cf-1568cee6b74c;87.139.192.29
samuel70@example.com;444-218-3304x7532;481b2db2-e394-1c21-414b-284e1c52ee46;205.253.247.177
elizabethwalker@example.net;001-252-828-7386;c66bace2-48f1-8826-48ed-b7c6bd6b362b;136.8.6.31
april02@example.net;308-938-1191;ab9d616a-8f61-97b0-7779-fd623595617d;178.195.142.58
reedhunter@example.net;7067192252;6c864054-2766-1213-957e-969eef68e267;78.10.11.45
lauraklein@example.net;7479611613;56a0f864-ffee-04cd-9cd4-18f28e963041;197.237.29.159
lauraanderson@example.net;001-259-856-2220x4682;df8ed6f2-f698-536d-9f54-3a16a042e4e0;192.204.146.242
markboone@example.com;+1-663-433-8189x1937;3662e811-6120-daa6-7762-300adfeb393f;172.241.128.146
nreed@example.net;001-366-771-7331;3cc48ffe-fc6e-42c4-aeec-31c99b97c3d2;197.111.2.235
james33@example.net;346.874.7575x62061;3dae53fe-f558-1561-1584-a09423d45cc2;135.86.87.243
darlene08@example.org;(455)926-9418;3660a2ae-1ec5-86bc-f304-62035ae07991;70.213.11.88
connermelissa@example.com;(468)459-5553;e06cbf57-24cf-7783-b046-2c0a63e1e612;168.134.171.52
marisa21@example.com;549.961.4592;df044dd6-1a59-c141-b264-7a9ec08932fd;197.15.101.138
eric52@example.com;8617392209;f4c80c75-e79a-7441-7703-adae9db34bc6;107.60.162.32
scott14@example.net;835.219.4948x8193;4d7c4117-c307-0d20-7fea-a98988000908;205.85.160.142
ritadean@example.net;+1-636-605-1244x29523;2793afb3-d28b-db0c-20e2-cbfdda1a2c83;141.85.115.30
walkeranthony@example.com;681.675.7742;19453475-272d-2518-9bdc-f8ab6cfaf2d4;173.175.140.81
kroth@example.net;4492353450;3d5f641b-2ccc-f379-b324-aaecebcd7a73;153.37.79.9
chadrhodes@example.net;538.442.0670x4778;9a42ea3b-e4df-2014-010b-9b3942057292;43.34.140.235
vincentrichard@example.net;783.283.6917x02990;42b781b9-e4a3-627f-60fc-7a74c9a47fa1;48.222.135.42
spearsscott@example.org;+1-879-939-5628;0e67c58d-3c05-7bc3-2018-c2bf394811bb;184.2.31.96
gsmith@example.org;+1-441-402-4489;c6095058-100a-0699-8e6a-ddb9d85a3569;15.135.28.66
cwolf@example.com;+1-695-938-2377;8ac67bc4-cc1a-bca2-571f-85ce6a611020;185.240.13.235
gabrielleyoder@example.com;818.424.0664x0039;41542f1e-c762-64ba-d4e7-c7780c431cad;123.128.163.5
ehaynes@example.org;(609)890-8555;89dfe2ca-15f7-1bfc-3272-6400ce7e7ed3;223.239.138.115
websterdavid@example.org;+1-470-641-2931x951;11076328-cb52-915a-8ed7-b18381562721;86.33.97.55
uhill@example.com;431-572-8706x9723;174369dd-9622-f4ea-63b0-723109b0f647;191.79.214.56
brenda36@example.net;774-584-3195x41998;f9ef61c3-40da-e0f3-5507-278aca4b7448;223.145.186.129
samuelrobertson@example.com;813-478-4831x4460;adc406be-6902-e013-27cd-5a67a85c5088;182.167.224.127
michael26@example.org;390.932.9810x2345;2a27143a-cba3-48b6-a011-8a2c1ee2ea66;161.76.69.191
smithanna@example.com;(828)652-0791x30372;b7c9615c-8bcd-ccdb-599c-61f6154a2ae9;43.184.246.146
davidwhite@example.net;+1-528-511-1522;b069ec36-5b40-8612-6771-b798ec495bc9;178.125.175.229
kking@example.org;(400)651-3916;3405c730-2740-dd50-4fe8-7a85c3e581b7;216.201.198.55
collinseric@example.com;(631)564-8161;9a98742f-3610-c867-6331-e094d063f159;170.92.189.46
vazquezashley@example.org;696-718-2975;2212201a-479e-6ffe-8b4d-3c885f43b2a0;129.180.97.255
iangonzalez@example.net;(398)912-5440x0662;5ac5a14f-6f0e-bf42-8c6f-704c15cb029b;25.121.142.99
washingtonkelly@example.net;916-424-1651x827;92283277-0f6b-ec02-f90a-7a5c191e8518;219.83.22.163
kenneth40@example.net;(827)316-1005;7be42a12-6331-fd31-b8f2-123454a189d4;173.139.114.158
barajaskatelyn@example.com;(566)876-7816x70747;4d60f791-dc13-7bbe-6caf-5c68768827a7;209.61.30.139
moorejohn@example.org;(551)669-5195x2009;53307edb-6155-cddb-18b1-d792611559f9;148.119.194.138
harrisonjessica@example.net;500-832-8649x994;320b3eb6-9f37-2f46-6820-e9fcb2aa3f9f;26.88.9.163
fordjames@example.com;377.694.6218x096;5efa81a0-cdd0-7176-40d8-a4505e3477db;163.14.22.1
vbraun@example.net;+1-602-431-4393x68103;ae0f0db3-1d30-02c2-b3a0-37f7654c06b1;170.67.139.70
mallory97@example.net;(350)551-1958x932;d4732d92-b047-ee54-fec7-aeadff517cba;123.41.148.40
harrismichael@example.com;001-352-494-8263;7bab9cb3-278b-49aa-0ff3-4ba7fb4644a3;51.85.81.188
gfuentes@example.com;(780)446-8155x145;3950ff7e-bd9f-773f-816f-82f5f7500b7f;27.93.101.28
harrismarcus@example.com;4662352361;0c1bc5e2-2430-4eca-949a-2c92e33ab38a;34.85.14.122
jose33@example.com;909-676-7033x3782;c11bcb69-8d58-8a16-50ef-ea3e96cb8dde;15.24.239.255
npollard@example.org;781-671-6921x0611;abad4d28-aca4-2e6f-0ad6-1f65f2390813;84.222.250.43
rtrevino@example.com;614-251-2000;a90cabaf-5925-e02c-cc34-0c763f78faaa;213.130.16.176
marie07@example.net;(894)920-8071x7743;8d86e986-b5f2-616a-0083-f77ebad99d18;182.203.183.215
montoyajohn@example.com;993.344.0797;e7eae568-cbc2-1a0a-318e-9a64ce20340c;131.132.73.124
oscar85@example.org;537.242.5148;e8c2ea5b-7726-81fc-e5d6-83e7bd11f98b;165.184.110.89
russellsydney@example.com;850.716.8170x063;0c226b31-3cc8-dd34-3d24-1610795e6aed;134.84.9.3
hliu@example.com;245.547.3039;3dc64b1f-95cf-5770-93e7-9ff715c40dab;66.150.31.210
jeremysantana@example.org;(656)946-0469;74a02488-9745-3016-3631-5c11705a7c45;193.39.200.9
hernandezkathryn@example.com;001-959-703-1848x461;6a09f72c-04c7-7196-4f57-569314681292;164.4.137.221
zacharylozano@example.net;(616)475-3143x8643;c53e8005-8b9e-c3c7-f5f2-274a65f7c956;199.86.17.214
christopherwebb@example.com;8937519991;65a2ac50-fae3-561a-14ca-75aa1e13e038;70.186.233.36
haleyoconnor@example.org;(207)845-9976x03860;6a460713-5704-06fb-a73b-9c220cb787f8;180.241.128.177
devinwiley@example.com;+1-354-808-5146x914;342b90d9-9f4b-79e8-9f40-5da1d4fdd180;21.16.60.193
amitchell@example.com;523-947-6871x6667;12952fda-88eb-579c-fc3b-17186a79da71;159.196.156.100
shermanteresa@example.com;280.998.8942x6203;af30ecac-f9e1-0de4-0cb8-fe1f888c5fee;135.15.134.35
mccoymatthew@example.com;001-843-725-1679x8347;54dce916-60ac-c6a7-d0e8-71e8cf934a79;50.189.116.252
vhampton@example.net;7588766985;c390c291-3a58-2de2-6931-3699845f9901;82.86.233.1
jknapp@example.org;(419)807-4934x95465;72be7e99-23ed-6664-1adc-ba8f3cb04f61;183.241.240.235
newtonrachel@example.net;404.362.0435;cec39ba0-0312-c347-e453-903e4afa44c8;137.236.86.189
seth59@example.net;+1-967-731-7034x6892;a25a7303-ad67-8a1f-9c85-6bc2a6e7a74a;142.184.81.202
christian78@example.com;(839)907-0335;449d0a8f-a25a-d3d3-8dfa-a8e827ebfc1d;219.167.6.35
heidi87@example.net;6484015533;afdb650f-9c8f-6700-b5a7-2d1d933e2143;218.243.43.58
walkerdavid@example.org;204-604-6978x0531;a2d9504f-53bb-249c-d8c9-01796f40ccf7;201.234.194.177
walterskerri@example.net;001-796-750-0381;0b7f929b-c4df-e145-0d41-d40934196127;63.7.119.46
schmidtjohn@example.com;508-997-9089x3350;7ab79b31-8142-b0c3-f9bf-f0ac227f184c;2.106.64.109
kimberly64@example.net;482.598.7842x478;2dc935e9-f6dc-0453-e07a-2f4477c2ec10;198.23.119.0
johnstonkimberly@example.org;402.719.4490x518;19a66add-7e35-be30-1268-d300143ade51;91.64.122.96
emma05@example.org;632.899.9001x503;4465b65c-a893-b6ea-7b22-305362b8495a;138.176.242.226
richard49@example.net;670-725-1029x7920;485ad797-d752-d0e3-f5db-ae6792e8aa00;118.229.1.148
ihernandez@example.org;001-504-854-7880x1632;07f5dcd3-fcf0-ae7c-73e2-56bbd5484853;204.48.186.239
joshua14@example.com;001-805-590-8159x233;cf798a68-43db-4d2d-2847-1dcb233ead80;145.243.34.208
rdawson@example.org;785-254-2943;56b7d30c-e2b9-d328-04a7-e8c8050eb0b3;219.3.0.123
nwiggins@example.com;(630)752-2567x8460;dc5d93c7-7896-ee7a-2fa8-ed4b7f816f41;195.34.87.20
pyoung@example.org;509.595.1823x09428;1a7017f8-0ea4-1127-2285-0ddb185e8ffa;219.207.243.160
brittanykirby@example.net;001-655-445-4532x1955;12265a10-f55f-3b20-3b26-b33aa76e9d61;219.71.125.6
jshort@example.net;261.709.2820x741;f49f6204-1b09-ecb4-af23-dfb2ae6f8ac9;87.24.200.254
valerie08@example.com;996-623-9238x4907;ac0a763e-05a7-baca-f75b-983b6c53aac8;162.1.131.24
jessetrujillo@example.org;893-244-7884x191;cd3dee10-ba08-cc83-6e09-5058370363a0;211.177.245.123
mooreapril@example.org;+1-654-594-0004x3462;b00b50fe-9c74-3c97-2154-02611144afda;223.92.99.102
mackenzie31@example.net;001-219-537-1888;c290a7a0-d204-150e-0d8b-676f84ab37cc;48.12.132.189
youngcharles@example.org;(424)561-8021;b8104e12-8c04-c85c-d589-842e270085b7;163.1.141.32
lopezshane@example.com;634.546.6432x101;a3c976c1-3a76-3bf6-3939-1a688a8963f6;132.14.193.167
gturner@example.org;+1-759-486-5600;9ba0f498-6f9c-49fb-6f32-1ae2da362e4d;3.160.113.200
matthewflores@example.org;660-420-6303;eaac0933-68f6-597f-3f06-b165d3a37c8d;91.150.110.129
lawsonwilliam@example.com;459-914-5884;2e0ea6e8-1c7b-4061-ba4d-bcf7b084e00b;64.144.212.166
robert14@example.net;692.981.4367x98172;4b6637e5-8dfb-e700-572e-fda3a1036c84;162.246.198.1
barberkyle@example.org;001-801-932-0757x940;9c1108a9-3975-89cb-8f3a-73834e8842db;80.154.215.98
toddmendez@example.org;988-632-1432x878;cf595654-7f44-39a3-cbf0-8271f1f6c6e7;214.250.224.183
mercedes05@example.com;846-650-8365x93215;605aac32-d81f-33c8-4bf6-fca651c713da;19.230.229.9
jgibson@example.org;001-748-467-4147x5711;015380f3-3c92-3096-2efe-1894fd3e70c1;196.118.199.24
williamjoseph@example.com;001-348-705-4401x614;ff656e17-ce97-fd8e-35db-6b0053bfebc1;196.231.52.194
watsonkari@example.org;+1-755-734-8369;8b1d2f99-1813-e7fc-5e21-1da127fe47f5;131.73.53.172
emmapoole@example.com;001-364-844-8030x5218;ca8a9f32-f161-b461-798e-f41badec9b02;170.191.63.125
walshdebbie@example.org;+1-658-861-9729x179;d290cd90-b237-5435-a84e-831897d37518;131.225.140.131
shermanmichael@example.net;(207)464-0242x3286;84e8ca8a-9e2e-e90f-f72e-bcaf9ba45a70;166.231.165.80
lisabarnes@example.com;255.890.5755;c04d6a51-9d2f-0dbf-2ad5-efcc59ece4c7;24.185.166.203
utaylor@example.org;(850)446-8357;310aae2c-7033-5b7a-28fe-bc8ed118676a;209.15.203.175
kingkathryn@example.net;869-589-7783x5419;f01f620b-877c-902a-1ce0-b39fee43ed61;198.229.121.221
dnelson@example.org;(233)334-7883x6194;d02fa58c-9b9d-fa9c-9eee-b73b092c1ebf;154.159.241.243
lwilson@example.net;377-363-9108;7b9bd014-bcd9-b6f3-f387-753f20a3ddbd;157.64.7.3
shelleyhill@example.org;(970)416-4739;f716ab2e-7e6a-a3ad-75e6-1dbfaca34e07;70.81.53.166
cordovajordan@example.net;001-245-292-8633x37224;e1ec21ff-f68a-211a-441e-aa0dc14ad3e8;201.217.131.194
kelleyjackie@example.org;+1-933-728-0452;b07d71fb-3132-a682-8e26-50d928fda45c;201.18.254.177
debra91@example.com;+1-775-330-4637x9687;a14a46b4-ed6e-9ab1-f112-fb96ebaa5d22;139.38.116.127
randallalexander@example.org;+1-681-593-4115x9597;9cd12ec3-1b10-e83b-4811-d16c275ff5ef;198.89.216.153
kristiepayne@example.com;+1-603-871-2754;57c25f60-3100-a355-1a3d-df87dab201ad;204.152.207.239
thompsonmichelle@example.com;431-597-2206;84d126a6-5ebb-f311-dc21-b915eaa4859d;166.200.134.144
ncastillo@example.org;3359291458;b455ae70-d11c-cfac-d0b0-015489c685fa;182.137.107.145
msanchez@example.org;792.789.9846;eb4e765d-e93f-d260-2c37-b01d7fad3eaf;217.75.54.67
tapiawilliam@example.org;+1-343-501-9914;b6b9500b-8171-d7ab-ae3f-4e3c12a3d36a;126.194.94.83
rayjimenez@example.net;6982597863;73d25a57-fd44-1e3e-5a0c-e067216a87ec;189.253.68.9
asanchez@example.com;001-206-521-3796x39771;74104a6d-6a9b-e846-a137-abc7cc90f4f0;27.151.231.158
yalexander@example.org;(945)659-2932;5c14f8a3-0c4b-079a-5033-5aa19160fe59;182.178.47.21
chammond@example.org;(225)996-2933;b0b10c4f-ad1a-8635-2903-3b9b533a5fec;211.246.9.173
kurt95@example.net;933-659-6016x338;f1793c32-756e-684f-d407-b93160743988;16.219.206.72
marshallpaula@example.net;789.394.8471x274;0313573c-2e34-8840-8644-575694ed69ca;194.236.107.189
chris16@example.org;(351)755-7713x331;41ea7164-8b74-2119-715f-4559a61408dc;214.121.174.112
richard41@example.com;326.696.2091x87562;4dad85c6-50ed-b8b9-d9d9-3e098622b1af;211.232.162.77
jessica19@example.org;+1-650-653-8079x95211;e1250870-4121-10d5-059f-da883d06853b;114.234.119.64
rebecca96@example.com;544-261-3514;6ff05621-9ec1-5cf0-8cfb-5c5949e5ee0e;218.138.42.117
devon22@example.com;(569)590-7097x370;29bf34f1-243e-80c6-338d-7e9d256b3f02;218.86.36.148
margaret38@example.org;(250)513-4421x761;28d7b5e4-033e-2a49-43ea-6c935dd37c5d;137.216.103.103
simsjessica@example.org;932.933.7776;2119879f-9b61-5d4f-39bc-d3413e48994f;193.114.233.61
jwyatt@example.net;+1-384-624-9938;ba50fa6d-90a7-132b-61e5-c16c7e001dd5;124.97.198.242
hpeterson@example.net;(502)892-5991;c27a1565-26e4-0e72-ef1e-6445d72a7a8c;178.210.165.150
luismalone@example.org;001-330-598-9977x389;6be6cadf-ee01-af88-085e-247f948de548;202.14.109.240
avilamelissa@example.org;+1-713-282-2615;2e5a4549-f403-6cc1-697a-03e6b2fba385;1.185.104.111
seanfoley@example.org;700-817-3399x3637;97305ca7-2673-5193-4629-9e5749bdb812;208.105.254.235
simsjessica@example.org;+1-837-615-5608x57334;a9c4a4bf-535b-14fa-8640-2fca5a756ce6;193.114.233.61
glewis@example.net;458-960-5326;b293b00c-e476-d99d-f885-7ccfb508c13c;219.51.39.250
qbrewer@example.net;975.209.6549x2554;62c0d360-861f-ed1b-b658-cf70714a25b7;210.160.19.235
bradley43@example.com;001-926-664-9493x5686;74b34729-c939-f732-0e4f-d27d8e221015;128.122.128.163
salinasmarcia@example.com;001-667-932-7271x42930;e1595449-c4fd-7382-5b8f-53274ffa5fe3;179.85.174.131
toddlowe@example.org;346.575.3116;6adfb0f3-feba-2a0c-f394-94eaede1f790;181.52.182.191
hliu@example.com;(422)954-3602x97140;12dab9d7-198c-f75f-9904-92afd51fde38;66.150.31.210
larryryan@example.com;+1-644-704-6458x5260;eb54b970-e558-71d6-ad65-869d96907984;22.98.11.19
ecrawford@example.net;(921)504-3152;aa09ed71-f6a7-197a-63dc-c8a90a19c6e0;220.210.18.187
carolhickman@example.com;819-576-0803x859;77f25ddb-cb7d-6f4a-ff89-721e96eb558a;109.198.167.47
patricia24@example.com;+1-963-924-1684;241fe716-8b8d-df27-65c3-67c11f3fac8d;14.193.187.105
david02@example.com;271-284-9395;15029583-8061-432b-68e8-8f2f41ad7bdd;131.205.157.201
mbenson@example.net;001-390-621-7380x266;a223c8a0-a0b5-6734-b4df-03326fc1a49e;165.172.250.45
katherine92@example.com;001-611-220-1968;79d35643-7303-20fc-e26a-5c77146f9a2e;199.119.248.76
bcochran@example.net;413-284-1966x07024;4e1dff9d-eb30-69eb-cc0d-a12192df8611;222.20.171.250
zachary55@example.org;+1-357-554-2718x1646;fb6e2a8e-4b3f-902f-4b89-ff9409ad46fa;69.48.42.132
johnsonsydney@example.com;+1-621-884-9726x7939;34f8eca0-9c27-eaac-724d-777492a858d8;24.12.192.254
maria29@example.org;651.946.2946;76223315-0f9a-0a43-ee36-e6d6a60cb07a;201.41.141.255
bpowell@example.com;(371)275-5328x94759;53fa7153-ede5-8981-7641-a5a2ef664934;47.37.0.53
jenna65@example.org;363.334.5299x86505;c942e657-5ceb-8283-76c6-f36f914ac552;54.33.173.143
cortezkevin@example.net;(628)759-0528x76689;f95386e0-78d3-bdf0-6443-f80b08c84ab7;154.245.136.5
bellbrittany@example.org;(891)765-1348x874;ed3dc723-e651-d9dd-607a-528fe62df906;207.135.247.140
imorris@example.org;001-523-311-0080x222;4d4e8254-a679-ebc0-8078-d7090b31f88c;155.184.151.101
robinsonsonya@example.net;+1-966-416-9707x4478;b65812d0-d776-08e3-ec09-dfaabedd02ba;156.64.74.84
crystal34@example.com;+1-824-214-6933x0502;97d20fe9-19e9-84e7-e4ec-85af5f08f15e;210.199.214.196
johnsonmary@example.org;(415)840-2655;71600d7c-f0d0-e053-c600-7bd26cc86a72;67.247.61.222
carpentercourtney@example.net;(739)324-8996x90376;ff4f5051-b3a0-1c0d-89c7-50bc362112b0;165.108.101.196
kathleen32@example.com;899-675-7437x51747;5c12391b-82b7-1fa4-d0fe-5cb92f1c8a5a;101.184.183.249
lorierickson@example.org;(222)272-0026;b477c3a1-b2ce-7f8d-ce1d-329d68d2dc77;100.244.159.80
mooreryan@example.net;933-720-6608x90406;32be3963-e80b-b136-70b8-bd3b2b875a75;214.197.185.106
ilucas@example.org;(244)783-2614;21188c0f-f0ba-e31e-0d6e-ba46a2c0eb39;156.143.123.73
bobbyschmidt@example.org;633-488-3829x1500;81841a23-163b-af95-ff7e-7e962272c572;188.102.216.161
jack14@example.net;(857)547-2728;fadf0f69-407d-7b53-390f-b72de2bbf993;209.41.130.156
sosamelissa@example.com;431-597-2206;62adfc4d-46fc-1073-ff03-bd3457721d6c;158.177.19.83
serranonicole@example.org;(951)888-6641;a308b158-acbf-402d-cecd-dc209dfb57f5;204.40.157.19
cynthiareid@example.com;+1-275-662-6958x69126;29926b50-661b-9dee-5f09-afa227d4701b;173.187.94.43
josephayala@example.org;(588)576-2443;c837b275-1705-f11c-cecf-e856883c977b;180.2.179.131
martinezerica@example.net;9718360842;f91409c3-16af-34d0-4df2-eb1b835a288c;111.21.67.187
michaelmorrow@example.org;664.430.6803;e2e5fdfd-3c0e-fdc9-43b7-0dcd49bcad11;216.205.201.135
daniel49@example.org;718.521.8108;36b693c0-f2be-64dd-6608-d4a6a82d6adb;178.55.255.251
andrea11@example.com;(702)623-4287x43450;fe5c1f06-1869-c0d5-c16e-747c787f3eab;98.28.84.230
carlosanderson@example.net;6209744364;67082c98-ec15-8055-c14d-622d089b8575;106.49.38.148
michaelreyes@example.com;+1-658-926-2213x22478;84f97b7b-443b-e8d1-2f50-f81d62fe98b0;6.68.179.28
kristen62@example.net;(847)263-3960;c5a38857-45bc-9aa8-4a4e-542cb44eab4e;91.37.70.98
westelizabeth@example.com;001-259-718-6030x6933;7597c522-4b25-67ff-8a76-e133d623c1b2;196.245.219.158
hernandezkathryn@example.com;001-959-703-1848x461;6a09f72c-04c7-7196-4f57-569314681292;153.123.55.170
linda49@example.org;+1-570-464-9571x688;c2fdd6c9-cd13-440a-2481-494f5093a951;121.228.1.229
katherinerodriguez@example.com;001-880-213-4938x96079;8b01a406-dcfa-4683-3f44-3f4aff6408f8;144.224.236.223
andre36@example.org;(411)329-1012x3120;bc8096eb-c2ea-1a04-ed50-3856202e8383;77.212.88.100
montoyaisaiah@example.com;(510)764-2498x704;9ed91521-3f23-11c6-1962-a0bd265eeb26;203.112.221.9
audreybrown@example.com;+1-882-266-7365x971;e620f2e4-c641-feb5-7403-0c0ccd730217;128.239.79.190
chopkins@example.net;(879)363-3246x75629;f77987f6-d457-17e5-0b7d-2247d3e71f87;222.190.125.26
bjackson@example.org;464-972-5602x628;67c352db-6966-5d7c-10e9-23fa12fdd573;207.190.64.161
katherine34@example.org;794-263-6911x31624;c3909aa2-45d2-b009-0009-0953a1206f8c;32.254.199.40
michael51@example.org;224.758.4687;7fbd9b2a-3319-356f-9cef-0c50267ae9f2;153.188.127.144
maxwellsean@example.net;928-203-7877;b6bb3826-8d47-72c5-cc7a-09e77b7fd299;202.123.89.135
preed@example.org;266.470.9191;026f56bf-e670-630c-ef49-f0b220509768;67.149.94.74
heather79@example.com;966.289.3857x35175;ac2c8308-5a3e-2133-ffa7-f926fefb870e;210.163.167.215
ryoung@example.net;959.279.9621;c8d5a682-e76a-3214-d45f-8fe3991d370a;75.242.233.39
khall@example.org;(975)732-4453x8069;097e0760-f2ea-f938-74c4-0de9e47755a1;51.168.128.255
brandondixon@example.org;969.644.0855x69347;4ba75e9e-8fa5-312b-9601-33a4448edd1a;182.155.41.30
ucox@example.com;(316)865-2902;f2406332-2f7d-9ea5-a239-82d5881325d4;195.23.161.236
ericsmith@example.com;(583)830-1935;e35ef340-1d1b-e6d4-54c7-05ffad71d395;63.243.85.252
daniellethompson@example.net;(607)314-0919x467;54ff18bb-b0a3-b8c8-7738-e93e0a6df720;65.6.84.114
franciscohardy@example.net;001-617-591-8586x8058;6115211c-7bc3-b151-d5ef-3996e788b0d3;192.221.71.51
heather32@example.com;+1-556-866-6677x737;3b9ae59d-71a3-2cf3-df08-f0c5f0f23690;193.81.227.190
moorebrian@example.net;282.885.0008x245;bf26c468-9113-c53e-b77d-26e2efe8b747;213.19.212.44
donald10@example.com;970-756-7670x8619;abada9b9-e872-a468-7e6d-fb40392c8a8e;213.155.248.89
gary73@example.com;3576502128;3d025789-5608-e647-b417-3dff26edc719;21.105.201.105
kylegillespie@example.net;690.849.7465x234;178482c1-a5f6-ec42-9eb9-12cf7f94efaa;192.4.97.42
scottjohn@example.com;001-218-996-1013x8047;87c4eb1c-70b9-af54-70bb-faf62a079b44;175.11.57.200
margaretgonzalez@example.net;664-593-9206x96480;94fdc529-488c-1a06-3cb7-bd2e56b68558;25.33.70.176
hmorris@example.net;689.668.5189;350176b7-7bf5-7955-17d8-6b35ff4e20d2;134.191.110.62
meyerdiana@example.com;9719396689;a403edeb-8c9c-3062-aef2-49ba92d507b0;219.157.158.198
jamie00@example.org;(502)250-5049;c04370a7-d27d-75ef-ee32-2d038c8554c1;102.239.213.151
zunigajohn@example.org;297-697-4105x1083;b79a937d-1005-3df8-b8be-524376da651b;171.42.112.150
ivandowns@example.com;305.894.0078x9989;6382c475-7002-7e4f-0b40-90529f5b516f;175.66.116.18
rodriguezkimberly@example.org;(488)505-1271x05587;e6e78825-d9c4-2fb0-ab11-86d2118382b0;217.233.11.99
mcconnellmelinda@example.org;612.810.8241x9142;f2e5abc1-0204-3e37-d3da-f5643cd6a4ac;108.240.249.162
nguyenronald@example.org;001-430-296-7179x79132;d71c5d2d-842d-d1e4-8cca-db8b02ba912b;223.197.175.32
xblack@example.com;+1-536-227-1956x09754;3ba5e655-2b2f-670f-18e8-2b000ea077cc;220.134.234.97
holmesjennifer@example.org;001-958-764-2597x7323;4fae8c41-4f5f-c54f-7275-bc939d35f5bd;158.233.11.153
montoyajohn@example.com;993.344.0797;e7eae568-cbc2-1a0a-318e-9a64ce20340c;214.147.62.46
vball@example.com;+1-500-487-8813;a3188490-363e-8b28-6649-1c1aaeeeae94;191.65.191.244
aarongarcia@example.org;(849)833-8203;760b0e3b-8aaf-f3c5-8c86-5bee1d0d20da;212.27.116.206
aford@example.org;323.259.9649x4004;0d9a5ca9-4009-c23c-7d13-2f115d756b8c;219.42.51.179
ahenderson@example.com;+1-275-852-4452x77615;4258662d-9ab5-7d7d-ed3f-1311d135dc0c;221.123.78.163
cheyennegallegos@example.org;688-715-7734;0b81f951-19e8-caa2-a182-85b8dcf852ff;97.22.253.74
robleskristen@example.com;001-200-371-9757x70752;84132443-4db7-5e23-a454-ca959deec9df;131.127.77.175
richardtaylor@example.net;001-918-747-4471x494;ca308ef5-8f4c-89f9-8c22-775403eac9de;120.223.130.236
crossgrant@example.com;(208)708-4581;84c2e2a0-324e-e453-8b3c-5a6c64060f4e;175.50.234.136
anna73@example.org;001-566-890-4661;9c20e655-d550-e3ef-1c4f-52611230fbc3;48.94.161.233
amy72@example.net;+1-328-774-2324x349;7c94b24e-edb5-1895-a0d5-ab82a652eb74;94.169.150.61
kmorgan@example.com;(568)248-8400;f5e59823-9425-f8f0-b6ff-aa7711c909a4;93.194.160.105
peterbrown@example.com;+1-640-218-4238x2440;3f10e459-758e-f8d5-6765-7841e8c09707;117.3.150.63
colejackson@example.net;(832)625-9002;1f95264b-7927-fd13-c008-ac277c3dfd12;31.67.38.195
heatherkrause@example.net;(321)452-5378x6876;5bf79b37-969c-c0c4-c7ae-1e4b3cf61ed5;215.50.212.100
christopher96@example.net;001-939-469-9049x3730;ff1bf8a2-c9de-d470-a22f-87ff0eae99c1;3.107.252.200
jasonpierce@example.net;316.457.4877x73041;06b5d30b-c1dc-18ff-097d-3f56769276e4;204.183.205.89
mariahuynh@example.net;715-704-2541x7484;2f5dfbdc-f4cd-02d5-36d0-aad5f2c122de;218.91.76.26
lawrencelopez@example.com;(627)692-7557x13195;278b9011-72e0-fc5f-613b-79e1acaf1673;181.31.191.226
angelica60@example.net;775-467-9222;200b3b2c-6f70-4183-9b48-5f00030c6b06;151.153.172.80
hparker@example.org;3563360076;ff90ba0b-cf91-fc81-8805-109273525627;11.21.133.35
alexander95@example.com;001-692-648-9061x8577;3f1a5924-b961-391a-2c6f-3e779a30aed5;200.230.220.179
brichardson@example.net;270.829.8660x603;35176bd6-60d6-fb38-e8f3-38c3744c5c77;154.7.84.251
xlee@example.net;460-735-1999x830;3c7dc0a0-6f1f-3bd6-ba3a-d84919176695;198.47.230.155
franklinjennifer@example.net;766.463.2622x76243;f3a3dfc0-08f6-7ee4-acc7-ec26b75c175a;62.148.196.211
robert30@example.com;001-626-463-6525;ed1052da-040b-0613-f14e-83f14221f1bc;218.16.200.203
nelsontamara@example.net;246-789-4445;cf657a55-82b0-c46b-a303-a1f518f1b0f1;49.43.32.2
christina59@example.com;920.427.5415x6418;09127469-1a92-4d1c-f802-3a649c8d953d;217.230.92.231
taustin@example.net;731.765.5672;7a7712d0-16dd-dcd4-1485-c46e12f0ac00;90.66.85.193
larry42@example.net;(744)818-3727;5a9f43c0-bdb7-e5e8-302e-dbf414209915;169.248.41.99
rachelmontoya@example.com;856.602.5712;198e7725-c630-62f7-9531-0f31261d384d;222.184.145.63
torresvalerie@example.org;(383)626-1622;7c4a0938-3ae0-3c6a-b101-c8cddaac72c9;191.89.148.78
kimberly55@example.com;+1-728-384-7619x22647;8ddd976c-69e2-bde8-b141-ffe0a065e8d7;210.14.217.205
mark59@example.com;365-370-8552x942;3d79cbfa-0ab2-2787-f9cb-391c9658d989;183.50.165.196
gary22@example.net;+1-649-252-5844x2597;ecf76937-434a-8819-ff88-0c958dc4b420;118.225.104.46
mhooper@example.com;602-364-2911x85760;15b37dec-faba-6788-35d2-21d868f325d3;199.203.74.194
ymartin@example.org;804-679-2297x60375;c171e1c3-b7e3-d111-f730-6ce0240e239b;167.34.230.228
dennissmith@example.com;001-206-521-3796x39771;4d78ca7a-3584-4520-5914-c00b1bbac6de;216.186.230.236
lindsay32@example.net;731.442.7315x09803;aaefc303-cc65-1c56-957d-774a51c5c057;106.45.20.187
qwalker@example.org;926.265.2169x8962;681612d5-9461-4722-508c-1536b19dffd6;128.153.96.13
bentonmarisa@example.com;001-689-958-5716x03935;51f6eecc-e3f4-9053-c702-ebe35cc38de1;218.104.178.216
dtucker@example.com;835-573-9811;297eed4f-e1da-1710-2aaa-385397d697a8;167.194.153.163
richardsontodd@example.net;+1-912-275-6826x3445;a08961cd-0de9-707c-6a20-f0a98de52a25;200.226.199.237
lewisjill@example.com;340-565-3882x344;6e3f1732-cd6f-9fbb-2a3d-4123ade894e7;125.81.18.103
jamescollins@example.net;426.749.2470x8584;ae665ebe-91a9-3219-280a-5650d2352e35;152.219.10.130
christopher44@example.net;001-705-333-1565x01378;92dc070f-b007-6038-56c2-692d9d083ada;169.155.96.85
michellesmith@example.com;(885)266-4682x11050;3f14c1a7-47e5-22ad-d0ca-d0759ca1b4a8;149.232.163.102
iturner@example.com;(702)623-4287x43450;faa50fd5-4d60-8084-b29a-4e1620ce66f2;98.28.84.230
john85@example.org;001-796-494-2987x438;620fe630-b410-cd58-f7c8-2de0383992e1;223.126.17.130
christopher68@example.net;435.338.8063x4914;1a90966b-59e8-1774-4652-188b8a58a7d5;207.196.158.69
hbrown@example.net;001-442-828-1934;7acfd633-dbd7-5bce-2ed5-779e664b0006;200.35.19.139
amandawilliams@example.com;001-938-386-3065x80523;64595320-b78b-e129-0962-005639c4305c;206.233.150.176
tlester@example.net;+1-686-449-9690;90f80625-cb10-09d6-a971-e8de8aa54f1a;195.27.105.245
douglasmorris@example.org;770-907-2348x46095;d0839100-db31-fe53-0892-0e8ea1900b30;171.56.86.88
ortegatricia@example.com;001-418-794-3281;6b20b009-9b73-e5ca-8105-7a29f8a2488b;206.214.30.130
patrick77@example.net;(781)258-5130;b68d9c73-f9ed-2b4e-5136-2fe1046dc9c7;156.35.109.190
hartmansandra@example.com;001-646-879-9214x7243;d9c04228-7ef1-7fc9-7c56-6603af28eea5;211.159.161.172
hannahstephens@example.net;001-395-912-9870;16aebfb5-b1d6-66da-d90c-774c6176ffdf;135.10.193.191
watsoncarlos@example.net;401-568-4766;99f54af2-e1f8-9139-bcc2-f6e3b9fe3bfb;17.117.30.24
michaelmartin@example.net;5898129564;a40bce5c-be56-aa44-69ff-3ecb5f2d5164;201.114.65.244
salasrebecca@example.org;223-427-7153x5080;ff6c8d96-9c61-7298-53d7-4162316a24a1;210.135.147.48
wigginsjoel@example.com;382-622-7181x57829;a2e47d95-36a0-2d09-fc6b-879f6d3d2422;201.112.60.77
kristenbaker@example.org;884-978-5869x3500;1c38e26e-2166-7cda-f134-fdb4ba03b6e1;32.131.223.196
xmartinez@example.com;727-303-3128x931;30a38295-6dd6-d461-2532-927195d906a8;188.234.120.218
juliaperry@example.net;+1-660-868-9074;30d7e220-cc96-b2eb-0758-96333fb03730;210.216.243.186
hsullivan@example.com;+1-991-379-5384x264;b18a7237-5f42-dc4f-67da-ce1fd56d30e9;202.232.27.95
hacosta@example.net;284-835-2136x13761;37f88eb0-5b4a-a532-4f2f-4ec8cd97a7fe;172.135.221.163
leejeremy@example.net;001-824-881-0118x3104;77525db6-1086-16e9-c643-60ff77ac78b9;138.203.9.241
bondchristian@example.net;(357)243-7895;a0358e24-765c-c120-3ee3-4b87dbd5d25e;223.105.209.254
natasha16@example.com;001-972-735-5745x30124;790228f2-052b-6ca2-bb7c-82a6f4d0e221;90.30.4.4
amanda33@example.net;451-706-2665;b36b1e15-24d0-914d-7315-a8fb71a00c69;163.227.182.22
gordonmargaret@example.com;+1-573-343-6607x5974;7874bb49-7705-f2d0-a933-c0bf46aac15b;59.67.183.7
sarah59@example.net;499.954.6745;337d78c0-9498-5feb-b224-3cd23fa50185;101.111.228.3
laura81@example.org;(661)583-1859x325;489fcbde-3aba-9671-6e67-2c76ebf439e1;5.200.81.187
mirandaderek@example.com;789.606.1444x40944;c472c211-6b2e-7e53-1f12-eee84eb01a7c;216.5.152.164
jamessullivan@example.org;833.526.9739x930;e7ecec43-a47f-c15d-2307-ee8677418a45;19.82.121.21
kcruz@example.org;(427)211-1209x7681;efc6e750-7965-2b12-eff4-efc5d0c90f2d;118.168.36.234
timothysmith@example.com;9159757663;b551b7eb-7839-4335-87c1-1e32941d4c66;150.100.252.160
danielsilva@example.net;001-836-270-3646x96422;673ea0fe-911c-3808-b648-49be7342c7ce;189.172.72.93
robertmathis@example.com;216.391.8632x169;b1017cc5-5792-a0c9-a717-2772bfd2bc8b;203.195.172.82
rangeljoshua@example.net;416-962-1239x158;4d2cedc5-7b7b-03ef-495f-4faf76f742d7;198.50.16.118
toddlowe@example.org;3273237951;f6221280-0c63-8955-e837-6d8eefd9d2c7;123.170.243.216
shawn87@example.net;479-631-6099;f6ae16b7-46b1-15ba-5c76-5e0c4f32ec0a;132.161.245.208
garciashelley@example.org;318.803.1693;2bd90013-e9b9-2eed-e661-cdb377912473;194.210.177.104
josephjohnson@example.org;001-227-425-2016x0133;334733cb-d879-2ebf-70c2-722683282dc4;134.190.46.74
smithmisty@example.com;409-300-5549x727;2da1f438-4944-4238-d7a7-fc3b7901593e;136.125.99.58
kyle46@example.org;+1-906-715-6475x180;5d5313f6-a464-f45e-e2c6-49e3cfa04b07;216.141.214.192
brittanyfields@example.net;595.733.5227x954;7ee80612-f6dd-2a57-7530-d6e5cf70dd46;214.56.255.161
david72@example.com;(681)357-1089x758;0892305f-99e2-89c0-1630-3abd74143bd0;80.118.187.60
qpena@example.org;574-769-8806x446;9b21c78e-7fe0-ce1b-d11b-0ecf16169e13;118.148.205.11
daniellehill@example.net;511.913.5582x24200;dc5a435e-8161-b9ab-6a34-b639c3e4fedb;200.82.180.232
lmaynard@example.net;307-317-8648;69f3a9bd-f077-3c95-a862-c6209979dda2;158.203.82.135
brownsonya@example.org;381.278.1868;57569a7b-f6d2-6e30-e078-6ada46fea311;210.193.182.155
booneanthony@example.org;001-565-686-6495x0494;e4da6d4b-a1a0-2daa-39c0-0bb0ac300c9f;163.94.129.225
sean24@example.org;+1-361-534-8604x4286;488df77c-430b-c7d3-992b-e86024fb84ca;31.127.60.108
lewisangie@example.com;001-904-309-7480;77d7fad8-d6c5-cc19-5efc-68430170da9c;219.50.142.108
brandon29@example.com;249.259.3081x459;3156cf76-4448-715f-dd2e-73d1ee8280dd;12.128.222.229
boydmichael@example.net;731.442.7315x09803;aaefc303-cc65-1c56-957d-774a51c5c057;106.45.20.187
pittmanfrank@example.org;(557)917-3795x290;1ed14e2f-eef4-1995-1b96-c594273d6b4a;200.40.186.159
currykristina@example.com;001-352-566-9411;f9c893fe-3629-59cf-f048-966d7100fb31;221.145.117.201
ashley08@example.net;654-972-0687;7c2d4ae7-86f3-3bd3-c13f-59b4a8bb1494;89.238.246.69
claudia38@example.net;243.772.1383;353d7823-7fac-ce04-fe2f-cbd1ccc07e4a;178.102.226.171
robertbates@example.net;2105120404;dd2a7f2b-0a90-0daf-e5e0-44fdd4e3c03d;9.111.226.192
kimberlyjohnson@example.net;6406261897;1c41ae8f-a8bf-b9f8-7571-5b4799c987d6;221.104.9.246
uvalencia@example.net;231-415-4957x46174;3231c95d-a5c1-da76-43d7-b3593dbf5f4c;104.152.71.77
jgonzalez@example.com;824-947-0552x1930;b74f0ec2-e914-4a50-ff28-96888289d4eb;74.73.12.76
longstacey@example.com;+1-911-446-9625x886;1547c4db-c101-fa72-0b05-778832cc7162;68.227.137.157
yolanda96@example.com;389.755.2018x55114;7eee7db0-78ab-009c-a6fd-12835125c085;202.205.46.13
catherinecherry@example.net;659.674.7105x29989;c037cab6-77b4-2a1d-f528-149ffe372944;33.6.170.48
davidgarcia@example.com;535-341-5438x84763;27be43ea-a1f9-f58d-a3c4-84bd6a02155c;204.154.99.48
angel16@example.com;(398)425-9809x918;09178a15-e92b-73a4-ba34-a8a8b7e54494;211.201.99.66
erinmorton@example.com;868.440.5024x01722;0271154a-1c45-ee8d-8b60-a1f62b4fdaa8;203.220.140.29
davidpatterson@example.org;959-485-6156;856562d9-4779-9387-24cc-d1a552a879d9;211.9.7.77
katiekeith@example.com;6704330363;cf5a803f-3931-a2df-f481-6a1cfcebb5b9;43.108.182.55
jerrygolden@example.net;447.592.5541x4685;029acad2-7229-72c6-8bcd-ef2d5c2217fa;130.164.244.4
coltonduke@example.com;936-499-0095;79eb2aff-af07-fb71-7d76-c9c83e2849c5;49.253.146.16
grobinson@example.net;755-812-2272x8501;42544d14-b8d8-b12c-1432-de9c43af9fb4;205.198.132.29
hernandezfrancisco@example.com;+1-852-251-0118x072;ff08b02c-8b9c-9037-709f-e7d1e6a041b1;96.224.133.51
ronald86@example.com;329-530-2759;e6ed6d80-b174-3f04-5377-5a56c0c57469;189.175.116.27
michael07@example.org;+1-809-934-3490x245;b518dbdb-3a93-e924-4482-9ea9d5a6b749;133.174.51.100
carl75@example.net;886-513-1399x998;010a28b9-7685-a063-9900-f28203e8be40;152.211.167.199
gkent@example.net;5033687752;b5d2b1d3-f369-353e-0900-41e5a87c21e2;150.160.226.236
ywhitehead@example.org;695-761-4068x8632;379ca961-7257-74f2-0da4-98c7cfdeff8c;203.0.28.253
paulcoffey@example.net;001-296-766-0237x584;9f1651e8-ac57-5feb-cb64-fd962e9dcd74;174.129.250.219
kevinparker@example.net;001-557-633-3414;95cfbc31-72f7-93b5-6f28-67046f69f86d;223.96.144.80
nbaker@example.com;258.795.5339;afe58a87-58e4-98e9-1d1f-1ebce14f84ca;99.201.79.182
olivia43@example.org;001-570-609-0838x280;fa27ba5c-365e-5ef8-8dc8-720a98b75021;223.159.67.228
igomez@example.org;(512)972-4140x16705;27a981ab-e8fb-0fa5-4824-d30b28ea348d;141.99.39.251
anngrant@example.net;906.546.3710x9987;58f44b32-6fdc-68b5-e481-7f53758f00c6;201.17.130.123
oconnellgloria@example.org;7846420244;e3ef5f15-9fee-b551-38b3-6f738e9705c4;196.132.96.76
estephens@example.net;+1-967-939-7008x7985;17e9fe48-77f9-770f-6d54-631aac27d5c1;214.96.194.38
ujohnson@example.com;703.534.7569x59221;2f1812e7-6198-c8f7-7ec1-90841e38fd9e;50.37.139.47
zgarcia@example.com;532.267.1969x5864;48e426c0-0ad7-f009-5d54-9d77b25919f5;206.226.175.5
jaredwhite@example.net;292-398-4430x563;07f04c83-1c1f-e10c-ef2d-95ac529152e9;115.36.6.252
coxalbert@example.net;001-632-492-2921x0665;84cf4c61-d5e7-4ac0-4227-90d030586ed0;70.43.140.62
lisaatkinson@example.net;525-434-4002x234;bf1f773f-b840-c4a0-bab1-1418ac544126;169.232.139.60
clintonharris@example.com;001-404-307-9243;4a789047-b613-34cc-9430-776c6dd0c6ab;198.243.106.164
iday@example.com;+1-243-775-9706;3e835599-07aa-6492-2f26-99e3c37ead91;179.21.64.216
bfrank@example.net;415-933-5274;398c6f63-88a0-b0cc-bdd4-2d3c9bef0a03;167.9.200.105
denise91@example.net;810-668-2197x835;ec483bd3-da34-a20c-9d00-a70864485197;27.224.194.157
sharon33@example.org;249-951-0317x980;3febde69-80ec-8887-e14f-8ff491c0c58a;212.7.108.146
nancy36@example.org;+1-803-280-8173x7864;ce951ded-ad86-3ddd-e476-04aed22a3d71;205.162.93.8
marksthomas@example.com;329-870-9194x796;8b4913a5-042a-3484-8a69-ab2215c97d17;52.79.74.217
adamharrison@example.org;+1-967-731-7034x6892;a8469358-9b0e-62c6-1adc-433423560821;75.77.249.145
tonya71@example.net;915-478-2215;7f655fed-3f29-b1f2-6337-65f7d4590f9a;145.57.36.246
fthompson@example.org;(681)236-7303;eb5300dc-3d85-f8ac-3272-0e0324ec8481;217.10.127.250
mikaylapotter@example.net;+1-610-748-5286x33225;a2768272-a87c-140f-765d-69bb86c2ad29;218.168.223.104
patty88@example.net;001-969-700-3825x66557;13d51e4e-0ccb-ff75-1c3c-9a0b3a726c6c;205.3.207.222
kbowen@example.org;+1-853-629-3970x0875;e8a0d0b3-1501-6988-1e54-7fcddf412e3f;159.19.149.114
william63@example.org;775-467-9222;200b3b2c-6f70-4183-9b48-5f00030c6b06;151.153.172.80
scottharrington@example.net;9973478792;77df8f5c-628b-f0d7-df84-c9d3dd191ab5;99.146.23.121
markcastillo@example.org;874-935-6110x41247;8b257e25-a795-dfc1-a8de-234af85e0c38;186.75.10.35
stephaniewilliams@example.net;384.518.0774;f5e179c4-92de-fa98-a057-803b88c03a9b;198.195.49.130
qhenry@example.net;(691)596-8661;6c7cb319-86ef-175d-738f-3ebc3d9e8dfd;221.151.7.151
amber13@example.com;681-242-1544x72929;5a5b5995-32d5-2bf7-3f90-5984f7c458cb;194.160.5.182
mle@example.com;774-241-7806x246;8f8398a4-c0be-e76f-94ea-f44fb43f2b94;199.80.126.85
cristina83@example.net;637-569-5520x7063;80ef0704-1780-4c2c-0f29-d54f5d0d66c4;155.195.199.103
nathan01@example.org;001-561-644-0910x619;74c2ca40-13d1-cb79-e145-0d3e9337c224;206.111.161.51
mullenmichelle@example.org;+1-474-573-1585x29159;b7006aa3-c749-dafe-6ec1-eb83078ed5b7;136.65.48.50
crawfordkelly@example.org;496.756.8145x7111;96b7ddc7-1696-3fbb-6088-4944697264af;194.140.166.208
fletchererica@example.net;+1-727-812-7554x586;796e2909-1ead-30ad-3ea0-d5c720e784e6;16.253.181.218
tatenicholas@example.org;944-214-5104x29772;60e9bb91-791a-6223-0563-41a7f6e58e84;213.176.1.52
phelpsanna@example.com;243-962-3777x917;4f49dbbb-97cb-cac2-64f6-e4991286c26a;87.79.167.5
john03@example.com;649.517.9198x031;a820f18c-b14c-b3e4-c707-3dd6eb156362;39.145.178.51
tamara41@example.net;(565)746-1325x0046;11c77902-054e-a503-f388-f6151f0cb5f3;139.120.39.210
donald86@example.com;+1-879-781-4253x1280;72dad4d8-30e5-c9a0-3c14-217f7f8c45c9;110.123.91.19
jasongentry@example.com;303.936.1881x5016;3a6f019f-4cbc-1835-396d-66abe533b8b3;206.15.162.114
susanriley@example.org;2962724085;430f243a-df2a-4d12-7ebb-910aafb5b3c4;144.81.248.50
xmata@example.com;722-863-1391x02153;9371f150-4fc5-15a3-f23e-21481f1d69c9;181.118.135.232
phillipblankenship@example.com;426-231-6762x984;e858a606-f4f6-c2bb-01e2-5f96f55514c4;150.119.173.122
harringtontravis@example.com;(708)742-6354x9954;cdda201b-1133-5bd0-c8a6-08d5b52f443f;135.159.122.213
christine07@example.org;(345)955-8523;d13a4c10-d7b4-53d6-85cc-7d3dc672bdbb;50.137.99.180
tryan@example.com;6634414608;8891e85d-9f45-8123-062a-1305b582db57;9.241.120.97
bellsamantha@example.com;(398)895-6913x898;5f7aae15-3dae-3c30-e5e1-3ebb4cd675d0;212.82.132.88
mariadawson@example.com;001-974-483-6241x48527;66da7927-704a-c7f8-2d4a-4610443f9930;197.197.197.153
alexandermassey@example.net;798.686.8729;4bad0744-f487-f8fe-a15c-bc8ae2b06733;2.38.221.31
kellymeghan@example.net;656.756.9521x358;dde4155f-0c34-4d39-2f01-65e0fed3ac73;206.225.135.226
gpaul@example.com;271-853-3862x73941;1a17c085-4303-4fac-bf5e-af9abfcc512f;4.103.191.209
fhoward@example.org;3827106721;f3d91cc1-02ab-810f-0e24-7ba1e4bc0a12;210.104.122.6
pearsoncraig@example.org;+1-799-550-9807;7314683a-bac3-d021-b1ae-26eddeb4a1af;104.134.221.91
nprice@example.org;661-642-7562x050;14eaab96-015a-c8c6-61dd-a7f7033bd74a;192.52.219.162
rosariomichelle@example.org;001-300-642-6235;bf9f31f0-b7c9-f4a7-5936-9a83759ec5b8;200.15.66.51
ashley29@example.com;491-372-8690;ecb5fbad-188f-bab7-0895-3e392233d4d4;214.138.97.116
kimberlynorton@example.net;492-895-6609;da7bcedb-efd2-c30c-888e-ce215e82618c;171.125.152.217
morganmichael@example.org;001-280-307-5483x814;993c6248-9b04-ac1a-fa7e-c3547008b965;146.67.32.109
wortega@example.org;001-990-439-1324;634012f4-eed2-f301-4d7e-b59de1ef657a;106.219.87.73
jenny73@example.com;+1-643-813-9003x672;63528f9a-a7ac-f9ef-eda2-f42e10b9bbd9;208.133.29.183
millschristopher@example.com;3647740964;49993079-1589-12cb-7469-0a4790153376;120.116.79.3
danielwilson@example.net;+1-520-246-4765;296d215e-fa18-45fb-479d-f25a78fbef94;214.111.156.89
kristenserrano@example.org;616-583-5517x5177;f08107c6-fba2-e250-bba5-3f418c475190;17.174.239.127
lhaynes@example.org;(671)973-3180x28566;45caf519-09da-462b-b266-d6da2c72d777;43.49.192.112
thomas28@example.net;(947)947-4584x387;2b84c2f9-6e6d-deb4-7c50-d92e28c935ee;194.72.66.190
robinsonkenneth@example.net;411.551.3186x21568;90c52cf1-8074-ce04-0d79-2605b449abc1;193.71.40.163
ericmartin@example.org;001-717-574-4699x9059;e4812519-637a-9d3e-907f-4265eb1ad4e0;192.27.106.32
ywood@example.com;847.379.9843x207;46e8367a-9eb5-07f6-5d36-0c4a09efd837;183.232.254.197
nathanturner@example.net;498-458-2663;d0b3ec08-87a4-92c1-ee93-567e6578648b;210.102.15.53
hayesdavid@example.com;001-560-403-2798;86b5a38d-3dc6-ab99-ee39-7bc05cd4152a;195.211.11.52
trogers@example.com;+1-423-231-0330;6af1b20b-e4aa-c6f9-d7aa-257edf03bd7e;142.188.166.42
tyler49@example.org;001-434-768-8585;2f699e4c-9e53-c192-b6f4-675427ff4ad9;177.42.94.108
benjamin92@example.com;+1-495-597-8828x1683;218e3d41-54f4-5327-e348-f5b3a7b19480;71.87.130.100
zharper@example.net;4962839582;06c6c4c9-d0c0-4e43-0eee-8d2be936f8ba;144.92.175.38
odavis@example.com;3347657244;b26924fc-762f-8cc4-0e91-e2efbc2d399b;118.33.156.180
victoria66@example.com;7656249004;c5abe823-aa4a-004a-2e93-e88f806314d8;221.239.201.81
simmonslarry@example.com;319-936-9599x06681;c4af9ffc-27d5-9895-0901-4071feef9be1;206.61.148.154
johnmorris@example.net;001-324-652-7153;80e5bd81-21e7-23ef-b8cc-0d34abb7527e;136.24.47.125
jeffrey88@example.net;757.707.3917x5098;666b59fd-6f2c-d167-0a76-aa201d5c8f0a;25.182.187.77
thomasdavid@example.net;778.373.1846x04472;9c294459-aa8d-1934-9855-236338123bca;53.251.150.160
crawfordsarah@example.net;626.419.2460;94a490bd-71a0-ef62-beb8-ecbbd95ded91;216.112.97.194
amystewart@example.net;(402)573-1444x2687;58f9fb52-07f6-0780-a065-f648cfd1bbe4;201.38.128.164
paula59@example.org;(944)473-6953x8869;632ca546-f17b-8448-0bdf-be01fc234a30;194.223.72.248
medinacameron@example.com;(903)356-2599x716;cae684a9-029d-f583-260a-dd3374eeac7f;177.23.220.132
watkinsmonica@example.org;4059548835;8faeb4fe-9547-1d93-462e-83739799c95d;143.252.59.236
gloveramy@example.com;001-604-710-3284x8607;16c13394-73c6-261f-761d-70e725acf6ad;15.204.109.154
douglascynthia@example.net;+1-267-766-8795x621;db161b50-da8d-10a0-f245-5752c6073489;203.79.124.248
jack76@example.org;001-868-324-7276x44670;5c7366b1-8a95-ecc1-987b-e633bf8e737c;12.24.86.245
contrerasjessica@example.net;(821)542-6662;b106a1e3-24ef-58d0-0b31-ba4b8f93042c;135.198.187.217
thompsonphillip@example.org;001-407-733-6828x9198;2a68493c-4d77-4b3b-27b6-daf893c23695;193.114.140.49
carrillodenise@example.org;+1-646-658-8184x114;6fa91929-435f-3392-fb8d-065cd095e9c0;111.139.143.104
melissa66@example.com;213-896-6745x943;5b14cd01-1e0d-4e61-778c-223f984b28dd;79.76.83.65
lovemary@example.org;001-819-919-0157x4138;3b94faa5-07a4-74be-f999-e4b0f430e08d;100.29.35.17
aprilbell@example.com;643-584-3680;da4ec50a-df8b-77a1-db43-257a2226feeb;201.190.36.18
christiandoyle@example.com;4685395829;efbf0252-1d46-6ab7-5138-c10a1f5b13c2;192.25.201.27
goodscott@example.net;675.269.3530;54f0292b-00be-a20f-94fb-783f0eece448;150.203.135.251
davisjoseph@example.com;001-684-927-3587x0355;7f00d7e3-3d32-19ae-bae9-2a75345d521e;174.49.209.74
tina45@example.org;648-262-3385x22472;90d6ca01-728f-3885-ac47-1e386244dc5e;143.5.82.153
nicholasjohnson@example.org;(883)377-3631;e4e3eb02-aa31-64bd-1239-6a5b7652e444;116.148.67.51
sethchen@example.org;651.614.7836;93c78c5b-65e7-d85b-401e-e788a5ea194c;155.201.223.162
boyledaniel@example.net;748.950.2938;cdb551fc-6159-91f4-590d-cced3bb5b284;199.141.113.69
joshua85@example.com;841.660.4144;2fe1fb1c-5873-3d95-a675-e19558198f7b;146.243.155.116
mcdonaldkevin@example.com;001-540-663-5565;b5c98420-96b9-a7b3-94e7-81ec276d4381;139.141.70.244
drakedebbie@example.org;+1-707-483-6673x143;02ff464a-930b-8be4-d514-ee03775e8207;152.194.158.57
anthony57@example.org;(271)942-7240x55876;ea759671-7273-9cc0-bbec-e6d5cb70200b;46.182.123.145
zacharybarton@example.com;(880)776-9382;5fe5c31c-0f5a-d17e-99db-58ca7ae84db8;55.219.225.0
donald69@example.org;559-482-0157x378;3ed12dc5-02ee-6d79-7e7f-8a12875e18c9;114.71.119.151
singletonvanessa@example.net;+1-391-958-2968x978;8d2d2386-1ef5-f8a6-3a1b-da738ad3cedd;124.211.158.164
djacobson@example.net;+1-428-944-2224;8dd07473-931a-d3d0-9f4e-d1471a2eda89;155.80.189.17
philliptrevino@example.com;6777720460;01d9c222-5f62-81a8-c936-8f3bba7081f8;217.83.127.215
ujames@example.com;001-617-845-2066x60971;ad46ced2-1d2d-cde1-fcf5-1c5f4c079491;193.32.239.28
rachelmontoya@example.com;856.602.5712;198e7725-c630-62f7-9531-0f31261d384d;2.214.159.183
andersonkelly@example.org;+1-616-751-9453;83271163-82e8-dc7a-fd76-1f0e7e783035;211.36.39.164
jbryant@example.org;266.911.6950x5619;e5db5ebd-ae74-bf4a-27a1-6feb2dbcf020;199.61.38.248
christopherrobbins@example.net;240.716.9050;faafeb76-494d-52ac-767e-c7e2f2a66ebc;55.93.118.73
villarrealmichael@example.com;230.820.3364;d4bafb7e-4739-2990-340d-077a10627bf3;214.58.57.237
karen82@example.net;676-810-4720;d47ffa4b-9c4d-d7e5-3737-124bd62b625f;222.44.93.142
garcianathan@example.com;001-942-323-8230x0748;f74820cb-7a80-8119-2a9f-1afe4da0ac63;79.204.116.121
mikewall@example.net;+1-787-877-2901;dd56f3cd-6d3a-0dc7-cd36-99976e0d0f0a;209.66.117.19
joshua81@example.com;503-735-2477;93ca9635-32ba-9934-df9c-beee0a406032;223.231.213.211
wrightamy@example.com;6657717279;6d510a44-e060-d4e7-273c-b9562b061e11;196.218.227.219
valdezdavid@example.com;+1-377-383-1542;04eba7a1-bde9-9829-4fa5-874fc8684dbb;38.88.85.243
vturner@example.net;886.689.7791x8773;79a4ffe3-3716-bc5d-87bb-3569cd8a012d;154.74.104.55
hickstodd@example.org;(634)974-7519x5366;b7f6604c-2b34-98c7-3805-612d77a57512;200.106.81.82
carla29@example.com;(740)633-3612x99636;a57b9ec8-4255-17be-eec9-81a0cd82f20b;6.148.149.42
amoreno@example.org;655-867-2718x07053;358db3a0-e357-2cc9-f52c-f73264157642;129.111.238.184
taylorjames@example.net;471-400-3474x874;0e093fa1-e7e4-75c7-d0b9-175f6dbb0fcc;210.195.186.109
gregory32@example.org;273-627-0965x102;d0bb6d1d-f802-7a90-8574-20f9a07a5e0f;198.185.230.111
whodges@example.com;923.877.2506;21e593af-99cd-a3ac-1584-e014756195f1;214.88.180.98
lmaynard@example.net;001-876-766-3220;10f8bf2e-9cdd-a699-6d74-5f6cfed7a88d;50.213.171.187
scotthernandez@example.org;616.841.0487x806;958ca15d-5aec-c18e-fd54-6bbce82994de;142.112.44.82
jamescrawford@example.net;001-843-507-0285;6e50d60d-5e1f-f940-bc7a-0f6d64e9be13;209.56.239.18
nealdavid@example.org;+1-658-993-4882x290;b5e77f9d-73a7-1cb2-a6d4-ed2bbb878ef9;79.93.89.74
dmanning@example.org;950-999-4076;4b50f2c6-882a-3bd2-cf5d-34a192bb7777;6.72.49.92
jamie97@example.org;461.758.4232x46016;35ca8dba-f321-bbb1-cbc3-fc51373a2dbe;101.2.243.192
nicolehuang@example.net;818-712-8312x80306;8a0d3856-c6d2-0b68-844c-c9d8553da8ad;79.49.176.224
darrell32@example.net;(373)870-0951x725;a746f500-0914-1674-0e8e-71f368aade2e;204.84.17.132
jessicaconrad@example.com;+1-469-818-5442x2574;5c6c37ff-7a92-0c7e-b17c-a87218dcc266;210.183.40.171
opatrick@example.org;666-661-3075x82448;8e38136e-71fb-6979-2189-e6d132f68a78;144.61.83.237
garrettcarter@example.com;674.346.8867;3a7e868a-5692-5f13-5ab5-bc9ceacc4fa2;96.21.236.110
brownlaura@example.net;456.836.9562x1727;8f448a88-684f-a54d-36bd-772f661ddb49;7.214.218.171
samanthaharris@example.org;001-912-484-4657;77397b12-fbfa-1241-cdd9-c433a4f3eca5;208.255.177.232
nicole08@example.net;(943)793-2405;e1306842-0797-dbc8-9a96-bd486ae8a86d;220.30.2.54
leejasmine@example.com;(273)990-0682;f52fcf01-571f-fb25-ad4b-3a18ddea4214;209.175.26.155
emilyreynolds@example.org;4207538960;2f250139-d347-3a8a-502d-68dd39e8ca46;169.179.138.153
bglenn@example.com;(945)840-3852;e67fd667-cbe8-4536-2c1f-c1eec34350a0;7.177.95.122
danielleneal@example.com;884.314.9340x55660;66d023cb-490e-aa38-aa6b-20ec6eb62b22;52.138.187.215
ttaylor@example.org;(239)568-1876;12e0572a-a38a-13cc-630b-00afb7128dee;81.137.233.164
vbrock@example.com;+1-515-946-8497x4414;0cb492f9-b91f-454a-d10a-8bf4ac153635;193.71.153.68
iwallace@example.org;+1-786-896-0175x441;59c944ee-5a72-516e-7399-4bb02919540d;156.77.224.157
lee58@example.org;8154939834;deb2a98f-4f46-3d8b-49a4-1d92068d401d;198.120.235.217
hogancarla@example.org;(856)559-7441;63350074-a7ed-079e-754f-4801776a1666;200.150.36.196
kvilla@example.com;(745)447-0027;d77e8049-8b94-31bb-2c6d-4636580f7b93;223.82.81.64
brownkathy@example.com;001-749-411-8688x25723;53c70d84-5fbf-327f-08cb-2b1f040a5842;31.57.40.190
matthew29@example.net;267.400.2763x076;be7a2c37-03a0-8725-72bd-bb08ee8ff164;76.73.54.80
mark50@example.net;(572)301-9888;cd90e27c-a8e2-7130-6bee-81d1988a883d;208.70.37.133
tyang@example.org;(853)544-6985x3409;01169183-a2b0-66cb-3ffa-69a431d1d544;145.173.86.143
jdouglas@example.net;001-509-469-7645x58296;7b694f33-c27d-0b2c-5f31-35e192d1062f;57.128.164.182
lucas79@example.org;955.950.1786;6cf19e8e-a629-35fe-0fa9-1adde3ad5c7b;177.159.186.203
christopherbriggs@example.org;001-617-591-8586x8058;6115211c-7bc3-b151-d5ef-3996e788b0d3;70.53.158.12
gcosta@example.net;712.948.5773;1add54f6-1d6c-bd65-698a-e17e48746b42;129.193.229.7
rodgersjon@example.com;001-725-687-8763;188f2cd7-98ef-4d15-7665-4a389cfb4ae7;76.244.94.96
freemanjacob@example.org;001-625-836-5458x75785;59308965-85c4-262e-3914-1b395b6aaf71;60.215.224.94
stuartthomas@example.com;782.498.2230x1902;5578391f-d61b-6bd9-046d-0a41f615bb8a;167.126.245.82
melissabeck@example.com;250.571.0251;8766c481-e728-94be-f57b-49574930cda9;216.103.180.246
ukrause@example.net;406-487-3645x688;2a2d8b58-228d-0bf6-9adb-b033c9ac0e59;202.244.253.15
arnolddonald@example.org;001-655-806-9190x84140;9180e208-16eb-2238-e565-2263682c55e8;21.224.59.39
rmejia@example.com;440.289.5701x034;a5003176-a9ff-a5fb-816c-04e6bb305a57;192.107.82.179
ehamilton@example.com;+1-725-389-9418x136;a531bb33-7c96-2c71-83c9-8150f0d1e234;94.179.219.177
erica62@example.net;001-384-370-4015;efb80c58-80b8-7bf3-2ee9-80abd50cd346;135.227.34.165
mcmillanbryan@example.org;3342340100;fad24b2a-696d-198b-b35b-3803646d10d2;128.16.168.245
marshallsarah@example.net;001-289-565-3540x217;e0b6a348-c7c1-0cd6-5d4a-d785ce1759a6;16.142.124.109
drakeerik@example.org;001-625-615-2471x81925;86086cc8-3d66-e788-0fe5-fb4a27e87072;105.187.55.122
rhonda57@example.com;7448113942;5a65e63d-bfd8-cff5-3220-0d287518a650;182.224.98.63
onelson@example.org;(474)704-1931;2483145a-c798-d889-dc7f-00a7e85d0539;168.91.15.140
zunigajohn@example.org;297-697-4105x1083;d190897d-95b2-30d9-ecdb-5192e3599440;140.164.194.241
darrellwatts@example.net;001-926-426-6694x80628;e88d3678-18bd-382b-95ae-e4d4f2d026d7;204.144.14.61
jessica16@example.org;461.496.8081x96350;0102efc3-a71e-3524-5521-9646f8c15996;56.91.190.13
jward@example.net;2105120404;a30da9b1-62de-80c6-ca8f-4c0c01f4d955;9.111.226.192
phillipsparker@example.org;+1-332-962-8556x98560;8cc297ed-fe0f-ce1a-e4fa-e671c563df81;133.31.10.72
davidpatrick@example.com;910.501.6165;45b99c8e-df46-ac1c-b3b1-063737aa193f;64.93.128.90
efreeman@example.com;4283294744;6dabbf2e-52f5-b81c-65ee-7fdefd3373c9;95.231.59.50
gonzalezbrian@example.org;515.657.4461;e56e2e6e-b7f9-788b-73d5-6369aab1df0c;156.48.110.220
maryrodriguez@example.net;341-318-0114;8dd4f5b2-df19-981e-932c-d6f33f2f1c67;214.204.52.67
ashley17@example.org;855.752.7860x9425;0158c950-7af2-c49b-5a5f-faf5a555430a;87.116.253.72
wyattvaldez@example.net;(422)554-1361x310;d6ccaf66-291f-199d-9e4d-246dfcad4358;169.155.96.85
mariajackson@example.net;5369593461;b5ae376f-94ea-ed89-c16d-5a48e2401703;209.93.137.194
vsimmons@example.com;+1-789-707-1777x85310;ad5aa770-e2a7-307e-d508-dd5e9c9be7b3;64.118.208.19
jimmy17@example.net;(378)422-1823;073fd47e-331b-ac0c-6ad5-22ae80ee9517;215.13.11.53
uhansen@example.com;(844)818-0935x55665;ce01fa21-c792-be07-0b96-45473e1dafbe;207.100.176.114
eric05@example.net;001-672-941-6894x8397;36e6648e-7771-9c1e-b629-4e46711253b6;38.15.63.236
michellemitchell@example.com;324-557-8523;b4d5f39e-3c56-1dce-032d-6a1946f605ca;67.115.195.109
william02@example.net;(284)211-5358x00076;973f2f6f-f44d-1b19-3d37-a9fcd004b8b2;67.233.103.39
dcaldwell@example.com;+1-822-291-5110x47603;7e4c1f3e-9a80-6fac-b1c3-feec1a626a8b;81.27.225.102
allenbrandon@example.org;+1-796-639-0700;e41f658c-93db-72ae-8542-78d001ab41eb;196.83.95.36
brycewoods@example.com;001-233-621-6087x2681;ee321023-bada-6363-248f-7d16886ba33a;201.252.135.144
gsmall@example.org;980.929.0080x1409;762c3660-79ee-8482-2cc9-35860e924fdc;134.190.46.74
goodmanwendy@example.com;+1-757-305-6245;28fb78af-84ca-5b71-9325-019888f6bda2;222.81.76.245
tshaw@example.org;001-565-818-8422x79122;02664bf1-0619-0d6c-2bdf-4240e7e0740d;88.246.34.121
walkerwilliam@example.org;209-631-6226x32795;bd9722de-966d-45d0-85c7-8da8dbf08672;195.72.208.206
samuel98@example.org;254.823.6492;e08a8258-d537-2089-37a5-88779f7e157b;172.4.146.111
victoria45@example.com;+1-526-660-8769x88451;ce161be8-99a5-0957-06a0-7fce4ddb6980;8.133.116.164
hickmanmichelle@example.com;622-306-5961;096f54a5-0627-04cb-2838-5f4318525cce;151.75.144.142
scott06@example.com;(818)263-8005;341cac1b-f78a-3bc6-85ed-e720b865233d;89.15.201.218
cdavis@example.com;488-525-0045x104;513a1798-48b1-87a2-aded-e7da07e9974e;44.217.160.197
cory65@example.com;+1-500-398-0967x617;3da6a0d5-f22a-4da8-5740-56911197addc;168.201.213.223
hernandezalbert@example.com;558-413-3628;01705513-607a-48a7-5f04-0bdc5744da32;148.117.151.6
kimberly95@example.com;4788141467;5e7bfdd8-8b43-6fb7-4e91-a11e55702d2d;215.62.129.158
andradetyler@example.org;912-381-4342x09811;f1a1054e-b92a-4f4b-912f-c464061fc6b6;204.2.155.17
ishaw@example.net;+1-851-412-2406x2896;5f1b42dd-1d3f-02dc-9266-b1ebac875590;223.238.58.210
allenbrandon@example.org;+1-796-639-0700;8cb2bf9a-ce8b-edb5-46a0-b8156b06ea03;218.137.190.238
uyoung@example.com;640-597-4942x11623;70329ddf-87c7-ca2b-ca3a-be53fd9b3064;140.45.15.158
garrett33@example.com;573.477.9994x062;f5af88c6-ce21-7ae7-350f-abc48d6fc41b;146.182.125.251
smithmichael@example.com;670.242.5697;dfa81f5f-6727-78c2-5dda-34af2820a413;186.1.145.236
johnsonkenneth@example.org;(821)542-6662;2f3ae063-48b9-21b7-f36e-56b120d3eb94;149.244.108.51
erica09@example.com;001-532-271-6345x25005;c7d6f189-4196-2ead-6b43-28c92a42e0fa;147.14.216.51
aguilarmichelle@example.net;(588)205-5437;46074a4f-c664-c96c-4322-2e62fb370d79;209.253.131.140
kjohnston@example.org;216.808.8440;25a260bf-5f8e-7b2c-07ba-83b240e8a96c;161.169.215.230
blakelinda@example.net;314.871.0048x468;b9e56ebb-4d6d-864f-5c26-c886cccf24a0;139.251.36.97
tpitts@example.net;465.280.5203x357;1d0a5b63-3d37-6243-b81b-41e0626ebc5f;121.217.170.145
lstanley@example.net;+1-639-530-1527;cb550a3b-1926-f6d2-ecec-59a0c52bcbf9;139.42.236.112
pbarnes@example.com;482.719.6321x69256;3ac28677-24aa-c252-c282-e48219640413;188.112.172.244
jeremykim@example.org;001-889-470-1964x720;0309f579-afdc-183e-bc12-346896a4d1cb;51.253.68.71
jsilva@example.com;+1-247-834-9585;b79a937d-1005-3df8-b8be-524376da651b;171.42.112.150
khorton@example.org;379.949.6530x96618;b35c4524-a603-a0b7-e43f-557ada1dc90e;129.149.195.195
lawrencelopez@example.com;(824)899-0736x948;11bbe368-d576-153f-faf0-6fc9ff31c372;207.208.8.137
jritter@example.com;001-515-539-8701;11277550-3ca9-ff7f-7733-b2ef1683fcb1;13.252.70.149
tmartinez@example.com;546.866.5005x74722;c8edc84c-798f-a0fe-402b-8d0b1f49444a;161.254.96.60
cunninghamjose@example.net;6337563749;c010902d-d64d-cd59-fc67-fd50ecb08798;160.121.26.7
qreynolds@example.net;(901)896-3350;b8c7481a-0c50-58bd-e4b2-07e4263fe4fd;130.60.233.244
carcher@example.net;+1-922-432-9063x616;045ffb34-6d2d-0a54-ea6e-c60af2e00851;38.225.186.106
anna22@example.com;+1-800-359-3256x939;ccfdb9ac-61c5-aa3a-7c66-b78d9f39739a;205.139.215.6
lisa35@example.com;817-399-3789;3e0273cb-4938-0e33-221a-545c4a95ed6e;198.78.85.133
robertbates@example.net;001-569-867-8816;dd2a7f2b-0a90-0daf-e5e0-44fdd4e3c03d;129.145.86.229
glopez@example.org;+1-597-406-9988x719;8db85e97-1d4e-4203-7151-a0c20a9f2e45;52.236.159.5
shannonwendy@example.net;218-981-7052x264;27c71485-c105-edd8-c03e-30084adbdf92;210.213.147.125
briannelson@example.net;796-515-1653x71999;46835a46-a39f-f0e9-a68f-2212817bb46d;223.178.243.78
thomaslutz@example.org;(464)471-3735;20206d16-5e80-bcae-a4ff-b3bcd96ae04b;214.121.10.58
erin14@example.com;+1-319-236-7329;f320cc54-7538-de73-2920-36574b3fb72d;36.74.119.168
kimberlydavis@example.net;+1-841-987-6992x1021;f48aacaa-c25f-c8e2-567b-6a8fdbc6efee;183.49.70.57
shawnbeck@example.com;001-662-837-4658x42164;23f1a8c1-2cb1-1cd3-92a7-a6ce8f3f592a;77.141.222.45
icook@example.org;464-868-0769;f1d5a990-9ffc-f7dd-8956-e3badc94236b;193.184.82.176
johnstonbonnie@example.org;+1-456-228-1346x77434;054eb41f-b011-7d6c-62d7-8aa0ea06581e;191.94.41.52
pamelamoses@example.com;698.428.4037x93200;570f7dc9-4870-b14b-4933-8cbb322464c1;174.94.250.103
brownevan@example.net;+1-560-607-7209x49380;cdd7e790-6e83-a4fa-43c1-629f373d547b;168.61.251.215
ulester@example.com;8326995406;f43ac4eb-fca3-41f1-2860-e665803b99ec;178.11.162.181
sheliastafford@example.org;722.342.6232;987963fe-00ec-01e7-708f-47f82b491ef5;197.225.244.20
pkelly@example.com;+1-338-717-8482x986;dc6718af-cb8f-c3ee-0711-7731e4ca47ee;211.143.255.23
morrowdonald@example.net;001-816-463-9965x73269;1133861d-4e98-59d7-b497-19bc19f926cb;166.172.190.231
michelle80@example.com;515.941.4480;c2453830-ba4c-812d-2976-691eb7ec0aa1;7.126.57.249
jamesrose@example.com;766.564.8643x9064;afee5f81-a670-f397-96a1-541e4e92f1f9;14.194.221.176
bmolina@example.org;+1-890-267-8946x979;a918897d-a723-55cc-4ead-c5d573ed0400;135.107.102.77
kford@example.org;235-417-7402x609;bb7e860b-3599-3225-77ae-897263bcd1ec;60.67.210.245
qking@example.net;+1-485-501-9781x2286;e171f3fd-dc27-90fa-1bc5-bdfb9ac03340;22.47.109.63
toddlopez@example.org;211-501-8845;449d0a8f-a25a-d3d3-8dfa-a8e827ebfc1d;209.254.211.152
freemanrobert@example.org;(584)687-2059;6b094c76-df24-1c8c-3b2c-b823f7ca86b8;83.227.191.100
lynn87@example.net;+1-661-258-7251x55330;72aae7b7-38db-7b0a-30ed-6b4407d7369a;15.192.61.130
adam04@example.com;8539479839;13acf6a8-1d53-a7e9-8936-a6f30fc06673;208.86.61.76
ggiles@example.net;299-736-6778;1b7996ff-1ac1-a46c-83f3-2cb001ce5f28;128.196.28.251
jamesryan@example.org;7575260955;01b82b32-3c6e-8eb5-0856-e90ff72056e8;3.91.193.134
jennifermiller@example.net;586.881.9904x14185;823ed0da-d865-a912-eb7c-e772b412716d;105.206.58.105
amyjones@example.org;(597)698-0111x13745;4a428f2c-1688-b6c5-efbb-a1b78a1a07cf;214.59.87.157
jennifer80@example.com;(444)228-2610x318;4fceffdb-dddd-25ac-f7a7-e99350cec9e8;12.169.101.183
xmata@example.com;722-863-1391x02153;ce8d11ee-5aa8-033a-7c90-713f6b1c0182;212.115.110.79
craigmark@example.net;269.338.4876x0155;93b94cda-a905-54c3-42a0-02a78ad690e5;43.118.9.120
edwardsevan@example.com;868.321.8807x01294;d6ed1a44-5d50-9419-263f-edd8517c64d3;213.47.102.83
alisonmullins@example.com;392.490.7382x72823;9bd8eeaa-b8f2-00b3-5f54-b55d8ab7bc72;214.40.207.236
morrislarry@example.org;710.889.6758x547;60746ba5-4ff9-bb3b-966e-c5b988fda4c4;78.223.11.15
derek02@example.org;393-948-1265;7a087ba8-e1b5-a4a8-c1a1-97a7a3a42cd4;34.225.99.241
kathy38@example.net;(897)576-6751;4b420800-4b94-a590-d631-a22f87ad2b03;190.103.222.118
logan09@example.org;+1-717-621-6498x621;fadcd105-37c6-7249-c662-f6e74459a617;206.71.115.140
tmcgrath@example.net;672-335-2992x812;452418ba-9ff4-6e78-01f9-d46144cc30f2;193.71.153.68
xlee@example.net;460-735-1999x830;3c7dc0a0-6f1f-3bd6-ba3a-d84919176695;89.158.90.235
chadgiles@example.net;466.357.8713x33990;db1ea48c-d3f5-386d-ee0a-3a4522dfb913;213.52.92.15
joseph92@example.com;+1-406-592-8563x154;8e19c2fb-e3f6-bc61-f553-9c1c0e738a65;142.33.44.113
nelsonmichael@example.com;255.855.4824x1129;a5006a84-8391-32c3-86e5-d1f705746927;172.131.211.122
sean69@example.org;400.872.4216x657;cf1499b8-4ebd-188e-a9bb-17c7744a3786;210.20.222.67
eric08@example.com;+1-996-208-9125x155;5d654f31-c63f-af6a-b29a-0e90dbe963e1;217.37.20.61
vstone@example.org;982-795-4741;74c1ffcd-7589-1f51-433a-d0f04f46b025;125.236.11.184
cindymiller@example.com;(688)910-1894x196;440d57b3-5450-817f-ae00-9bb3331af524;105.235.80.204
andreastephens@example.net;5532091825;f52e321e-806b-3e50-12c1-369ec9f19de8;157.185.181.170
hnguyen@example.org;(846)275-7560;2a6f17a0-8534-f599-403b-831d3d8722a4;154.222.20.180
larry22@example.org;7955813316;e46b6ea6-9687-3cd6-3c16-3a1c27d27f0d;100.48.96.152
heather32@example.com;+1-861-615-2912x22577;3b9ae59d-71a3-2cf3-df08-f0c5f0f23690;141.151.74.102
francoanne@example.com;818-712-8312x80306;f0240b46-6a5f-4066-ae19-01ec8f375b75;170.204.206.130
pthomas@example.org;415-729-8640x583;d22af6cb-b63a-729f-b9b6-485b8f3a89b6;164.147.14.64
oliverchristopher@example.net;6238884647;aa4fdb51-bd1c-6410-a61b-3cfbdda5ebac;202.181.222.89
nfreeman@example.net;+1-805-660-7538x161;1c3f9857-3ab4-a1a0-e869-d25ce0187a0d;3.3.69.193
powellmelissa@example.org;+1-838-984-6390x504;9647de82-a7a4-e529-ebb8-39020804df01;222.237.244.244
nicole09@example.net;(433)253-5587;5a549661-ec4a-42ae-8006-df800963f87f;207.20.212.251
roger54@example.org;865.989.8038x13465;c1d4470f-6989-c8c4-a0c6-a27561efc16a;203.220.240.203
seth77@example.com;+1-536-724-5339x6638;69998358-e9d9-8237-b1c3-9410b0216ed6;24.224.212.78
curryfrancisco@example.com;+1-822-424-5147x95017;0946e46d-a9e9-5431-3f2c-6ca71a1c493d;218.166.23.3
millererin@example.com;(970)416-4739;b1ac2bab-ddda-6d14-d3b1-18a3d90342ee;70.81.53.166
catherine18@example.org;628-697-2731x2584;60ece26f-30be-bdf6-e7f8-c58b15b70bf5;131.106.227.100
moorecarolyn@example.com;(248)205-2147x003;dc16a0f7-deb3-2458-7b41-8e7793b1b63e;206.235.242.92
ericwade@example.org;+1-528-790-4964;af7647f8-291d-94f0-dc94-ee432d2b60c2;80.21.128.116
moorenatalie@example.com;558-894-8453x093;0d5aed66-9624-15a1-56f2-ec45880dd8ff;220.29.33.83
anne41@example.net;+1-713-707-3676x00442;19a82039-3a00-964d-0d54-d8599e0ba03a;95.230.246.135
phillipsnatasha@example.net;699-960-1609x48697;9da75acf-8490-f2b3-8245-6607a0fa280a;197.209.104.5
rachelbautista@example.com;+1-654-724-4858x21408;32be3963-e80b-b136-70b8-bd3b2b875a75;24.83.188.12
zmcdonald@example.com;418-724-7150;9609977d-b8ff-ee53-b713-b7e98fdae36c;190.91.37.215
connor16@example.com;+1-502-968-5416x485;c4b5735f-3135-604f-169f-3aab636e4d88;169.159.98.199
mariagarcia@example.net;+1-425-441-8358x76465;edbacd60-72fe-e786-280a-cfe5f2be0c94;137.216.103.103
krystalwright@example.com;939-970-1575;2758a62b-2cf6-cb43-7e36-8badf0683d44;16.22.6.33
thomaswatkins@example.org;987.351.9213x40548;6cde55a6-4b8f-1859-0025-7b94c2f7fc0b;203.104.0.174
antonio49@example.com;(377)561-8737x3169;37e32f4b-5144-1409-1e42-a775e0b4bd2e;214.111.84.46
garrettsanchez@example.com;001-405-241-4022x5162;cca27279-c9d5-a193-619f-65a390178efb;43.173.137.60
kthompson@example.org;3466502703;c20d4e66-4b75-b2cf-4ba8-c18cc1ba3925;124.170.227.200
brianturner@example.com;+1-972-718-2926;cc388ae8-fab9-b567-2e4f-da2189ec1a82;183.29.44.199
cainbrian@example.net;+1-560-361-4009;15a4fb9b-e257-43c7-1b2e-19655a357cdf;45.43.114.48
jessicagutierrez@example.org;5772126599;e0205c45-4776-31f8-d8ee-8404be55adb7;206.161.178.77
phaynes@example.org;(960)895-8539x40205;64797abe-9d18-d1e1-2a5d-063314cbd9eb;25.106.148.59
elizabethgiles@example.com;532.484.2657;4140f8c5-fc5a-23a5-67d7-2f970ed31c20;216.67.151.126
martinnorman@example.net;619.244.9348;9a8acc9b-4b72-5800-8f1e-9c64cc9d8702;132.70.114.168
christinarios@example.com;806.978.5507x072;40f97714-57b5-012c-2ea2-13624d4ce01e;137.99.232.200
maldonadomichael@example.com;955.581.4396x37967;8cde0ce2-4b2a-2ac5-d132-5bd2be80f318;198.226.59.254
aprilaguirre@example.net;854.263.5801x80941;760553c4-fc88-6434-66a1-cd50920ea46f;180.225.214.116
cdavis@example.com;488-525-0045x104;4655d3d7-acd9-0e27-b318-f0345985e987;36.246.12.26
kenneth21@example.net;855.638.4887x584;f7c23f36-fb8f-a94e-23d6-a30ec6d87960;169.3.193.29
michael07@example.net;(445)780-3553;1b1a4f24-73f7-3ca8-ba70-39b8a51a5a13;87.189.249.9
hhill@example.org;001-672-418-8301x418;3a839e5c-c213-3f1b-4a7a-5a0a42a4fa51;43.45.128.50
stricklanddavid@example.net;838.669.4391x73543;ac6ccd53-9e68-c6f1-1813-8f214870a4cb;96.194.170.244
novakkatherine@example.net;(976)241-1435;66cda1d1-8342-1b79-43b4-84e1d8fe5e9e;185.205.216.146
jamesgonzalez@example.com;001-339-706-1387x782;7832ae30-0dfb-ad1b-5c91-c0074eaaea9d;68.190.245.66
corey98@example.net;001-865-593-1341x30751;293bea2f-29fc-76dc-0dfb-b3e4f90db67b;223.231.127.148
joann84@example.org;265-223-4623x9616;21ca6126-8703-35d0-79fb-590503de7ad8;200.94.249.8
kyleclark@example.org;(965)279-0715;2a836e12-25f7-c0b6-4162-44656384c1be;222.62.218.43
reginagibson@example.com;707.770.2865x564;c688ba3f-6084-1ad7-dbd7-b6a562198257;215.34.36.253
dylanking@example.org;(774)816-0048;5df67f09-7112-890d-ba1d-18ebe3baee4b;168.220.94.106
charper@example.org;2652149963;a47b4a1b-8c6b-e856-6ea7-d0785fd016d1;166.41.58.35
amy74@example.org;001-814-943-7092x9857;e252d44d-6202-ebcb-bd0a-0783722bd441;213.0.205.134
joconnor@example.net;001-210-813-2838x40535;25c9d9f9-e860-b425-6da1-1012fa4c9bbe;95.224.201.62
shawnmooney@example.org;9575400579;e6078ed0-4ee8-0e1e-d682-b9d790a991b0;29.124.77.105
xwilliams@example.com;607-972-3775x72134;9383e139-1ad5-fd78-dced-17df711691ca;25.110.15.161
chungcrystal@example.net;3177689565;914b21e8-3ae6-2008-119e-340800baf73c;82.153.57.78
fosterkyle@example.com;+1-832-477-8982x7935;c84963bb-beac-0929-2317-39488d66c22f;149.132.110.6
jennifer70@example.net;8935903932;e1b8a132-559a-eed8-9594-1bec3b193411;167.93.217.112
rmiller@example.org;305.318.1075x148;90d5c07a-e358-0915-6da1-e134e7a9b592;169.110.186.232
moranrobin@example.net;001-254-969-2929x525;2a2be529-a19a-c96d-bd23-31a4cead47e1;210.42.106.129
ojordan@example.net;+1-773-661-3057x7570;9e063a56-6a44-9c12-66cb-baca3e29d1ed;197.21.18.221
schmidtcheryl@example.net;988-368-9769x21364;098cfe04-7186-d1d0-8801-fc81d3792466;168.235.201.200
oharris@example.net;+1-266-219-8833x3881;bdd2a812-5bee-0701-f625-2cb138ed9c2e;81.156.150.208
tylerlee@example.org;(848)935-2192x0275;7e1beb5a-2c59-5911-3721-da48d056cd42;55.127.163.86
smithraymond@example.org;9578652974;77207951-da8e-b396-f518-74d725097fc1;197.163.219.185
aguilarshelby@example.net;673.423.3314;ab7ba25f-68c1-49d1-de78-0c0123df4f7a;8.247.237.248
mzhang@example.org;(546)755-4601;151fd2e4-6f79-fabc-407d-c65127081137;190.157.172.159
jessicamontgomery@example.net;876.205.7573x33150;b81dd66a-440b-d3c7-c946-136fa278ad46;203.8.190.17
erin11@example.net;637-766-4783;575893a1-a799-54c2-4ec6-c65c0cddb571;203.176.217.145
pnewman@example.net;(518)413-4265;c0325e3c-5f24-1aae-83f5-52bf51bb1675;74.254.183.250
christopherjohnson@example.org;421.298.7280x5720;51af2b5e-862f-544e-9364-41223a007915;162.232.171.209
econway@example.net;413.703.1732;94107fdd-44d4-d9d6-e09a-22b6b7e54a8e;187.140.166.129
hensleycarol@example.org;+1-942-818-0320;639ad7e9-0261-c0ea-98e8-fc76ef636851;36.245.108.107
dwilliams@example.org;+1-201-466-2205x900;01147cec-7131-bf73-afb9-1757252cf8a4;185.90.115.43
mbullock@example.net;(263)855-5500x3006;c34fa4dd-7dd2-22d8-f0ed-a723c6508cc8;148.247.228.175
petersrachel@example.com;531-992-0863x147;388bf55d-99dc-88a5-e72e-a52550c44366;96.82.182.105
xhudson@example.org;+1-265-426-8594x7401;4e53b84a-84f1-a573-99e7-9abbb81cbee8;195.103.96.179
matthew22@example.com;9512383881;f8161b57-3e9d-b598-23cf-a9b6a07c850d;194.243.139.213
harrisonstephen@example.org;332.546.4859;8a12687a-4bae-d96a-16fd-343dff47b84e;48.8.10.254
frederickkemp@example.com;834.493.1591;2f94384b-f38b-efcc-dec9-44091e828a56;156.191.44.126
amanda96@example.net;001-217-766-1225;05d2d154-f142-044e-f90f-1a65c10453b2;130.246.190.160
lindsey74@example.net;8353973872;a4784fe7-d028-36ed-8e7a-577efbf36802;185.29.175.210
jamesramsey@example.net;(319)509-8136x055;0324b2fe-9f64-97a3-585e-cbd5d9cd04a3;121.175.195.194
edwardreese@example.net;(400)257-6970;a5a89810-f41c-0bf1-0009-a398d325b639;167.168.220.232
piercejon@example.org;(757)359-2926;7a776904-4a84-288a-48a6-605bfa71f617;153.53.37.172
kimberlynorton@example.net;492-895-6609;c8d041ff-2cde-55bd-7dbe-1d9e55c93b08;28.81.163.101
ycole@example.org;465.491.4692;684b49e9-f46b-300d-1e91-306b1fb7fce2;135.252.17.46
carrdouglas@example.com;644-501-1978x353;1eaac8d6-38c7-5d38-252b-d847c196b289;102.1.122.106
lwilson@example.net;377-363-9108;04d4d38f-13c3-604d-db52-c080c8ff4486;161.164.2.12
andrew68@example.net;001-939-514-9502;11c142d8-e006-165e-3423-b48182ecd7e0;124.208.139.117
lmurray@example.com;910.370.5439;4a9b12bc-aa79-5759-d93e-5fe58a85d70c;172.250.71.26
apadilla@example.org;+1-431-595-1045x605;c3c345e3-23ac-b4df-5979-fc0c77d851c7;163.18.70.107
yclarke@example.org;001-232-475-0214x211;b1ded5a4-8729-7ce6-3109-3035d2b0f394;18.249.230.185
lawrence57@example.com;667-470-3549x771;2f693671-e6f4-3bff-3515-0ab2070790e9;107.9.137.37
dunnpatricia@example.net;601-209-8394x066;4204177c-e5ab-16f5-8f74-b5d099736fb4;57.117.113.231
elizabethgraham@example.com;687-216-5493;1690bdf4-fbea-ddaf-d69f-c427238e1962;220.2.71.181
ucrawford@example.net;902.534.4281;7ee8f192-27ed-7602-b61a-ab93fe6a1e57;60.248.102.179
ruthwhite@example.com;714-594-4012x36577;0af7b39a-7dae-58ef-97f1-82ca8adbd3bc;113.84.188.137
maxwellsean@example.net;(747)932-8405;b6bb3826-8d47-72c5-cc7a-09e77b7fd299;222.95.197.80
mikethompson@example.org;+1-828-977-3212x30083;fa297449-000a-1551-c66f-931b96ff9cf8;220.242.197.154
russellmarks@example.net;+1-248-222-7623x66642;1a9303e5-6b10-a71e-51b1-d8a30f87c357;197.251.133.136
sscott@example.org;+1-780-781-6599;356799d0-da16-cf37-9671-19d8c7f116cb;211.136.29.100
bobby69@example.com;2183312469;0447773d-594a-508a-bc30-5ab9194c1189;30.135.105.54
ncameron@example.com;5669246525;d4ab87d3-38fc-b639-94d0-279ce42dc526;187.24.235.51
lward@example.com;809-424-7392;07a12a2b-d6ac-c60e-d6b2-6eb35ed690cd;36.79.36.3
thomas34@example.org;727.896.6267x822;c582b0a3-7456-15b5-0066-8fecbe3d07c5;117.202.200.141
samanthaschmidt@example.net;650-267-9313;855a6da0-a001-60ce-816b-0198e0e4d6f0;24.184.152.249
tiffany80@example.com;(509)406-6652;5bedf88b-6d96-5128-5c53-9013f4be0533;198.69.171.80
michael42@example.org;395-317-9256;a1fc95f0-57c3-e492-2f63-425e6c5d8d2f;163.14.22.121
andersonjennifer@example.net;(571)488-8623;03cf8266-26cc-3029-5f4a-e3113051c1dd;44.250.47.68
thomas97@example.com;(371)949-6925x3498;8bdd188f-c126-f215-f7da-9c8113b41b3b;160.221.31.206
ashley31@example.com;+1-451-452-1290x2618;7c0420f9-6abc-5c08-cec7-52185df29651;11.164.141.168
robin90@example.com;253.609.0413;d47ffa4b-9c4d-d7e5-3737-124bd62b625f;222.44.93.142
jenniferturner@example.org;+1-416-870-9173x6197;4dbdb94f-dfad-e2cd-1350-b9d3ac02b5c7;73.58.199.144
williepatterson@example.com;485-349-3511x34844;fcd8dbe1-a6b5-65cf-4a35-2c398e57f436;43.34.142.80
kathybryant@example.org;849-670-0759x01976;babbf3e9-15a2-0aa3-a7ba-70ec7d179262;132.39.250.213
kathleenmccoy@example.com;730.655.9625;4660ca39-5704-3950-a668-740e6a0addbc;200.150.13.41
griffithangela@example.net;949.658.1677x424;415775da-2672-75f5-fe88-0a118143a151;187.113.167.131
shelia03@example.org;299-809-5188x1439;7da63619-810e-e378-2261-0e32d358545c;138.84.71.210
morrismatthew@example.net;449.267.1447;5268a058-4e48-f0b2-2683-1a148013efa6;142.210.92.133
delacruzrobert@example.com;5966691207;6e12c2b0-d79d-aabb-27c3-14228e07150b;193.188.27.213
calvin09@example.com;428.337.0499x18603;ebcab8b2-32eb-4a8f-8262-75b8f5fc9855;19.18.237.4
wolfkimberly@example.org;617-314-8276x441;b57b16a4-4219-de10-2b62-6133de48cc06;23.91.133.33
nicholasevans@example.org;552.592.6074;b7b22525-a667-b683-abd0-bd2dc7a48df5;213.19.151.227
natalie20@example.net;777.905.1022;190e3df0-372d-98f5-e5eb-e1b106fe49d4;131.216.38.89
scottfields@example.net;(595)530-5657;379ac446-f158-c04c-ffad-d0495fd29e60;124.224.128.34
kathleenmccoy@example.com;806.380.2176x539;4660ca39-5704-3950-a668-740e6a0addbc;79.190.187.171
qhoffman@example.net;(705)575-0582;93ff3e5f-b7c9-bc6b-69ac-b38956b52b79;150.195.2.82
dudleyaaron@example.net;327.308.9920x126;bc65738f-1a0a-049c-2a35-7f85d3999e46;73.209.86.134
aliciabuck@example.com;(602)339-9179x858;f2f96f9d-f907-0cf8-36e7-1b89c280c73b;104.144.81.190
wstark@example.org;744-730-1700x1904;f4874bc2-12fa-b451-6f11-4f20b1873d8b;206.129.89.164
annette75@example.com;+1-518-646-2768x6545;985e9031-d0c7-19f2-527f-16fcab27f28e;215.3.146.29
mooretyler@example.com;+1-242-290-4303x9131;fc5c6ff2-4f42-c4c2-0e0d-e43fb90307f1;207.145.126.102
hendricksmelissa@example.org;+1-861-615-2912x22577;4a1e2b53-f1e7-b19c-c84c-13cf4bf53484;141.151.74.102
laura82@example.com;(498)201-3696x5050;d3807840-25f1-e84f-944b-268c68cd89da;65.14.28.77
julie34@example.org;001-780-555-0351x505;8991d22e-d98a-f576-aae2-2086993270b6;160.182.47.175
maureenschneider@example.com;365.983.5723x87268;a61a6913-9e3f-7c21-34b2-a2e6b52114ee;208.9.48.116
dmorris@example.net;571-339-6455;29036e99-c433-f556-82c2-eb7cd6cbfe71;42.209.248.255
curtis74@example.org;224-944-0091;8d6e12ba-620a-dd47-45af-6af6f32b3d62;216.192.102.101
zmccarthy@example.com;715.356.7694x98922;9eca00ac-6c55-1fb8-9e96-ce7f2575590f;142.213.230.27
millerjustin@example.org;001-981-890-4473;1a098d8e-f450-8183-6195-be0c04f42379;144.233.180.109
jessica00@example.com;001-975-735-7108x3171;e171ad6a-4b41-b12d-af51-7e7c023b0657;174.25.40.79
rcampbell@example.net;+1-801-500-3301;2fdeaa07-44a5-f42d-f246-76e96cfa7303;195.141.166.38
mandy94@example.net;+1-536-580-1718x2245;8f5418cc-6d4d-eb99-9de8-d219db5305bd;54.51.180.29
andrewsgloria@example.org;(412)459-3432x992;279f04b1-5916-cc5d-3c18-2468dfa7a514;214.16.185.195
ygonzales@example.org;+1-748-511-7873;461855b2-78f6-b46d-4ae3-742fdb1d8c49;121.17.33.250
dlong@example.com;001-341-902-6188;33197b25-29b6-f123-994a-9d730ad0cd38;202.248.184.173
zcastillo@example.com;+1-372-870-0816x99966;ea75cb86-498f-2807-078d-21e60989538e;42.141.8.109
robertsonvirginia@example.org;5614769449;c909274d-23c0-4475-d604-6dc1adce1458;149.70.10.131
david29@example.com;001-669-295-7986x143;7e25dc4c-989b-a9c3-dec9-8f1ece87815a;192.83.150.116
xhudson@example.org;+1-535-741-4273x9183;73e7aa49-5a9b-c3f0-be71-a805ce48dc41;195.103.96.179
leesuzanne@example.org;(324)425-9621;82a65275-a16c-d73e-55c1-62e150950ed8;175.102.135.198
sarah39@example.net;+1-928-403-3512x61092;bdf3085c-2f1a-be69-d392-2db81a49fd9c;141.90.143.141
carpentercynthia@example.com;(904)537-2544x191;b4a8d4ed-96a1-0794-eeb3-1fea024c5859;208.153.215.145
jacqueline43@example.com;+1-294-740-2359x04334;723f0884-9fad-5c87-b5aa-160e763fd799;217.146.228.126
hjohnson@example.net;001-429-748-9745;f1496354-a29e-d878-5c3b-b4fe75ca4057;186.46.231.3
alexisthomas@example.net;583-782-2477;9e163b5e-3f2f-9a89-ac22-3957b79798bd;60.135.192.47
jameswilliams@example.com;+1-671-229-7747x33392;a6989092-c827-7e99-f6e6-708e02d17eaf;216.103.246.115
moorestephen@example.org;7388303956;b2cd2f5f-dd0b-b285-5f59-03e24a419070;144.91.75.53
martinkristen@example.net;697-657-3485x5505;22b87d99-8627-1b4a-55df-1e9e48e237db;153.103.220.171
melaniesimmons@example.net;4148620925;d0c4d5d6-e518-db19-3744-92df640839b0;128.118.150.15
phillipsdaniel@example.net;(752)391-8896x95217;816a6a79-f0db-9c3d-12e5-5e40ffda5825;19.170.250.250
brianpowell@example.org;9268842079;3bfb2abb-ce01-02d5-231d-9d5d374028eb;194.209.80.55
christopherbell@example.net;806-514-8436x5511;d44f67d1-dce0-34e8-ae80-42376689ab7b;175.185.103.3
jessica04@example.com;+1-653-567-0373x640;a90c2d4e-aacf-f262-89f7-eb59ba84b792;192.248.121.33
larsonbrenda@example.com;6294684190;58043f86-e660-47e5-4367-b62fcf4d7d39;199.218.20.135
ktucker@example.com;001-525-356-5360x182;a5540a51-705d-00be-2c90-27982fa28c34;94.1.157.105
robert28@example.net;(879)991-6436x7161;03a8e18e-3945-fade-647d-5201b37e6803;101.99.232.222
nathan32@example.com;936.395.7270;d2d9874d-aac2-b8ca-b471-9fac494192ca;162.34.144.0
richard05@example.com;(827)448-6546;58de7ff7-127b-628a-47dc-db11b3add896;104.143.252.106
florescrystal@example.com;212.989.7926x9971;321d39c9-0f1d-4b79-d403-45120e9f6058;209.103.190.61
michelle73@example.org;(457)599-2692x702;dc46d826-8733-a428-fac1-cdce329f69cf;201.222.80.171
patriciabrock@example.net;001-411-302-7875x2237;ac941dc7-d407-a15d-3756-8a8e86c515f8;128.82.152.138
aprildavis@example.net;001-424-555-0194x7304;77b4d4c2-ee4e-0aa0-45e1-82b6bdc27889;199.121.229.161
reynoldsdavid@example.net;943-550-9828x1021;95744fad-9881-017c-49c7-7e40621c0315;201.172.35.118
yestrada@example.com;732.859.6628;1f32b957-3947-95a8-2ce9-a422fd918841;40.20.215.139
kaitlyn27@example.net;+1-226-915-3809x6696;929ebb73-6ab0-932d-d418-5546a0dd18fd;183.32.41.87
rachelbuchanan@example.net;423-529-2974;0bd67843-5c4e-e3df-019e-bcbd7a565b58;119.34.232.228
sheltonmatthew@example.org;463.341.5467;6891c4e5-26cf-d640-1448-3a45949578fb;21.93.222.202
mike76@example.net;454.975.6600x950;1a8103ae-b993-f1b6-a8cc-f392bddd2c65;59.63.42.209
braystephanie@example.com;(444)569-2286;23314913-18bd-a28c-6669-928f370e5f86;222.90.230.0
george69@example.net;+1-874-827-4635;5f45d6f9-5512-5f1a-5511-a55da69d45de;1.92.133.4
rollinsdaniel@example.net;001-703-665-7705;6735354f-8f10-6d0a-01b1-68d363c4cb02;107.195.27.115
dsanchez@example.com;(564)764-4056;b5e3fb7e-2604-a957-029e-15314f5767d3;12.70.177.34
obeasley@example.org;001-361-866-9198x72238;b469c08c-a647-3fe5-4200-4597921737f0;218.1.151.15
tammycrane@example.com;(990)848-0262;26a99fa2-7ce9-37ca-e68b-9318b2e1353b;177.215.131.100
nspencer@example.net;858-509-8440;edbbc32e-b290-4a0d-dba4-07122f6eb25b;140.23.151.21
christineparker@example.com;869-527-8105;0da97df9-4802-44ff-a2ae-a4abfcabe8ce;151.108.72.118
fowlerpatrick@example.net;(540)202-1392x204;769b7b4f-f9b5-ce96-15c9-32e47b6b7993;106.241.149.159
emily88@example.org;001-754-259-0661;0cf0938a-1347-fc21-6b98-7a720dcdba0c;138.34.35.15
erodriguez@example.net;776.865.8227;4f8002c9-6763-4be9-e319-1303e0ebd911;209.151.227.28
tmanning@example.net;001-667-500-2270x0172;1e63e00c-7623-5534-19dc-95c39b7e8995;130.143.87.91
esmith@example.net;(384)991-4178;54c63a03-870d-cb62-cd69-899595d82705;34.165.150.129
bennettdavid@example.com;755-916-8112x09150;72ece351-9877-10b2-26d3-104593da354f;153.174.78.130
phillipowens@example.com;(202)616-7166x0736;1246adef-0e01-dc00-5809-a6279e81ba7e;222.185.252.44
john32@example.org;867.448.2157;4547f9dc-7565-b14a-dbed-3077d2af8c84;150.193.131.230
brianbrock@example.com;693.477.2355;1c5d98ef-d234-1195-43d6-fb0b85774029;216.228.134.218
derrick02@example.org;984.599.7043x2907;d416c549-5993-1b71-8339-daff79c838d7;2.3.61.60
alexanderbishop@example.org;448-941-3257x1396;d676932b-3a4c-da9c-e7d3-6a5f9492173d;43.147.129.119
ryanayers@example.org;692-349-1373x4504;58b98492-f26a-4a9f-d25a-65d367241d48;147.177.125.75
schwartzmatthew@example.net;451-706-2665;b36b1e15-24d0-914d-7315-a8fb71a00c69;191.149.141.118
shannon43@example.net;901.586.3579;3fe6b962-1e10-10a5-edca-5c101d9e84a8;194.145.64.9
jerry46@example.net;(546)218-6357x9976;feaa2179-b964-6e48-125e-8c84c8cacfa2;139.147.164.144
cfowler@example.com;+1-245-600-9162x98983;b0a86f3b-82cb-993f-3cfd-14190849d271;121.229.140.99
byoung@example.net;687.231.1748x62533;00a4561f-1651-41b3-7a06-72c9bdeb967e;170.141.66.187
samantha05@example.net;001-763-679-7240x29885;bbbb219c-2c06-2a30-5f4c-f35e7030c188;218.63.232.114
michaellee@example.org;5389374375;f4a2ab86-22db-7093-c115-1707005beec5;138.95.43.180
cochrandawn@example.org;637-744-6108x88735;3e4f6370-1675-f78c-69aa-1981f3e2cc61;217.146.137.183
josephmartinez@example.net;688.989.6287x1386;24763360-a820-0610-7f5a-40b513053c11;140.4.9.240
zwhite@example.org;808.711.0869;66544505-752e-4712-d374-4c3105285787;188.220.13.70
calderonnicole@example.net;548-981-2169x0612;c28700d1-34ad-66c9-af50-d4c2283be6da;18.142.42.66
lcarlson@example.net;784-921-6829;7cb58082-2b52-d092-9f74-6ecb6d5da08d;188.220.64.139
david20@example.net;001-222-284-1744x468;925116b4-cb44-ddec-3dd0-1d252bc23c41;116.223.178.45
kwaller@example.net;(411)306-1978x154;1c61373f-c3fb-4735-554e-0a7dd062df0f;159.49.141.235
pedwards@example.net;342-728-2479x613;fe34c0d9-b243-3913-2f64-a9f2e83ae9c3;182.192.68.195
candicemendoza@example.net;(927)350-4656;6fe6d6bc-981a-c322-6bc6-a53de9dac45a;142.236.54.95
deanna17@example.org;308-715-6359;00bd5128-15fb-d97f-b9a7-0d0a118c8872;206.61.148.154
rmcintosh@example.org;(969)241-6492x742;57a27ea0-1e11-7962-f673-9c097116fb24;168.218.135.192
grayshannon@example.org;986-809-3226x413;87013e28-04cf-f453-4c51-a43e44668dd4;219.44.178.112
angelica99@example.net;+1-843-891-2208;1f91c986-0ab9-0628-de42-013b367f687e;24.224.212.78
yvalencia@example.com;(722)261-7203;132e89d2-de4e-ed6c-8ffc-e4d5ce4d8b3d;145.191.43.220
sandracrawford@example.com;437-519-0030x708;7b5ac217-d9c5-696d-5a7f-feaee95dfdab;147.111.97.162
willisbrandi@example.org;815-868-7815x55001;57f332c4-ee7d-c169-df63-9a880c193af2;109.146.249.115
brad03@example.org;727-842-5008x9989;b529ec4a-7c88-fdae-322c-e26aab4053e0;169.9.48.69
gcrawford@example.com;538.873.2699;3c58a4b5-752d-0e3d-5130-2d68bc6cfc6d;55.38.30.92
fosterwilliam@example.com;6406261897;1c41ae8f-a8bf-b9f8-7571-5b4799c987d6;221.104.9.246
jamesjay@example.com;+1-384-854-7553;a1f1c782-462c-57dc-927a-b19650c8d03c;97.93.17.148
darlenediaz@example.com;+1-787-877-2901;dd56f3cd-6d3a-0dc7-cd36-99976e0d0f0a;129.224.48.253
isaacbyrd@example.org;267.624.9486x67680;c676d7bf-fac2-51bb-7338-9c3f73fb6424;25.112.140.116
bduncan@example.com;(780)318-5067;d3792c24-2854-ebfc-39ae-609d5c264b15;103.224.222.93
patrickthomas@example.com;814-548-5600;4ad4d005-61f2-2802-c1e5-9a3613b3d4e8;162.164.21.253
coreygarcia@example.com;+1-480-836-3247;695da776-a48e-56f8-3b48-7cac19b885cd;216.255.68.205
bakerjennifer@example.org;328.512.9180x2198;95917afc-c882-0e0a-e680-b4897d34bcf4;72.189.180.10
irobinson@example.com;391-316-3069;85a3eb52-b1d8-1959-7b93-cb3ab1299a72;194.45.215.82
aparker@example.net;425.344.0262x78899;fc6f6c36-5292-3e38-6dea-6a8f102d98a3;41.141.4.242
storres@example.org;739-248-7678x1852;6f41261d-422f-c0d1-b15a-d3ec87042c4f;12.205.174.246
jadefrost@example.com;338.361.4250x9517;3bd619f8-370e-2a4e-210b-d7665242e320;139.72.43.124
johnsonrebecca@example.org;658.965.1506x26901;596909dc-e178-1e95-9346-7ebc17d86bde;199.37.93.36
watkinsjason@example.net;+1-573-630-5676x22969;68405a3a-4238-d292-37ea-0c6a596d541d;156.120.193.210
matthewwatson@example.org;(385)957-7564x2080;6906c95f-84fd-ce72-4a00-8c1d8ea36665;142.205.131.163
kristamorales@example.net;+1-208-233-7968x537;8d0831bb-325e-42ff-b1d2-a0d9b758448b;8.252.213.76
pfranco@example.net;438.200.3161;e8dc33f7-f3f0-c7e6-57de-e89876105d4e;133.63.189.58
alyssapark@example.com;251.256.8850;19568d0f-1dfb-e424-3c52-76eff8368c86;62.230.68.134
christopher53@example.net;808-963-2065;b42a4eea-6d83-986e-2a6f-957b67567d12;207.204.107.187
zamoravalerie@example.org;001-965-284-6955x1585;d38bc0c4-45c6-a9de-40b4-d2d711afa2c3;53.185.93.108
mcgrathjason@example.com;9596177804;ec4066d4-f7a2-a30e-4c71-ca2c83b8d4c1;135.191.157.247
zspencer@example.org;650.243.3139;6248ffcb-6bca-26b2-bd77-ae263822f516;205.113.65.25
duncanlisa@example.net;824.959.9628;84e8ca8a-9e2e-e90f-f72e-bcaf9ba45a70;166.231.165.80
paige64@example.net;229-597-8968x9114;fd967506-15a2-4927-0279-14744e4fbe43;135.186.97.187
jamie79@example.org;354-893-2877;66a9839e-787f-4faf-a532-960497f891c1;205.94.37.37
vbowen@example.com;297-219-4479;8ac91bcb-5129-27d6-b2f9-12826fbdceb7;4.189.13.216
costastephen@example.org;+1-951-537-9212x29282;0e0506a8-f755-4737-679a-67ede9d559e0;196.96.196.164
kvaldez@example.org;538.338.4270;8d75ce5b-6b9b-25be-c35d-63642ac15a96;210.45.51.41
carolyn07@example.com;941-567-8279;88935783-cb43-3cc1-0e8e-d61de3a34bda;215.44.133.103
fwatson@example.com;(585)728-5787;d7872aec-3a39-5727-bc53-8e8c9c83723e;206.72.210.108
katie37@example.net;001-911-675-6024x95759;8d2a4dd4-b60d-0c40-0125-b8c9035b46a2;197.237.29.159
olsonjerry@example.org;(262)800-6173x14267;88a36fd6-5fe3-ad14-e0a6-c23b7f123aec;144.237.91.185
moranraymond@example.org;206-443-5494x85921;6d8f0c63-c48c-b73f-212c-77de4783dd93;77.212.124.23
jamescrawford@example.org;5243211478;4c0152fa-e70e-12a0-6b0c-58a4fd236759;222.202.208.191
umartinez@example.net;(202)706-7725;c488ee46-2577-9810-1ed5-f1cd5b2f0d0b;175.2.26.92
austinlane@example.net;927.625.6668x9839;27df0082-7123-a04a-cc45-b41e4614fb6b;217.247.107.255
jessica37@example.org;358.291.0205x75256;8e4a7e5a-af68-caae-5c3f-b2b948cd84d4;205.219.12.108
georgerodriguez@example.org;001-634-465-0242x471;98b3dbe6-2bac-51b3-5b03-4ed848bd7463;139.72.192.72
mjoseph@example.org;+1-675-770-3953x64851;26ce8ec5-c5f8-24f5-8a1f-c3f99fa08b15;175.8.95.92
lori42@example.org;(967)873-6396x1337;81695211-9479-ca4d-1551-9a6f6cfeb926;35.139.132.11
lauramitchell@example.com;001-766-694-6247;c9927c5e-79f2-79c1-271c-d3541339906c;221.10.109.78
kimberly32@example.net;(408)633-7913;9dbeea18-3b9e-5ffc-2d6d-feb9df5219c3;208.243.174.27
vincentthornton@example.com;(758)605-2903;490a503a-3cbc-b12d-25a9-f8d82aa8aa11;59.16.85.152
williamspaul@example.net;001-281-317-3349x09821;f3aaa28f-7b40-3737-7527-6f9f8379d12d;88.114.43.13
thomaslisa@example.com;699-890-8255;ebb0f752-cd49-f1d4-b5d1-28fc53031c87;171.172.236.62
tim37@example.org;732.902.7072x3504;8ceb382b-bd05-93ba-c187-365c70d1e69c;176.127.42.214
jeremy44@example.com;226.461.5858x0816;373c3a82-3b77-fd1f-1e56-80d325ac5a5f;215.209.52.169
clarklinda@example.net;741-277-2989x83205;a80c574c-af03-a96e-eb1b-736cdc33f03b;207.231.155.111
dramsey@example.com;548-526-9037x85023;0ea2a259-14a5-8582-8b0f-9221fe93cd3a;195.32.194.71
deborahbrady@example.org;200.679.7577x47422;850a6caf-aafd-5341-fe7b-b7f788a573f4;218.83.183.40
josephholmes@example.net;001-902-513-3461x56329;3a98e286-0f7b-0974-a509-c3139580a805;203.164.55.133
weaverdonna@example.com;6567844197;2e7a6d97-628a-1d3b-54a8-35563ceebf82;62.195.221.30
carlosmitchell@example.com;001-423-290-3619x73989;a8db397f-b26d-dd70-8d49-294c27b84b7c;6.160.208.5
reyesalexander@example.org;5432846450;829a5581-530a-8394-358e-697cb7501f3d;86.10.200.204
meganwaller@example.net;001-532-823-8203;e18855ac-f539-86e5-c932-c43c9aae4720;156.211.73.187
cervantesjoseph@example.org;+1-819-487-8582x529;58600440-2448-993a-ed43-b6e233a23fcb;140.39.131.20
james07@example.net;001-207-938-8144x518;923f4b2b-e999-f718-5d30-ba5719a6cabc;115.35.162.205
jamie05@example.org;953-231-5586x8316;9a2eb33f-d1ab-0bf0-c2e2-1ae55a81a584;196.234.160.150
browningpaul@example.org;(692)393-0416;907deea3-f150-ec56-bb04-41df20f9206e;19.134.162.184
erinboyd@example.com;001-905-383-3562x296;c198259a-e9da-dbab-937a-022b28a95788;207.40.37.156
corycannon@example.org;001-824-911-0761x01554;848f33f6-1f34-7b63-3bfb-5e43419a4a2d;155.106.146.203
richard64@example.org;596.587.5444x41551;1f4e5992-3d82-a8d1-6565-567cccf93987;163.18.207.118
gwendolynmorse@example.com;526.670.0909x90203;31a787fa-eb7a-0d6d-66a5-971373506d63;201.23.83.192
austinandrew@example.net;(627)857-5924x2890;e9a94b93-5464-61f8-1b4b-82acd9e304e3;181.21.37.77
poolejimmy@example.org;2447871198;c4b7141a-600d-48a7-c943-a3990bbfeaeb;200.177.146.125
dturner@example.com;539-430-1517x82896;7f342367-68c8-8d75-2fed-cacc5bb89226;192.134.97.234
vgibson@example.net;962-653-2316;58cf83df-05a9-9190-11c2-5b38e28fbec8;141.93.1.216
veronicadixon@example.com;593.285.0628;6248ffcb-6bca-26b2-bd77-ae263822f516;144.151.174.202
xperez@example.net;981.858.8045x92676;45f53db6-638c-a02e-3e1f-39ef8191c614;217.7.44.110
ygates@example.org;966-917-6275;188d9c31-005b-7a9e-5214-9f558e5c3a80;200.147.4.72
slopez@example.org;976-337-8932x636;a77b0e5c-0d4b-08a7-ae7d-74671d8fb38e;210.123.41.149
william09@example.com;538.947.5189x51369;1b2d51a9-ec33-83f7-710e-383816c3d4a8;50.11.48.234
lewisnathan@example.org;001-373-603-9080;c08b29e8-1450-b805-1ec2-6f168f3752b9;222.36.220.217
gbryant@example.com;(693)435-3055x6737;c54aec0e-1776-3881-185f-431e0c81bc83;172.112.201.249
jamespugh@example.org;3926967290;52f34bc8-f066-e288-d4a9-2038d5d0cef8;223.207.131.190
veronicatorres@example.org;001-768-258-4351x67689;011c8f9e-ed34-9fa9-ec12-5c1ac411b6f4;25.237.232.116
campbelljason@example.net;685-253-5622x002;f93aeac9-6a34-fc8d-f146-82d45d09055e;104.46.112.248
duncanjason@example.net;466-336-9813;07fec118-3115-9974-98b6-f14a7a856361;214.155.91.38
starkgregory@example.com;351-440-9757x4659;002ac0cd-755b-7457-ee78-4ec996fae97a;143.118.236.238
carla29@example.com;001-703-672-1268x55927;a07d4fd6-ab83-456d-be7e-8737dd5d9502;6.148.149.42
elizabethking@example.com;619-637-4934;606a8d21-70eb-39e7-af48-aeedbc2aea41;71.233.197.246
justin99@example.com;825.608.9057x285;60bb2319-cdbf-1c00-9ed7-91b7c40a3086;189.179.97.151
marysanchez@example.org;+1-820-377-0590x1282;e4a999b4-4a05-bac8-ee76-8ba404d8bc6e;177.163.83.70
tracy99@example.com;(203)981-0297x4054;8120b757-da7f-7d61-7b75-46259bdd1a32;176.217.74.172
hortonsarah@example.com;001-347-792-8419x36906;2f52b192-5f07-9b92-e00e-916ee009984d;215.206.173.57
ufarrell@example.org;312.311.0873x8964;e13eacab-e982-6488-03cb-30ea1a741b8d;175.114.246.139
patriciahaas@example.com;+1-515-927-7513x92806;e362baac-eb25-4099-4063-d528261dea60;126.168.102.144
robin55@example.org;+1-608-896-5771x459;15083795-2ab9-d6f2-79b6-fefd9377f2c6;188.18.100.130
duncanbarbara@example.org;+1-919-708-1145x338;e2e20523-c47e-9985-424a-d2b4509a2804;200.188.114.51
colleen96@example.org;(597)338-3713x749;593f8fcd-7ca4-63b4-d989-9ef85d6e745c;211.223.66.37
james89@example.org;(745)850-3222;316c801d-8d9d-c593-f498-3c8704fa4c3d;217.234.64.104
alexandermassey@example.net;798.686.8729;4bad0744-f487-f8fe-a15c-bc8ae2b06733;202.60.186.35
michaelgarcia@example.net;899-675-7437x51747;eb19999c-acc6-39ea-e1fd-82b9f231ba79;101.184.183.249
owiley@example.com;962-598-0367;389c199b-10a2-afcb-b3d8-25e46bb55a73;147.163.138.235
richdebra@example.org;(488)350-5534;589ad5f4-b275-0aa5-471a-52a60e2563c9;83.81.208.251
melissa40@example.com;409-726-6936x7281;c9607853-4742-6b3b-de39-61e04ac44efc;202.177.217.53
williamsmichelle@example.com;+1-378-561-1827;31ee0533-3d7b-b4aa-209b-077df98606dd;153.4.141.30
susan28@example.org;001-407-603-4820x6367;8fea18e3-f6b8-9739-b67b-4a637217712d;113.229.170.209
matthew33@example.org;+1-988-204-3362;6ca0d8fd-8c79-10c7-6c74-f9e1c9f75cbe;179.72.63.170
melissajohnson@example.com;459-876-1461x6105;ac02af59-00b7-e373-9f15-13b6b1f0fa80;193.61.71.63
brangel@example.org;(503)458-5016x756;2ed0fe6f-1481-cc0f-3a42-968322408a86;29.45.187.157
jillgibson@example.net;+1-930-824-2547;9d1d3bb8-7930-4704-6764-ff276ebb4c7f;153.145.146.25
patriciahanna@example.org;485-810-2477;cd93fd28-1dff-3173-c8a8-68815f81f476;34.10.232.211
crystalpollard@example.com;(658)436-7317x68400;8d9bca03-2b04-e1a3-b1ab-ae92add9adc6;137.173.87.79
hbaxter@example.org;001-593-434-0309;47f5c11b-a769-5c7b-f399-890c62cc066a;199.164.29.57
hwalker@example.net;673-688-4450x3774;c29f8526-d9bf-9613-f167-442c08bf8512;158.150.139.35
joycox@example.org;001-988-313-5028x03952;c847aa22-93bf-7b4e-b65b-0eb67c6cc7ef;108.3.55.148
zwaters@example.net;836.389.6156x84004;c8b3b739-8118-663d-987e-942a5fcca77a;74.30.167.121
michellebrown@example.org;001-577-759-1128x57925;9a23edbb-9e9d-a4b6-52e2-fc2aaeb4c85d;37.133.155.110
millerpatrick@example.org;+1-419-593-1463x12802;db1b10e1-71ff-3af5-96c0-6053bb4667bf;162.107.106.31
richard87@example.org;524-260-8409;c088dd3c-76ad-015d-8d37-02323bc9d7f9;143.198.1.164
matthewweeks@example.net;+1-414-726-7578x08057;96d07969-7fb6-b766-e53a-9d9b14035231;63.34.195.97
john90@example.net;+1-469-818-5442x2574;5c6c37ff-7a92-0c7e-b17c-a87218dcc266;169.237.248.33
jmiddleton@example.org;001-321-598-1838x7560;215e3fec-ffda-df0d-272b-9ad4567d119a;157.55.98.45
urussell@example.com;641-831-2443;ee2d12f9-0eb2-c782-33de-d41ba930225c;192.252.180.92
vsims@example.org;+1-971-895-7615;f94efb25-6073-0fda-2a58-dc477194424f;164.249.251.165
megan18@example.com;807-573-7322x452;54ca9733-dc70-a232-f023-f00970d1a711;167.2.122.10
gravesvictoria@example.com;001-996-951-7863;19360360-02e0-1f70-8ff9-312bc19a1836;123.190.51.185
justin91@example.net;+1-451-662-0491x64556;cc82853d-f055-843d-36db-f3ec99fc094d;191.128.73.235
donaldross@example.net;+1-327-747-1583x7731;9be5adf0-af63-05d8-faba-90749810f017;30.247.4.36
krodriguez@example.net;357.848.5057x22109;7b6b4516-3604-a424-478e-dcabddf165ba;205.251.195.43
riceeileen@example.org;329.268.4550x60029;8a9ff2c9-c50e-4720-933a-3faa17685e81;203.52.5.191
andrademichael@example.net;737.657.1867x480;c0f6aa4e-0471-ffc5-45f9-5974b6cc569c;107.163.206.142
byrdangela@example.com;+1-851-413-8687x7727;2d917597-08ee-5e1f-bb03-72ea59e05b23;150.84.102.82
calvin56@example.com;(776)538-1933x09188;d2e125d4-690b-6404-2931-ea3ebd4bd827;132.134.201.217
mitchelljames@example.net;639.900.1161x2660;36b693c0-f2be-64dd-6608-d4a6a82d6adb;17.178.129.28
holmesnancy@example.com;535-532-2707;8d11cfd6-6772-7cc1-932f-a79ccc23a61e;99.41.154.27
penabrian@example.com;001-318-901-1927;efebf434-51cb-dc7b-d29f-ed3cdb7e8844;210.93.205.52
allen63@example.org;(707)372-7597;7ebced8d-8dd9-745e-f5b7-ef64edd4f506;212.209.69.84
hannah48@example.org;825.687.6505x534;436f3546-4f23-1fae-4ae5-32c551ad53cb;25.37.26.189
lisarivers@example.org;(242)435-5454x369;be868458-79b1-216c-e0a5-848b14d48fc8;95.229.201.110
tylermartin@example.com;774-876-3573x25210;fe0d4e47-5027-c146-40e5-8a0dfc65d0e4;207.117.33.17
gary22@example.net;985-837-2176;926611c1-0dc0-af05-5e41-e4cafd389293;185.55.134.59
mcconnellchristian@example.com;+1-834-472-6919x4737;85b66e0b-212b-5a8d-d6f0-c0f0e4b9ede4;74.25.16.227
johnsonjulie@example.com;426.662.6786;1a6adf99-d1ef-37f8-252f-d64873586da2;48.17.77.183
arnoldbrian@example.com;995-512-3839;289e1128-1a7f-1e13-e80a-cf9fe0ebf8ef;121.196.183.1
raymond38@example.com;+1-599-328-2790x15200;995bc24f-a6d0-a584-fb23-5164509cf701;155.162.20.210
joshualopez@example.net;540.460.9338x2737;5b309524-032b-4fad-7e73-695fb1771d75;168.53.243.251
fbrown@example.net;+1-660-370-7001x05203;d8a0ac1b-d123-9dd8-4ada-929dbb126b58;194.196.118.116
gomezrobert@example.org;001-706-666-8779;149d3e30-3838-a883-4897-60dd469164f5;57.114.88.168
kmurphy@example.net;943-524-3847x024;2191b39a-45f8-3fd7-44fa-61e2d99a6a45;195.184.148.0
patricklindsey@example.net;001-855-384-8309;abaf093c-765f-a822-322f-73c8efb01397;207.52.210.166
william91@example.org;2432264180;7b0c165c-e662-9ed8-9a79-c42942794524;194.235.142.251
morganjohns@example.com;211-713-0256x90541;28e8c0ee-ce3f-b696-df22-9e57c7d86cf6;12.71.226.176
orhodes@example.com;690.793.1548;d8c8d694-7486-6bac-7ebd-9acf1d80d3d9;207.242.14.68
penasophia@example.org;464.626.2548;c61eb04d-bc3a-cae9-1013-7196392323a8;207.230.162.168
michaelhogan@example.net;650-807-8436x120;09597b86-d5ff-d505-17da-6099b81b29b4;155.83.49.48
brettross@example.org;(690)526-0937;504b41f4-9321-2144-42a0-9aaea316bcd4;79.133.99.127
troywilliams@example.org;811-205-4498;c46c46fb-b230-dc9c-b5f6-79a1325ab6ab;86.133.80.20
davismelissa@example.com;+1-432-436-0069x2961;d3d9165d-79b7-c854-7163-c6efbbda7769;206.67.137.110
tylerthompson@example.net;(846)403-3878x391;106bfd16-748e-3434-c6f1-60f5bf621df9;75.163.225.230
samuelwalters@example.org;(240)885-9915;a4a8f3b7-a354-6517-e3be-b28b2f46baf8;141.4.67.184
marshrita@example.org;+1-624-466-1540x5281;9f50a693-b6f3-42bf-12ab-208d87fd5cd0;83.33.53.48
upruitt@example.net;001-323-599-0939x014;8f604233-5d09-f6aa-eeef-375343e1508f;196.224.75.112
yuelizabeth@example.com;815-355-3247x9632;553cf91e-729e-6aac-296c-7345c93df5ed;96.212.22.83
marydaniels@example.com;001-873-520-3688x979;f27ad800-a4a7-30c0-e9a2-8a58ca3cba09;52.31.181.218
yvonnespencer@example.com;646.388.7687x2136;a0dc0c23-c7c7-8ccb-eca2-4b261ee18afc;198.119.169.41
aliciamiller@example.com;3229988442;7d468a0f-42ae-c7b4-90b3-af4671788ba7;194.74.182.15
burnserin@example.com;526-622-3949x991;77423752-c4be-58ca-70e2-6f15750ac161;101.145.141.64
cooperterri@example.net;680-984-0141;53016868-2888-d136-8ba0-945d5d313339;89.14.28.125
connie44@example.net;661-487-5423;3bd5529c-d60e-038c-949e-9e38660d823e;22.240.90.53
diana04@example.com;776.274.3810;02d75f46-fbbe-47db-07fd-c15d13c10406;208.195.5.207
thomas25@example.com;+1-713-619-4856x97563;5d371671-90b4-2756-b31c-8d4ce0b69b99;131.170.129.43
gonzalezjames@example.net;969.732.5737;475ca869-6304-170c-c908-3317f3c92cb1;192.248.121.33
tara25@example.org;+1-753-468-0599;2b716fef-23c9-53c6-bf90-fcd7fd47fddc;91.16.243.13
andrea24@example.org;316.229.2092;072ae58a-dc6a-63b3-ee0e-c1eeffe96687;64.93.128.90
katelyn74@example.com;3493256754;87017e4c-4c3d-7fa2-6a8b-518bf0ff4687;208.128.131.228
jorge94@example.net;555-965-2530x8560;4110d719-3bc7-8f95-db78-ce306165d03c;70.229.69.46
victormartinez@example.net;(906)387-7511x9317;2d36a7c0-b2da-4727-5026-af5e18d9aa74;80.125.93.172
patriciajohnson@example.org;629.506.4838x742;d009af30-7cba-eeb9-0c8a-173e01fe8c56;126.52.1.175
cynthiamurphy@example.net;+1-481-884-1805;1f0eee2c-efb8-7dcb-98e6-7d7cdf6c94f2;74.251.230.159
karen11@example.net;001-973-354-2095x22143;f5734565-97dc-496b-a31e-9be7985d6d75;116.172.213.194
taylordana@example.net;+1-665-893-4749x1660;f2d6ba83-02d9-fa71-91cc-650dd5b75201;197.9.148.109
anthony12@example.com;001-948-471-9528x7150;23e733a3-687c-4be1-c27b-12ff84b1ee20;150.11.109.181
rdawson@example.org;+1-592-472-5909x625;6cea92ed-7493-92ce-38c2-4b0ee1a84bb1;123.57.211.216
molly35@example.com;001-432-800-6352x069;7d6b77e2-6f28-603a-fcce-ee8b111194ba;209.181.247.204
diane43@example.org;+1-234-527-2945x800;f02e9dc4-9b50-91ac-c33d-84c266761e55;213.155.248.89
jacksonkatie@example.net;232-694-5839x503;ababe6aa-3608-64ad-5daf-1d70f30279d3;130.144.122.249
michelleramirez@example.net;(744)931-3244;92675ef6-ff7b-2cf4-a0b8-931a984d8aa9;217.155.163.63
kristen06@example.org;(533)859-0306x63350;bc6f6217-05bb-479a-e6fc-a6fa2f6fd650;167.50.51.28
corey05@example.org;(755)269-0139x76865;1327ac3b-e7b3-0dd5-7c50-bacc0cec9e3d;218.173.3.133
uallen@example.net;001-286-461-2941x3650;df58697e-a461-ccf4-ff1d-188cd45af882;25.66.199.148
austin81@example.net;811-200-2938;7b5102a3-5acf-f030-8a25-1af3cbda2513;175.151.120.44
colemantrevor@example.com;5778693477;63a85a49-dc38-c921-03f9-7f52cc536d94;213.188.24.34
rogersmark@example.com;001-585-631-8224x51137;8f0bd6d8-022e-29cb-0994-8c90b1435cbf;2.211.249.221
elizabethpowers@example.net;001-851-714-3987x9911;f9e0f4b9-d380-16a5-1f5d-7525f6186221;213.200.38.54
watersjessica@example.org;(247)940-1009x43340;f2f2c373-0d51-96c7-dd4b-969d208eb3bc;200.202.107.198
qmcneil@example.org;4183961690;069fde44-7fab-c250-73fa-a7bf774314c2;102.102.137.164
robinjoseph@example.com;001-780-555-0351x505;13710e45-4983-763b-b8d3-166c8a133d0e;200.76.193.65
kevinsampson@example.com;+1-803-545-4262x0003;e78ea771-4081-e26e-ffdd-d4d57531e2be;141.84.70.80
christina43@example.net;995.447.9597;c06870d8-b3a5-e09e-eae8-31a255159920;170.7.172.40
wagnercourtney@example.com;001-491-202-2746x6083;199f0d3a-aca2-0f8d-3bf6-7c6e3dd44891;132.196.233.190
scotterika@example.org;001-955-277-8300;b662e329-35c0-e444-317b-a4330acf1132;158.82.166.173
marciamckinney@example.com;8699642901;f339cf48-9b11-b517-1201-dcb2808cd957;61.4.197.88
hollowaydeborah@example.net;+1-914-211-4217x2040;06ba708b-4b76-d459-d0ce-016d47870ecf;171.167.208.81
patricia00@example.com;(693)654-6719;11b47398-3861-909c-8705-3e4613b29b8c;192.92.15.58
aaron90@example.com;233-932-6930x29190;7a84e211-0330-a5b9-54a9-beb85a29ccb6;184.229.196.28
dhenry@example.net;464-868-0769;f1d5a990-9ffc-f7dd-8956-e3badc94236b;36.22.160.60
katieguerra@example.com;617-552-8440;54ea87b5-bb49-e33d-d392-79ef51a2b07c;188.99.146.78
shawjacob@example.com;001-407-324-3546x7714;09a99854-32a2-ad03-6e14-07f30b873b36;158.28.229.42
peggyjohnston@example.net;563.720.0321x3306;452167b2-878f-2f97-0f3f-c601c18bf856;196.223.217.154
jennifer65@example.org;(816)440-4985x9861;b148dcfc-8fce-2dbe-8a6f-b9cf24d7b6ee;193.75.46.137
rclarke@example.net;216-618-5310;03d2775a-efab-f411-cc9e-86800191a4d7;13.112.144.203
lynnjulie@example.com;948.683.1761;fc65635c-f032-40b8-c170-021af7ffb509;145.106.26.98
lporter@example.org;001-662-895-8628;8690f88a-5a24-3bb2-cc80-9e899fec6aed;207.41.250.176
tracyjohnson@example.org;+1-987-975-4054x59577;13265edf-89a9-6ca0-b639-f0e08f9c077e;138.208.119.24
urobertson@example.org;227-663-7492;dce1d97d-90ab-53e7-7090-d97325ebd099;105.253.51.171
nicholas19@example.net;633-454-3958x09376;b59100ad-d22d-06d2-f6b4-35b9486130dc;55.159.132.171
marie46@example.com;341.826.4889x536;fbf73108-89fa-80ae-47fe-fc7ea846a897;44.161.46.27
coopersergio@example.com;+1-616-911-8995x56939;43d8458f-a724-ea6e-9d07-bef83629a05d;73.64.73.124
jcunningham@example.com;262.473.6740x4633;6c9bf23a-42b8-e3eb-83e3-8beab13d0556;176.209.228.175
kylehanson@example.org;860.205.8235x5117;be283ad9-be77-51ac-0c05-002f82e38abe;166.54.24.36
angelalindsey@example.org;511.913.5582x24200;dc5a435e-8161-b9ab-6a34-b639c3e4fedb;188.72.58.168
dwaynehayes@example.org;+1-259-603-1674x3382;3ff30ffb-ee36-38c2-beaa-ce99ca8f7c42;55.31.74.64
asmith@example.org;4424199127;818a75bd-3a8b-8ae8-2c66-13fd932620ae;216.174.170.45
michaelpowell@example.org;001-956-406-6988x6802;52c11a80-f9a9-14d4-f4b5-50eb2433ea3e;192.237.88.149
hornecarlos@example.org;502-636-8591x0253;43614d3a-3c5b-20bd-03a9-40fcdecea2bc;4.138.38.71
kara59@example.net;(679)243-3144x0311;c49db109-2d0f-3530-d34b-f47e22682479;132.154.60.129
clinedarrell@example.net;001-394-686-2621x13717;148a4491-fddd-aea1-15f0-b64bd91aed69;139.254.75.20
ymooney@example.net;(242)435-5454x369;be868458-79b1-216c-e0a5-848b14d48fc8;194.2.52.171
uleblanc@example.net;(547)788-3958x00245;c13e18cf-0f60-ea1d-e757-0a5eb038204d;136.222.1.142
cody04@example.com;673-775-1407;7ca4a6de-7686-ae3c-3d52-d110154ffa54;107.57.139.190
lhebert@example.net;001-923-456-6248;568d0983-5fa7-fd3b-fee6-cebdb558bd94;186.172.24.0
seanhodges@example.com;(481)818-0688;b2538571-23ec-c2ee-58d0-f96172a65486;148.30.77.249
zcampbell@example.com;510.960.7405x40502;d7fd4583-994b-4d82-a73c-59839f864bd1;65.15.8.11
robertbaker@example.org;6269196380;dd7f19df-f3c5-41c4-ec07-50e63a166731;167.226.197.0
proctorrebecca@example.org;2449056472;662d9329-97b1-b77a-1286-616ce9ce71d1;148.16.70.137
smithlisa@example.net;2592917279;7ef63dbc-aac9-8ad2-e261-7c1e4e222cb0;157.41.27.91
dawn39@example.net;(509)406-6652;5bedf88b-6d96-5128-5c53-9013f4be0533;202.154.44.201
brandy05@example.net;001-974-414-4549x12305;fe34c0d9-b243-3913-2f64-a9f2e83ae9c3;182.151.124.156
davidpatterson@example.org;+1-951-537-9212x29282;82547028-f4c0-68b1-ff2c-2cbf57e073ff;200.60.156.110
maureen95@example.com;(969)241-6492x742;0718763a-9998-ec0b-f05f-3fd4f7872bdd;184.164.160.175
michaelsmith@example.com;847.473.6360;71128e5c-08b0-b241-1521-8c7651575446;24.92.9.8
christineparker@example.com;869-527-8105;0da97df9-4802-44ff-a2ae-a4abfcabe8ce;151.108.72.118
hawkinssara@example.net;995.626.1787x4252;10c08f71-06ad-915e-f499-2feb44876653;180.111.200.146
willisdavid@example.com;594-250-9803x26914;43114871-4b72-b0fc-b0b2-3d1ed4a3b441;222.26.85.13
amacdonald@example.net;250.571.8791;70c453c3-cb2c-1869-f00e-de4e53b84669;180.11.124.235
dunnmonica@example.net;847-267-1496;ec96b63e-4f8d-5453-f502-7e304793846c;129.116.80.94
stephanie88@example.com;+1-219-872-5157;97ffd600-5a93-d217-3bc1-31cd8e3a2f70;61.98.7.120
williamsbrian@example.org;+1-442-767-1405x6994;21f81d7c-0c5c-9945-5db1-00ace891a785;124.159.55.129
edwardslaura@example.org;+1-416-870-9173x6197;8637ee60-9085-bd05-a346-3f8a0b2717bf;109.16.89.157
yrogers@example.org;931.880.7198;3e6d9d00-90cc-cede-3a04-75b6876cf27d;211.48.158.230
rcampbell@example.net;215.740.6571x187;7f0dec58-9f2b-f595-9a4b-fd96d50777a9;216.126.117.8
angelica99@example.net;+1-843-891-2208;4a86cf52-b225-01a0-65ad-2ca5eb934d74;150.62.249.104
millertony@example.org;885-914-8419x728;a6f32b52-1da8-e86d-6a99-191e337a1a40;198.149.77.155
buchanangina@example.net;001-382-323-3184x61260;f9afb290-781c-7abc-65ff-a02b43a4ac99;52.185.49.147
emilyfox@example.org;001-578-748-0314;616df206-f085-4c7f-2e90-ee9138035ff5;152.60.205.137
roblesdennis@example.com;837.204.8257x121;ddd414e6-6332-d5f2-9a07-f1f049690aec;68.118.68.216
barbara89@example.com;(302)778-7030x0157;32b77ce2-b788-85e4-5bec-275c9a4764e3;187.58.226.152
anne73@example.org;(961)602-6784;5c827526-42d6-6322-bc4a-02de6b25f81c;106.86.225.0
stephenmurphy@example.com;897.997.8499;57659fea-16ce-07c5-149e-63a401353f34;160.192.43.83
jsanders@example.net;(430)496-6749x76256;ab22c37e-0846-2293-e5af-ebdffe735e8b;178.110.0.99
townsendjacob@example.net;001-395-920-4209x150;7ef5df48-3d56-1899-99bf-f0b43e9ae40f;212.109.214.226
destinydavis@example.com;307-904-7630x1198;8419ac6e-7bb2-3a21-60de-f5af23f4ceaf;31.72.80.76
alexandermelissa@example.net;690.849.7465x234;e21d6ca7-4436-c10e-b223-618f06f1805d;144.1.214.248
rodney59@example.org;+1-676-866-0995x97227;7e1e123b-062a-6507-ab7f-f7cdda3c1972;115.230.117.81
colondanielle@example.org;001-521-928-3058x1781;ada070bd-1004-f429-1ae8-d55b9c458e1a;84.30.42.42
dominguezrichard@example.net;294.857.8010;ad9f34c0-0e3f-1b1c-443b-368b1c317893;197.13.255.98
lfarmer@example.com;226-917-2482;48311e9d-9f7b-5f45-2dfe-53ffb7e4e2ed;8.9.126.138
ryan60@example.com;875-663-8773x62229;5a51204e-a995-6e60-1048-8e9042bfb22c;223.223.164.43
jmcgee@example.net;(269)445-7073x27492;7a4b699f-2402-6d78-8f65-a67e89fdda1a;48.190.215.184
terrellderek@example.org;(765)696-1222x0851;0574320f-998b-7ddb-40f1-41b3c0593e0c;144.210.98.223
mcdonaldmario@example.net;(463)928-6523x412;2a50b0d1-0ea7-7170-222d-3b570689eba5;202.224.71.238
bellsamantha@example.com;+1-769-579-4990;470eacfc-25a1-ee10-d19f-6616fdc9b23f;131.81.47.95
hillevan@example.net;942-930-6626x41955;dcb2b85d-96f5-e2b7-437b-046f5c03695b;173.206.248.206
aford@example.org;323.259.9649x4004;86c21e6a-3338-3705-d01c-9933d6235510;195.255.193.91
susanclarke@example.net;9297608010;b030dfb4-e079-7114-bf0b-6047b12a5486;167.145.131.180
kelly78@example.org;269-827-6415;739c03d2-dba4-e52a-bfdb-b05515979eaf;176.79.28.220
janetmartinez@example.org;9754823854;b3b0a9fc-a3d4-8067-df31-8663a363e26e;140.168.81.46
xbriggs@example.org;001-354-335-2499x202;a9fb4dfa-d45c-263f-c224-fe693ea7c687;191.248.50.202
ehahn@example.com;421-865-4321x9620;e397613a-ccb6-bd7e-eb63-e94e4c92f5e6;103.200.71.150
nicholas60@example.net;916-972-4663x9954;d9c37547-8156-b19e-0f74-5b843b566c95;98.211.108.95
matthewholmes@example.net;(258)628-4035;221335a9-84bd-235e-b37e-19ab27b80b68;192.253.144.156
clarkjoseph@example.org;658-684-8768x22755;16828e31-431c-dba8-88f0-572445d732ba;181.139.83.94
blackbrandon@example.net;(766)759-5096x11442;1a41ed22-8329-746e-9695-0d162f736a31;43.97.192.108
brandonmccormick@example.org;+1-599-732-3475;11344489-fe01-9b75-2d28-ae8b5d91eacc;140.225.252.193
vazquezmargaret@example.com;+1-373-562-4497x6505;497b5cac-2960-5760-dfe9-914b11de044c;130.71.30.148
davidoneill@example.org;461.496.8081x96350;b81dd66a-440b-d3c7-c946-136fa278ad46;40.227.49.237
ggutierrez@example.net;(965)981-5102;9ba0f498-6f9c-49fb-6f32-1ae2da362e4d;139.66.58.152
beth62@example.org;776.916.4454x15825;a73688b9-548a-f5a1-0ad7-8cb95398e46f;125.86.131.163
sara92@example.com;968-554-4562;f04712ab-c472-0515-17dc-0a2053030f3c;108.26.13.41
murphyjoshua@example.com;(352)844-3019;6ca9864c-4288-24c3-49cf-d8497ee1a5b1;20.122.7.46
toddbrown@example.com;939-632-4839x11285;64c27d15-5c40-bce3-f025-32812e0be4f5;70.55.72.76
hansenchristine@example.com;330.214.5209;3451a69e-1e42-e7ee-9a29-1e327f554891;150.254.222.200
ashleyrasmussen@example.net;001-928-362-9871x97637;8aa74fbe-dde3-43ae-880b-9b0fefea80a2;82.189.140.114
rebecca96@example.com;544-261-3514;c104a486-f718-ceb1-530c-83e8e1f3bc25;182.118.85.78
robertsanders@example.com;5153078444;58c55066-da49-6a9c-45f2-07b9e59b0e2a;13.3.105.92
leetina@example.com;(837)650-4970;b564b62d-5bd9-0431-aa49-b3319d4aa066;175.60.66.145
brandon80@example.org;661.523.0989x118;5ac0901a-3db6-c336-11b4-2cd8e23b5acb;93.222.87.189
andrewsstephanie@example.org;(659)962-0103x3118;8d65ed78-6758-5a60-3886-3d2e623758d7;218.236.81.156
wnovak@example.net;366-430-4848;c94ffee1-e81b-e413-d0cd-c0aa1d0234ca;2.27.25.208
arellanojacob@example.com;895.428.0568;cb721dce-4699-649c-09c7-1d5633c85795;141.17.212.116
kevinjohnson@example.net;(245)936-0130;484f3a67-2ca2-8476-29bf-8887ba649e2a;31.163.5.52
nicole69@example.net;(880)597-4852x30239;dde5236a-0a99-68d6-b035-49e60b1514a3;147.130.138.30
mary63@example.net;8758707995;b9672575-7fd7-0011-bef4-f8b6d87f53bb;152.85.219.43
cwilliams@example.org;363.499.5135x6590;e7ac7839-b295-8cdf-4bf5-e4825c023884;184.211.99.173
duane51@example.net;+1-426-327-0024x8806;39bb39c0-4411-d383-4e6f-9a97e17c52b8;85.164.223.37
debbiereynolds@example.org;679.594.4370;bb78b12b-06b6-1d3f-89dc-f1bc198ed796;63.103.207.61
morriskelsey@example.com;(293)851-6990;baf3b154-e338-7e85-2932-e28691641534;6.219.188.188
andersonjennifer@example.net;+1-806-574-0540x4643;03cf8266-26cc-3029-5f4a-e3113051c1dd;44.250.47.68
estradamelody@example.org;(904)431-4451x9622;51411073-53e1-93c0-f8ed-f2c693cc0a73;34.40.59.11
kendra12@example.com;701-582-0322x583;87cb0bc9-a7fb-23ea-6e52-c70200e82956;222.25.100.139
john84@example.org;610-706-4086x3058;c90b709c-8a19-24ee-2198-ffadbece5ba5;145.152.195.144
samanthastevens@example.org;+1-825-894-7392;d5cb74fa-9276-15f3-4e59-0d14679470f8;195.105.74.183
zvincent@example.com;642.324.5276;5e7b3bbd-976d-1f9d-0039-d569b85e237a;125.211.202.157
laurenwilliams@example.com;001-302-817-1406x99454;df1a7152-cf6d-4863-1943-9fa9d1ed59bf;155.23.36.100
jcook@example.com;361.906.9297x577;9026fff5-d321-ed72-e08b-e5b2c3f2139d;220.25.205.218
james21@example.net;001-557-883-0837x1129;08601af8-0d9c-71e8-c1e5-c43616e2deb4;25.67.28.65
maycindy@example.org;+1-387-971-0818x82389;3f75fa25-38bd-3d92-02ff-24af5c579e06;97.83.63.223
castillomaria@example.org;(611)449-8877;154e5837-541e-2f89-5f71-9025f5124622;187.76.91.94
marynorris@example.org;+1-415-839-6489x237;3508cd6b-a13a-cc0d-abfd-81df84791127;99.55.196.2
kosborn@example.net;(776)544-7315;4403a32c-4e06-a14d-8b82-ba880eccc01e;7.152.122.65
dliu@example.net;+1-961-361-3617x6777;aba0dcba-6054-2d4f-29e2-850ee80ce524;118.250.90.54
kcasey@example.com;486-211-5921;eec8aa6c-0b88-d6d1-0232-4634b8b8723b;156.95.37.169
christie76@example.net;641.312.8286;cae28c88-4abb-f292-1517-b2480fc861eb;215.208.52.56
paul46@example.com;(248)579-8874x074;2d5b09ee-d7cf-c344-d233-b9eefa66b236;145.45.54.94
piercejason@example.com;679.506.6244;f2c0a958-c3c5-90f8-b6bf-1f2936e6df75;179.40.252.212
tricia35@example.net;(516)470-3643x7251;65ed7cb5-d98f-25c0-6656-5fd5d50363f4;98.17.240.223
elizabethperez@example.org;637.309.7473;fb3804f7-b0ee-1342-2c24-501eb4644be8;209.225.249.45
hphillips@example.com;+1-572-655-7506x1887;d90af7b0-bc6b-f2fe-2bbb-8798cf82b9aa;218.204.198.124
egarrett@example.com;703.534.7569x59221;354a872f-f967-3787-bf40-516cad5c16df;150.83.166.120
csanchez@example.com;001-395-886-9561;74d02043-ba3a-ba46-909e-0e701d2d753f;214.86.144.141
gregory55@example.org;+1-799-245-5872x8073;352a9f62-aaa1-6d69-7600-bee08ac87522;209.123.105.3
gonzalesheather@example.com;(984)815-1012x9094;bbcc1a22-97b7-d725-16b2-268f581ab0e9;162.34.144.0
starkjennifer@example.net;(776)538-1933x09188;d2e125d4-690b-6404-2931-ea3ebd4bd827;19.124.76.227
kscott@example.org;921-345-1044;3cda2943-624c-d296-5dca-21f3ed58309c;128.48.76.97
ehall@example.org;+1-636-608-5607x57352;755675d9-c0fd-ee22-9e27-dd25ec4d6506;64.185.247.230
kallen@example.net;(450)351-5871;08eea717-e892-63c8-9148-1463fe1a376a;16.226.184.15
nryan@example.com;(786)251-8270x5582;5e985893-71c5-40d1-c114-615a927816fa;215.57.76.232
wrightjoseph@example.net;+1-243-534-6624x8502;574553a6-0f6f-ab11-2118-0e624f544ae9;51.110.118.244
debrasnow@example.org;559-482-0157x378;3ed12dc5-02ee-6d79-7e7f-8a12875e18c9;114.71.119.151
elizabeth98@example.org;845.994.0564;47f108f0-f066-053d-491f-5f1ddb6d849f;215.68.54.208
carlmaxwell@example.org;357-265-3661x571;bc569030-42ba-79f7-5cea-82a246a3d7c1;134.39.5.143
bakerhenry@example.net;001-767-615-4514x0749;41375ddd-eec1-1eb2-8e34-001fb5114142;168.164.136.64
pschultz@example.org;654.915.5790x2875;30ce989d-a667-47f6-520d-026d970bab5c;215.33.43.90
glee@example.net;661.261.9279;93203bce-e24e-3bab-b2ab-d4c80fe5d251;68.31.246.104
rebeccagomez@example.com;829.991.3671;3ce9f3bc-f78a-6d5d-e468-4780619859dd;160.46.31.115
xaustin@example.net;435-202-0983;72c5c9c2-0457-0687-cf7d-a917b1824516;154.38.62.7
lisastevenson@example.org;+1-636-204-4163x53688;9dee589c-37ef-2115-60be-079f43a91f81;195.72.135.84
chavezrachel@example.org;(206)317-4573x43859;6dbf2120-6cf5-009c-a7be-a5e0dc31c285;42.120.121.81
pagekristy@example.com;573.753.5614x68547;6c4ab1c5-ec7e-a855-ee26-eaa9559ff4db;3.202.14.170
katherinejones@example.org;218-885-0973;53535a04-825d-3e8d-bc96-95107a065907;145.220.67.233
allisonwilliams@example.net;456-895-1954x821;c98531cf-1349-2caa-d29f-dc18dad60fdd;159.105.47.57
robinsonshane@example.org;+1-659-515-7183x906;cbf90267-2c8d-10d5-ffc7-e4b99602902b;147.5.9.55
ywilcox@example.com;001-992-650-5284x735;e2e45b95-b6b5-0a26-aa83-7511635d1353;114.36.236.15
elizabeth07@example.org;+1-383-478-6402x276;a472f75f-6ae5-2833-9fe0-5c43fed063ca;174.50.138.109
combsamy@example.com;001-613-688-6386x9279;7b1e2f86-8193-99d8-681c-b8cfc2863a39;220.102.12.252
peterhughes@example.org;(408)284-2119;4d58c9a0-77fa-c4fe-32bc-db906522e654;53.69.234.170
timothyarnold@example.org;7865162370;bd435906-abd6-6c13-d80f-8f46550bf79d;28.17.137.173
jeffrey76@example.com;(434)754-6642x3796;f12573aa-6959-491c-0c6d-67fa07ab9bc6;198.62.210.89
emilyprince@example.com;(896)410-6502x61723;18834dd2-0d7a-e91e-d5f2-875b88ed103a;131.153.76.239
ltaylor@example.net;897-560-3851;561efe08-cab5-57ef-4b2e-3cf4ea18997c;84.165.148.172
bdalton@example.com;8722166315;23d5e737-2096-2dbf-f62c-50253dfc9a6e;85.199.82.40
bendersergio@example.net;643.479.8565;9bce4c38-2ade-fa8c-3b2d-8d55e1b3cbfe;139.198.8.250
usantiago@example.net;001-944-265-1779x24838;8129d404-788e-3759-3a4b-4a6894b0600d;167.200.141.74
marquezjoseph@example.net;416-917-1524;1da879ba-c5f1-1e53-4983-da167cfc49f7;26.146.86.160
nicholas82@example.net;(762)773-0522;157bace9-6e9d-c93d-26fb-66db9e00cba7;49.0.113.106
johnsoncharles@example.com;001-776-679-5583x967;fc2c8ef0-2fb4-d0f7-46c1-6d1a8c8a1a8d;222.122.17.30
haley85@example.com;(648)583-4276;71d0012f-3170-cf1b-aef7-631384ff31f1;215.162.22.233
brightkenneth@example.org;(806)852-3062x5375;2ad47c94-f8c6-fb57-eea4-bd4eba4c8586;196.46.207.166
vkirk@example.com;677-446-5352;062de2c4-5b44-aabe-eedc-380ad3e35a7d;160.200.246.84
aprilmora@example.net;+1-794-699-0578;3b8bdd0e-c01b-f7f7-51e9-b2b05a0eeb7d;178.21.69.69
charles94@example.org;265.582.6468;a643d3f2-36cd-d3d1-d6c9-f0d8049491dc;143.85.11.220
sherrydominguez@example.com;001-201-395-3108x296;9eab4144-8874-a612-49b2-21d3755ff238;212.236.114.131
bphillips@example.com;440-317-6435;54813b85-e73f-8438-b254-a70630dc425e;40.56.58.21
darroyo@example.net;845-313-2090x051;25a382d6-4fd5-558b-cf4d-c92997c07ba6;165.87.163.9
stephenschristopher@example.net;(606)375-5957x22140;2ce005a5-47c3-6441-79ce-c51c28c27a57;108.10.153.230
wardpatricia@example.org;627.780.7740x403;0c1a357b-6276-000b-c9ff-2d64ae7ea304;69.17.223.192
bsantos@example.org;518-701-8636x5172;24c3a250-db81-ca85-123e-44b7f087d6ca;166.69.106.221
michellewilson@example.net;477-303-7651x51188;9c267523-516a-51ac-73a8-e8c7de31a506;43.147.129.119
lcole@example.org;001-814-427-1101x594;4b36f4d2-7a56-991c-430e-a3a57fa9877d;181.152.102.165
rodriguezmatthew@example.com;(480)380-7684x511;de74fbbd-da68-e292-e9ef-c17d8aff50f7;143.29.53.46
saustin@example.net;+1-705-733-4535x212;8da315cd-4089-8de3-b3a6-1c64b427ce49;210.253.7.193
deborahthomas@example.net;+1-586-800-8325;1e456799-09c6-d93f-5938-7ff0d52f63f5;217.247.107.255
wendy54@example.org;628-736-3119;c2824fbf-1b34-3edc-d46e-8227c6b9ae86;50.218.32.70
kelli69@example.net;+1-837-402-9133x7454;54369d74-a886-33c7-8d24-f161d4886941;149.50.23.200
amandajohnson@example.com;918-643-9700x385;8b6797d1-9548-35a5-ab0e-4574a5b9201e;210.30.16.43
paigestevens@example.org;+1-432-464-8118;8139fc37-54f0-0246-9b72-2cc60eb1ddf8;126.70.182.176
charris@example.com;8798077456;12b6ae4a-e8b8-7e34-9516-d06c7c98ec13;1.166.18.227
jonathan25@example.net;001-864-413-5216x9896;ab555a63-8d27-f360-474c-8b70f97779bf;220.137.228.121
johnturner@example.org;597.879.7892x42144;a5cd2bcc-f5f1-31f3-0162-8056f4c728e2;214.201.245.127
thomascarroll@example.com;338-480-8811;7a88fa12-f709-3ecf-9df6-3c92fa03e6d9;200.94.189.254
phamteresa@example.net;+1-280-754-3865x20384;51096512-f325-d252-0cc0-49e517461f3c;210.153.129.120
miguelwilliams@example.net;3472844701;b5f3c53a-0971-b957-1956-dd95beb97b6e;179.126.169.185
martinezlaura@example.com;001-931-532-6426x411;bcdbbbd7-3473-c505-4cf9-7642d4a4422a;184.77.136.241
lcarlson@example.net;784-921-6829;496270a8-41d0-5eac-7264-90af732a3d32;140.78.118.47
rclarke@example.net;(704)821-5968;50173cf3-3f30-5c69-1a80-5413b3afa468;13.112.144.203
jwright@example.net;(590)322-2058x09522;0109265b-6d99-9c13-2b76-fd1127ada2b1;185.159.116.66
johnsonmiguel@example.org;8766834097;7bea0f4d-a993-0e6a-b82d-b8b338796c3b;172.63.153.113
ashleymorse@example.com;001-598-948-5726x555;371b84ba-6180-07c3-a7c6-c993dd90b046;218.248.56.218
kylepearson@example.org;+1-954-581-7023x901;88c6b7a8-66bd-1330-26d4-6fe636ebb675;56.60.200.138
craigdonovan@example.org;001-677-362-2040x983;df2f2dc1-c2af-8fd6-3fb4-072afbcc0648;117.200.99.180
marynorris@example.org;(276)636-9778x08221;0e88281f-3e8e-fa2a-84d1-3969d0f9d3d8;99.55.196.2
sawyerdiana@example.org;(746)637-9053x166;665439ab-7b8c-edf1-6d4b-86339ec4b2dc;198.119.169.41
jacobhancock@example.org;+1-528-557-4575;8edb96db-2a69-3942-8036-e2d2309c0294;4.12.166.181
ryannicholson@example.com;525.959.0113x95918;d49fabba-0867-15f4-354d-f917d58e5efa;216.206.145.154
rgreene@example.net;001-516-457-7071x8168;41955f94-07b4-6a1f-f434-fb30127623a3;115.150.93.241
lisamyers@example.com;(933)520-2068x72582;86b5a38d-3dc6-ab99-ee39-7bc05cd4152a;160.88.9.228
carlosanderson@example.net;6209744364;68ae2cc1-715b-782a-f6ab-ac305260d056;106.49.38.148
brianfarley@example.com;001-779-345-3237x55156;9b2923cc-0493-c122-2817-4933d2b73bd3;220.171.43.173
burnsjason@example.com;438-560-9343x81420;a0c747a0-a096-b359-4079-1a1f66391377;159.17.42.182
kristina81@example.net;555-568-0398x7616;0bc3c8b4-8572-81f0-9df5-89dd3e26a2a9;202.177.100.39
cody73@example.com;+1-858-374-0045x4167;d94cbda5-2104-393b-d942-993cbecbe7f7;23.75.23.138
brianstephens@example.org;(783)284-9631x104;31b5a0c6-a198-1e54-afbd-67a07d80e36e;86.201.167.88
jesusperry@example.net;001-338-290-7600x2509;2badd6b3-a73a-de4b-4404-8e90c772fea0;170.249.132.203
vharris@example.org;994-560-0432x80242;2eb6b1b8-e4eb-79c6-e37f-e05f240a4c64;149.155.63.125
spayne@example.net;+1-829-838-6781x7722;b6c9c4e4-bf66-a272-23a2-117f7ecb3426;149.136.154.34
grojas@example.net;490.604.0894x588;2b6f75c1-0855-5e95-c988-ff4de4fa7f0a;182.154.219.53
frank40@example.net;(801)633-7292;ce6b984d-7cb6-d1dd-2bb8-57912ec24d9c;220.170.35.22
justin11@example.org;922-533-7966;cb9c8064-3431-35da-0e74-d47e08abc5f5;164.142.159.124
donaldmills@example.com;933-659-6016x338;a5625e66-a424-c7d1-a451-33188f73de8a;16.219.206.72
lovemary@example.org;001-819-919-0157x4138;3b94faa5-07a4-74be-f999-e4b0f430e08d;201.47.15.138
jennifer04@example.net;475-563-1905x234;f91fa2eb-5b6a-0b4e-4424-4010baf93e0b;198.63.215.183
ttaylor@example.com;4782163227;aee828ae-c503-5e1d-da89-8ec68c5f47c1;133.228.73.254
woodsbenjamin@example.org;+1-410-469-6934x68000;0f2e6b92-491d-dadd-d606-c6d746c9f8ab;134.141.134.76
gregory88@example.com;(765)969-0444;1bd9d0c4-9de3-ead6-497d-61ed804cec14;30.53.252.51
smyers@example.net;001-275-764-5405x071;26dff201-f40e-2eec-ca64-c65c2b662f25;162.248.211.245
egraham@example.net;5458112032;db68a563-d172-ec60-092b-bef7c11d6ca2;193.202.220.43
alexandraandrews@example.com;(980)744-1681;eda0f0ce-668d-3072-f11b-e7301b01bb77;9.27.239.200
cherylcarlson@example.net;998-484-4656x571;1dfc1783-e0cc-d0a3-bd6d-539c9dbf4905;194.216.150.48
benjamin42@example.org;443-582-2076;c5ee3619-9f1c-a90b-d918-8d8cecd21c42;100.236.137.175
patrickdavis@example.org;404-505-2955;f93b2c2a-8e4c-e9d0-be54-e3f3220bf2d9;166.97.205.254
brookskimberly@example.net;332-367-5731x8750;7ff15c87-43a0-689b-4bee-e7f8ca877cd8;195.119.7.91
atownsend@example.org;397.471.9768x371;fdfd32ab-58e1-8f6b-f660-d1cbd4f55760;202.1.121.186
john70@example.com;001-607-781-9699;9c2e28a8-c744-6112-d45c-7c41e812e4f0;172.244.204.137
morganpadilla@example.com;782.498.2230x1902;bc01dc80-1323-727d-7d3e-873ae08796c8;11.10.74.87
susanaguilar@example.com;(262)557-2807x1175;1d6225f2-4afd-98fc-ac1b-f7a6f8bb8b40;222.228.89.65
williamalexander@example.net;+1-201-926-4906x67932;7e1bb179-6d5e-e142-23c6-3a201e70f213;165.245.42.249
lisastevenson@example.org;+1-636-204-4163x53688;9dee589c-37ef-2115-60be-079f43a91f81;195.72.135.84
bbarrett@example.org;673.497.5031x35159;4f15f718-64ae-c39d-0b58-71707a92c9d5;160.200.71.38
henryrebecca@example.net;+1-601-323-5310x9825;c7dab25d-60df-a07e-3da2-89ed189a51aa;15.197.26.217
christineroach@example.org;699-890-8255;8022b86e-cbfb-de50-c2b5-731a90d98d09;107.179.9.70
tabitha06@example.com;+1-256-576-4924;9d3c587f-c049-b36d-dff7-c7664f40e98a;193.13.119.139
oross@example.org;859-772-4792x2235;bfc85d0b-e33a-c293-e146-9239b513c08b;160.249.145.58
ashleymorse@example.com;001-598-948-5726x555;adefb8a3-732e-0241-622d-6733fdeb4ecd;56.217.230.108
boothkendra@example.net;+1-458-798-9235;25737747-e7c1-1049-94c0-17698a91f1d8;207.247.8.144
taylorwang@example.com;3533731094;6dc96cc7-7de4-3e9b-3b85-f74119dc02df;151.60.130.17
lynchkelli@example.net;5347574254;a72f63d6-5dcd-1e60-72f6-a0aa7bea7fc9;12.253.96.250
benjamin35@example.com;(547)700-6764x36534;07331533-fbee-f740-ad03-9c8b703c573c;213.164.167.35
dsmith@example.com;001-585-755-1417;51417e8e-fa8a-3dd9-f5b2-78a51cd2b5ff;76.163.40.119
donald69@example.org;200-328-4375;d5dd6876-b6c3-902f-c665-3a5b535206d5;152.57.19.214
richardsjohn@example.com;001-405-407-6777x7597;8c518035-6d37-789d-6da1-bbb310b1b9b4;218.173.118.201
whitemadeline@example.org;959-947-2713;f6ac68cb-2ed7-32c4-3826-9fa0a166688d;109.197.141.240
gking@example.com;7148735934;b5d0c058-c113-9773-8e31-df1aa8c0b177;148.77.82.42
combskatherine@example.com;(750)543-1907x15668;5a871d10-e03c-201c-15e5-deba8450c316;135.95.52.12
kevin11@example.net;(445)584-1299x7690;5c8b7b78-f205-c4f3-7b9c-e134ecbf4553;178.163.207.50
margaret99@example.com;(947)407-6902;2936e502-2fe9-8d05-668e-b5ef16174a72;211.139.192.80
qwright@example.org;5168336080;54f9e592-fe6f-23f7-e2e8-5d554858e058;179.191.100.35
asanchez@example.com;548.633.1655x856;82603964-7649-ed1a-6511-7b712276597b;144.69.19.192
aaronbrennan@example.org;763-322-2551x943;487ba1e4-1ce3-8a43-c758-3010ca74a7a6;142.250.112.207
riverajeremy@example.com;628-931-6138x164;135647a0-b258-b528-b9e2-7ae942b2345c;202.58.248.138
jennifer72@example.net;001-584-435-6453x98391;8734cc9e-7f48-53a4-1bb9-2afa89196e24;91.226.158.55
watsonkari@example.org;857-618-6907x4814;5774547c-f129-1803-db65-d7f03ee9f62f;173.106.45.149
dixonjennifer@example.net;628.297.0723x2094;54e029ed-c190-f1c9-c753-0866134bbf3b;185.39.44.159
davilaevan@example.org;950-422-1479;1be954b1-574d-3e6d-065a-909406059a25;212.36.54.131
ginafox@example.org;692-963-5850x99577;b7e93970-1ec7-05c1-d963-4c7a82dff2fa;223.132.83.48
tammy26@example.org;622-972-0619x3272;66f31c47-7bfc-98e3-583f-c15a09834aa0;189.10.203.41
pgutierrez@example.com;745-271-6620;58bb3354-a079-dff7-9def-6bb29a10538d;156.110.139.136
christineroach@example.org;327.855.7934x0602;8022b86e-cbfb-de50-c2b5-731a90d98d09;45.80.88.240
olsencaitlin@example.net;001-366-509-8368x2970;0380a3ce-40c8-a91c-d20b-ebde20c28ceb;160.68.60.248
melissa62@example.com;+1-607-643-4479x47787;c3c345e3-23ac-b4df-5979-fc0c77d851c7;201.162.177.47
ncrawford@example.net;(832)686-5302;c0a699c2-6736-0588-41bf-96076cf5344f;172.80.38.143
jennifer79@example.com;(234)916-4050;be15201e-081d-48a6-d10f-9343f2e5bc48;211.98.152.167
beltrancharles@example.net;352.750.4262x293;12ce5df9-f906-ead9-2f54-93a57ed69731;67.123.28.38
seanpalmer@example.net;+1-409-556-2056;64bef255-6457-8ae5-6f2b-90b90b5ba8e6;126.36.114.172
bjacobson@example.com;(435)591-1974;3595babb-f698-0397-736b-cf99d6ccf873;59.154.66.38
whitneylopez@example.org;+1-880-970-1668;f08238aa-0378-156d-5fb1-09244a779904;169.61.0.246
breyes@example.com;520.323.8248;18102cbe-7cd4-cef0-c075-3549e14e9a9a;104.253.184.140
williammejia@example.com;600.238.9555x98060;66554d9a-dc2c-47e3-fc8c-3efb3d923742;67.112.75.138
halldarrell@example.net;2717701696;f0827db3-4eca-9461-a565-de4a7f639f05;165.75.152.95
udaniel@example.com;+1-479-964-0962x56246;a525e933-7bc3-3ee3-b75b-7a22d20b817c;86.157.186.244
braunbryan@example.com;001-514-964-9806x37429;4895b8ea-ea71-eb9c-0ce4-e616a4c713f7;166.88.51.49
torresbrandon@example.com;001-499-300-8266x041;4c3dce6a-e7b5-4ede-88df-196641a408fd;205.109.50.45
yolandashaw@example.net;001-571-515-6339x80429;54951d5c-8314-2345-977c-8b162ef616a0;135.169.250.147
kennethchavez@example.org;001-621-439-9836x166;82a72c25-f2fb-6113-2f4f-e1f0c7786c00;152.229.239.171
justin72@example.net;(427)942-1967x9070;e0d7264b-965a-0e48-a156-bbb0e1f9f156;92.211.135.126
lbrown@example.org;330-261-1435x235;22bc00d7-3425-5bb3-0af8-9f770274df5a;204.147.170.131
hparker@example.net;449-712-5831x449;29f05462-dee5-5162-1018-c88dcd5d4ef6;15.75.194.153
rjackson@example.com;001-675-273-3907x9421;06f327a4-4fe7-50cb-ddfd-22d4032c316d;216.208.144.75
alyssa58@example.com;001-798-787-7995x47576;1eb24150-5b64-6555-340a-fdd2e9a93f6e;222.212.128.251
toddjohnson@example.com;783-564-9132x91203;e84727f0-93e4-9b98-4880-14bcdb8a6b05;177.206.181.124
hwhite@example.org;001-413-658-3621;56094b35-e132-0e15-bcfe-43339dcd075e;180.183.6.15
katiehurst@example.com;982-380-7446;5baacd81-969e-0445-5f32-442a0cc4ef0a;61.139.66.81
davidclark@example.org;+1-525-647-2804x305;883491c7-454a-190d-0dd6-066f26b46c5a;4.236.218.115
kellymiller@example.org;364.468.9396x79237;05826316-6cdf-8b31-4faf-854ec744b3d8;214.166.187.40
knoxkelly@example.org;001-420-872-9714x254;ca1eeb13-a336-6578-aa90-b098669abdb2;190.116.49.239
kayla87@example.org;524.499.2195;1acd017f-7a45-2a8b-9760-b8cc4238505e;135.73.128.31
schaeferjessica@example.net;386-641-6331;3e6ea7d5-13b6-c7b5-bbf4-f8f79c87dd14;211.95.245.84
markstout@example.org;926-957-0927;c9b6c065-a6e8-6f35-76b2-5bcb9e7dc0c2;148.90.199.101
rose56@example.com;+1-786-425-8639;6670774c-9c12-250a-e532-8cdf563f4e05;137.62.176.35
cynthiabrown@example.com;(909)802-0226x01138;222769e7-43d0-60c1-49a2-3cf7dfe8e913;181.185.61.178
dgray@example.com;226.618.9747x2269;5d142f65-379e-23b2-4b5d-459a8fb52715;23.38.37.55
xdelacruz@example.org;+1-728-649-9957;e0eb8b12-4664-b70c-50b6-acc9af5c3a82;86.3.207.7
penavirginia@example.org;7989090752;fe38ad8f-e9bf-99f8-36a3-2472219d4f67;13.21.177.111
tfox@example.net;714-725-0763;87c8f52d-9eaf-7000-baf9-ba8e4ddb47c5;36.79.36.3
aguirrejesse@example.com;290.404.8218;00af253c-fab6-1095-1bfa-fa4f1dba9e0c;202.12.70.60
andrew75@example.org;2496111096;0eef030a-1bb9-f538-7cf3-23be5316edef;172.4.146.111
carlaespinoza@example.net;+1-653-545-5650;001aba8b-5374-c363-d9a2-41c975438b9a;216.100.70.221
katiewilliams@example.net;+1-496-454-3677x7220;65d1dfaa-e1b7-15d4-9172-a6b7d6bbabe5;22.21.186.35
tiffany80@example.org;229-266-2051x09689;75d26cdd-c44e-f12b-8af4-b80ffbcb1ad9;195.253.120.154
simmonslarry@example.com;319-936-9599x06681;39c112fa-5572-4972-0bcd-0a43a3e8b708;61.208.199.86
seth77@example.com;3889634584;79e2417a-a641-858c-8935-155d090029e0;137.176.0.9
alyssa08@example.com;001-358-309-0518x2648;021744cd-0d5b-3e7e-789d-8d866711efd6;4.106.27.71
patelthomas@example.com;(222)406-3900;ff6dc0ef-f37a-7e26-b06c-931ff3c7e2a9;69.27.182.212
trevor55@example.net;+1-772-547-1205x37742;0cb32835-7c3c-34b7-2494-3a3930a6d76f;75.189.33.19
alexandra26@example.net;(659)755-8689x505;0891584c-c12a-833f-794d-7213b910e1d0;219.138.82.178
beasleyjoel@example.org;+1-596-997-3216x090;d81fc087-350e-fa9a-8f28-be40b112eb44;199.102.33.175
griffinrobin@example.org;741.722.0181x35143;b2392b69-13c0-0b4a-5d46-6ba01656f595;128.50.85.173
fdiaz@example.net;001-649-511-2504x426;85aa50e6-26a5-b8ba-da98-857a9dfe014e;217.44.66.252
brianwalton@example.net;(367)292-2536;e539235a-dc98-9ed5-7d86-e8ddc076ef17;136.249.145.146
joshua40@example.org;212.971.3823x60448;1355b812-d894-9bb4-d7c5-f54c61e8f446;201.159.75.134
robertfrazier@example.org;+1-921-534-2966;fe0504b1-d4ad-0807-f16b-3e527eb614ae;191.186.138.103
erin43@example.org;3922805269;56b7d30c-e2b9-d328-04a7-e8c8050eb0b3;219.3.0.123
jgordon@example.com;+1-395-340-2740x561;22ffa727-2f31-787f-c56d-ebd19543de7b;15.49.109.101
rollinsdaniel@example.net;597-530-5649;6735354f-8f10-6d0a-01b1-68d363c4cb02;159.200.12.124
testrada@example.net;(523)685-2006;e6938f23-7012-dd6b-f681-7cb418331df1;175.105.168.140
varnold@example.net;608.977.4359;b7467363-b0b2-8a57-5570-2dc5c2236f7a;202.42.24.196
laurajones@example.com;001-773-939-5528;600fa8d9-32a3-6d40-3345-31a411b7882a;129.209.244.4
rhondaramos@example.com;255-836-2633;e1a256e5-a7e0-09ae-cd5c-abcf9942c3be;194.3.23.65
tpierce@example.org;001-939-216-8310x53177;56cc8723-a7db-dff8-b328-a684785a590e;212.185.88.68
kristinmathews@example.net;+1-336-785-1192;e4903f78-d0d9-b3a2-c7ee-a2237b896eb5;185.22.195.175
mjackson@example.com;611.545.1151;1f682083-aa52-b7b3-294f-1b5fe30cd29f;161.64.188.52
dwebb@example.org;917.965.2243;22ed651a-4907-a742-c48d-f5f65e2a4c6d;201.129.68.127
whitney23@example.net;4128386229;f9e5e82e-d293-fe55-0027-942e8be7a4f7;168.4.116.195
danielharris@example.net;605.276.9928x139;d768ba90-1e10-c165-8a62-31b87d36f908;167.115.234.181
faulknerevelyn@example.com;+1-211-646-5818x944;6be2f64c-b3b3-3663-83b4-0cfea7bcb81d;150.206.167.128
steventate@example.net;001-358-309-3587x264;67cc1d01-2cac-655c-2cee-6190fa2dbe89;186.56.97.1
rrodriguez@example.com;001-277-277-6321;1f69ae28-36e2-a931-f1cb-bf26daafb601;44.203.101.40
bglenn@example.com;001-889-470-1964x720;0309f579-afdc-183e-bc12-346896a4d1cb;7.177.95.122
wellstiffany@example.net;5364448536;d352d4ef-0d09-1a3b-e57e-b7026468f283;186.133.29.230
joannewalton@example.org;811-386-4551;c9015fff-41e8-7089-74ad-11cde1ca63e5;218.190.81.36
vanderson@example.com;475.990.6837x130;bb39478b-c9ad-a316-51fc-8fb790d27649;219.203.128.56
suzanne46@example.net;001-599-829-0888;1fe156df-13a3-d3b3-73ef-02794f956fee;223.254.229.87
lunatiffany@example.com;378.811.3010;bc5718a3-bd32-ca33-c435-003345ff6f52;196.163.80.104
kennethchavez@example.org;+1-233-458-4029;82a72c25-f2fb-6113-2f4f-e1f0c7786c00;51.171.145.160
mauricewilliams@example.com;4012131481;966f1217-ee4d-956c-3f5c-2c2a835ea1c4;195.113.174.147
whiteheaddonna@example.net;700.606.1159x474;ea729ce6-a888-bd35-1477-84dd3cf2b7aa;152.199.181.213
thomas70@example.org;+1-777-871-3070;b782e4ac-c19a-9ef0-ab32-e5250491521e;86.107.162.66
buckleysarah@example.com;3589561587;a38c7cff-c922-e0b4-54d0-924149762785;190.0.214.210
eperry@example.net;491.290.3287x7967;40eb2149-4db1-3f9e-1fb7-04a127a245e0;14.132.42.199
rhill@example.com;+1-521-793-8304x7943;925f7d90-1295-f242-b62c-6cd855dd6ce7;162.192.240.142
linda24@example.net;(855)495-9531;29ea3154-3def-145a-770d-77076e7c8ad0;111.125.155.129
owyatt@example.org;+1-890-783-6799x312;7eec4e43-0409-6ac6-36e9-7c7278169953;1.80.1.70
salazarsabrina@example.org;+1-803-306-1746x08582;095300ec-3268-fe79-7ad1-3b62847fe77c;172.135.200.237
zlopez@example.org;297-817-0024;234297c8-b8e7-dfe8-83b6-0a066822b354;21.105.201.105
qgraves@example.com;470-994-1608;03a4126b-7709-230f-8129-c187cc5d3903;214.165.28.236
johnsonjulia@example.net;564.408.5687x112;7fa012b1-71a1-21dd-caaa-e2df199e6f9c;185.100.238.63
jasonmartin@example.org;420.653.3307;f6039c6b-a869-d6d3-3bc3-2fb1b2da87b8;219.9.129.60
alan75@example.net;(908)608-6050x779;48c416e6-e1ea-ecf0-22ad-b020c8235721;195.55.217.99
ashley22@example.org;537-522-6403x7738;9d0bf47a-0351-2a4d-d85b-3078a91caccc;149.17.74.207
rodgersbrett@example.org;795.696.7155;72851437-41fe-dbf6-aa2b-1dea7a3fe585;140.93.152.156
jimenezshawn@example.org;+1-988-785-7098;1276fd1d-ae3f-743b-8a5d-3cd2bce96dc3;168.220.54.252
michelledavis@example.com;655-576-9469x71049;17e7d772-f63e-1db2-f218-740a1401807f;203.172.236.218
jonathon31@example.net;+1-776-872-2104x4843;d482c4db-6a6f-fd6d-5ead-e0aaaa6e97d4;38.13.67.153
michael85@example.org;(660)380-1702x329;f2996032-28e8-34f2-9f94-5ba465243ee9;216.115.52.131
deanna14@example.net;822.750.0016;01a2e6ce-5c10-472a-2e2b-58d3858f9bb0;126.160.254.16
farrelldonna@example.com;345.437.9678x89994;52cd53d4-191f-82f0-5a35-d990e26a3bf0;196.228.100.175
mmorris@example.org;(720)207-4640;4053fc86-e812-0479-b06a-2e8103db932b;207.215.9.113
michael04@example.com;5852560626;64c27d15-5c40-bce3-f025-32812e0be4f5;70.55.72.76
moralesjacob@example.net;(616)639-8106x65710;6efb7b8f-41ab-698b-83ad-062e9306b44e;202.207.183.245
rodgersbrett@example.org;001-214-760-9438x3607;72851437-41fe-dbf6-aa2b-1dea7a3fe585;4.78.179.122
qdavis@example.com;572-788-2532;dc794cb6-6334-2a42-e3ae-b85cb9bfe32e;53.53.67.228
breanna95@example.com;7995136005;c2dedb96-6e7c-939a-1a35-65f3a1bc7a2c;138.179.237.198
scottjoe@example.com;(689)377-3511;e4fd7b8e-2bf4-6c24-4d60-a0c46eea4a65;82.33.127.113
yramsey@example.com;295.364.9366;fae23b2d-b2b2-37ac-d663-b637e2c07382;218.1.42.174
raymondmartinez@example.net;901-567-4684;ef3b90f4-55de-8330-fbd1-f331adfdff8c;162.51.9.230
mjoseph@example.org;(464)706-9499;84de80c3-5358-bcd9-cc91-58fd89b50e79;170.228.100.50
tanya19@example.org;(846)768-6665x244;62a43ca4-c237-3c73-05da-821e1e4cda09;187.78.2.133
kaylamiller@example.com;2273094690;ebcdb8a7-cc7a-67e1-8781-930dbe78dd01;194.21.81.70
spencerrandy@example.org;+1-451-677-4102x825;b863fc23-c40b-284a-02d6-b66232a4a1f3;56.99.150.208
mcleanvincent@example.org;(477)691-6159x653;07b7c695-775d-a6f2-3c1d-23b24e0709e5;219.183.250.75
ycampbell@example.com;352.750.4262x293;12ce5df9-f906-ead9-2f54-93a57ed69731;67.123.28.38
sarah88@example.org;616-515-8182x51608;033c33a6-b0fc-fb0e-dce8-9b6f84c50f63;116.127.53.182
livingstondeborah@example.com;942-269-8849;3da64c44-b525-eb7e-ca49-f767ec739b0e;140.164.194.241
gregoryhayden@example.com;241-490-7132x676;fbe0ba57-14d3-d554-5171-33d2b9b45a44;111.44.88.179
ortizbenjamin@example.com;+1-463-843-6973x85492;7f0e1686-6e62-c7e4-7d7c-6b80e83a8fb3;186.101.106.252
pandrews@example.org;(916)797-0905x51133;2d7dcd56-0c45-9bab-8cb4-348df593d1cd;192.152.207.112
floresjessica@example.net;905-886-9629x538;82bc9346-e63b-3c63-2679-dc646e58d4d4;142.249.103.198
tstrickland@example.com;(509)930-8140;1364cfc4-9024-cb1b-b877-dfb38d77f9fb;152.251.203.47
elizabeth16@example.net;938-239-9895;f1eaa2e0-5d1a-f003-1b73-913f456cc66e;188.101.18.117
patrick39@example.net;2925889742;7562df1d-fecc-ae01-ba17-9885ba0968ea;153.234.40.180
tthornton@example.org;(935)454-9881x0070;4874d218-fcb1-7b8c-7b4e-52db36ad0ec8;186.17.82.233
jpowell@example.com;7627441282;a8f8f57c-04ad-7880-6abf-264cf6f5bba3;210.42.24.133
carla64@example.net;+1-450-848-4198x5796;852fbf04-773f-bcaa-5a10-79c4fbe25bec;222.190.201.37
cody93@example.org;001-601-411-7862x08090;a3921bd3-fd86-22a9-c00d-0805b01689ed;52.10.222.135
scottcraig@example.org;001-392-525-3956x8362;975203ef-6184-8df8-2316-2e787864b108;159.179.65.80
ucunningham@example.net;755-896-5858x935;3c979da1-3fa5-b685-86fe-98a4250a3729;117.228.30.58
garciaroy@example.org;877.226.0220x47715;942af152-d349-aeca-e590-4a441dd423dc;149.84.62.199
reginahoward@example.com;871-319-7743;9ccf669f-ef41-365a-2e3f-038a06706e06;219.80.65.95
watsonrebecca@example.org;001-570-501-3693;f7179da6-5eec-fd87-9a80-fa563a909041;208.112.189.203
thompsonstephanie@example.com;(675)867-1476x109;432ba503-b59d-486a-5adb-e26792d3ec98;130.144.122.249
rebekah33@example.com;351.777.4382x76952;c4e5ae7f-8d15-6fa4-50ca-fbd61af71eff;22.55.201.182
jenniferbenjamin@example.net;(833)733-0771x0115;e7273299-fe18-7a51-9ce7-342b172877f8;196.137.109.91
scottmason@example.com;283.977.6836x415;812ec5c5-8d5f-f239-2c23-d88060ba73cc;149.189.104.128
douglas08@example.net;+1-297-490-9539x60228;fa5ad711-17d2-90ae-6357-5b517aae3461;112.224.92.54
samuelwalters@example.org;(240)885-9915;4e80eafc-a511-307d-10c8-4d71bfe42cfc;141.4.67.184
williamtaylor@example.net;619-898-9542x9240;8aad3c73-abf5-df29-1cac-45cf7213b680;174.245.17.164
brandonwest@example.net;260.710.2455;5e494633-e26b-8ea9-b00b-801672fb66d7;183.45.130.2
phillipsholly@example.net;(438)402-1636;8d3fe6b9-1c5a-086d-7ce0-a3fc6b75c6cc;181.42.37.231
nicolewashington@example.net;252.308.8450;aa2fe97b-5267-2bbf-e09d-0c99d402c2f5;205.173.50.186
julia31@example.net;4145130380;e7f6ea38-33ea-e56b-c60a-d0d7e83b3824;214.69.198.238
eduardo50@example.net;(294)854-8732x0327;32d2920b-fb69-2d44-d924-fbffbd71d7c5;74.61.200.124
madelinethompson@example.com;895.329.9474;989102c6-a374-c062-245f-2e20cba9c5fb;205.75.35.167
chavezsteven@example.com;875.567.1213x122;552c7682-8bfa-0f3f-1877-c49e176ff27d;178.121.150.32
warrendavid@example.org;267.979.3558x583;5b5504c1-eb00-7408-327e-5e03d463f58f;143.240.191.249
paula34@example.net;001-988-313-5028x03952;10163017-bd97-ff7e-4df3-fe4f02a87800;67.253.4.146
cynthiadurham@example.net;3297012301;7dac13ed-84b1-1faa-a935-360cdda14006;145.11.7.234
donna10@example.org;728-829-2499;ee7da296-baa7-57f5-4768-2c332c08d8c4;147.135.90.156
wallacemichelle@example.com;465.384.9687x24117;c7119c49-563f-7ba3-55eb-a3f3fdf9b3ff;193.240.153.1
swatson@example.org;(862)340-9244x878;a35bfd47-e1bf-3658-6dff-b08848f29a81;190.7.35.253
roypeck@example.org;546.720.0931x3765;d6231052-f30d-757f-4674-82b395799af9;210.203.126.150
michael51@example.org;001-559-462-9365;03b21a7d-4952-8407-876c-945b452e2980;216.195.34.224
fward@example.com;574-874-8353;5f503c68-d5b4-02ce-9101-9daa69461c95;155.182.134.126
michaellester@example.net;342-322-7024x3020;72284ed9-4851-3e39-3b9e-5bde628e4d4b;119.52.200.116
costastephen@example.org;(356)397-8775;06e3d207-f9d3-1402-c48b-08f370624df7;163.15.249.61
mackenziegonzalez@example.org;356-596-3297;4f7a88fb-4154-2640-06a7-db9b9c804128;204.64.48.187
tracy47@example.com;001-887-772-8113;11c8a2a4-d104-3338-efbd-a66e330f64e3;66.2.186.208
perkinssarah@example.com;001-220-934-5946;d940fa8e-bd85-eb62-e3b6-9c1340123f34;211.25.136.57
annamoon@example.net;+1-367-772-3380x72871;bab0cf29-d02b-871c-52e1-82421f8614aa;113.93.123.94
xcantu@example.com;001-598-244-5560;5c49e09e-9b79-35ef-d143-dc2c21284ff9;149.90.64.47
wchambers@example.org;5886207608;eeb0e6c9-3060-ef22-10ac-af0fa3c08d48;17.99.247.56
robertwilliams@example.org;795-427-6724;7fcb9de4-68b8-3372-13e5-ed136082408f;206.41.202.254
wadams@example.com;(337)235-5908x5242;05b8fd03-a052-aac3-46ff-2d5df8afb407;3.63.188.237
michael44@example.net;731-351-0098x540;f98818d8-18ad-94ea-a0d3-4dde54f8701d;160.111.229.95
marshallbrenda@example.org;001-283-207-2751x90147;c121ea69-ba90-e17e-d27b-c3692b1728d8;29.210.63.222
carlos55@example.net;+1-960-867-1366x958;b0fc4ab3-706d-201e-5da7-20523210f210;83.192.83.115
danielle67@example.net;(479)227-8435;c3c07a1c-5efb-ed46-19c9-841f3cedf533;155.45.157.89
logan09@example.org;+1-717-621-6498x621;5f5a3366-7599-eef9-b9b5-ea916209a695;118.0.198.134
jessica90@example.org;852-442-0002;c5f9c7e6-ab5c-7169-e15d-7a976f309026;68.10.244.214
chadstewart@example.org;+1-304-418-2858x0595;12d71287-4691-4428-32a0-f9fc67c55ef8;222.82.222.39
cameronbryan@example.org;309-618-7586;0acbb70a-c88e-b909-d533-f4cec3aa5fe0;1.185.104.111
jwebster@example.org;(319)256-3729x571;5d5f8960-de33-668c-a6fc-3ab4cbe49a3b;154.94.248.227
burgessbarbara@example.org;+1-791-366-3026x59993;9b415eae-19d3-b6d2-82f9-db1199bc11b4;156.66.1.217
kurt49@example.org;618.208.9427;0bd67843-5c4e-e3df-019e-bcbd7a565b58;65.71.100.215
uconner@example.com;(872)232-3584;1f44eac2-3860-87d3-1e78-aff77312f1ac;80.15.201.222
gutierrezheather@example.com;+1-537-335-3153x078;182cd714-3c5d-f5e5-3979-688f1828614b;222.56.171.235
bhamilton@example.com;786.856.9938x85916;430a171b-35c4-2091-1a36-148736fb3c2a;134.161.217.249
juantrujillo@example.net;201-869-9305;ae1547bb-c5a9-ea13-f55f-fd96aa883bcb;133.194.204.187
victoriawilliams@example.net;+1-443-946-6194x730;31e33591-a34b-855d-68bc-52028bee9049;171.26.254.70
joseph35@example.org;888-507-4992x714;d3c874f0-9783-67bb-36d6-eb03111a2632;161.78.17.217
kruegerjohn@example.net;+1-818-968-0226x37272;11005a6e-567b-f3a1-af97-1c0a17c3b66e;215.175.9.53
annette56@example.org;(775)419-6640x231;98ac91de-fed4-7c83-515e-b22ebb18683e;92.135.159.29
johnturner@example.org;469-765-8762;3713d3c2-ee95-1f9d-0f62-ac802c2776fd;210.91.50.45
bcochran@example.net;413-284-1966x07024;f8be58ed-acce-3c64-2108-d468e483bf13;29.207.127.193
jeffrey15@example.com;419-721-8462x96596;4e350f1f-08c3-3bc4-803f-7fd24472cd8b;202.24.92.169
richard41@example.com;(849)741-0473x6686;a69e5943-317d-1b6b-d850-6cf78d50153e;173.156.89.21
probinson@example.net;211.283.6537x25115;279ec6a3-6ccb-3a1e-1d27-b1b13b95e56a;31.163.5.52
alison88@example.org;881-253-6655x95782;b22df30a-241d-6e98-4b66-749abfba1a8a;165.150.114.133
maryruiz@example.com;5629800313;ee6d6a7d-c7ae-6eaa-27ea-e31e6d18c18f;33.86.49.242
robert03@example.com;(627)371-6496;a85fe634-1a1c-7f4c-e608-adbd19d2a9a8;147.137.84.24
feliciaperez@example.org;970-202-2318x998;dda414dc-477f-a1bf-4528-95dba646b414;66.253.208.193
mikemiller@example.org;225.511.1510x1850;2b0a1fe0-a5fa-1230-4847-c21cb4fd3a05;205.189.171.249
nathangriffin@example.org;(430)509-7820x05505;db7c1f5f-93e6-7761-7dde-04c6163345f3;57.52.15.205
ryanhoffman@example.com;+1-307-327-8946x77187;5dc26f3c-3c39-873d-6169-d487052b585f;30.128.218.18
matthew34@example.org;578.737.3822;6d87c3fd-d8bf-595d-d8ab-80712540e8fa;219.142.87.19
hudsonmark@example.com;+1-992-235-8709x4617;1ca4be79-14d7-82ce-bb40-5191174dae23;126.106.114.214
john75@example.com;781-671-6921x0611;ade78e60-d40f-bf44-1041-3349d626fdde;183.76.66.74
matthewescobar@example.net;9207681254;f4321a6b-fb5c-033f-5c48-e28ec473799e;55.249.152.136
samantha05@example.net;296-320-4891x7539;bbbb219c-2c06-2a30-5f4c-f35e7030c188;27.208.193.245
khaas@example.net;779-204-2728;f925f826-e4a4-f59e-d604-8cf60934a659;213.177.220.180
maysean@example.com;272.859.1900;6dc6280a-00ca-fafc-2918-e2bb99c7b7b0;61.66.45.205
desiree09@example.net;525.854.9621x104;10b8d209-e7d9-4fae-493f-e48c6eb539f5;198.117.42.200
tammyzimmerman@example.net;603-979-8292x714;8eba044d-90af-2569-4070-7ed21d199d4b;74.207.25.31
cassandra50@example.com;+1-395-816-6809x647;4639aa6f-bcd6-0bd6-36e6-a66f2e7a9ba5;220.103.130.153
stephaniespencer@example.net;+1-776-400-3687x10566;101cc973-9768-6f32-f846-c97c69902b3d;197.106.106.87
juliebriggs@example.org;(359)558-3270;74c1ffcd-7589-1f51-433a-d0f04f46b025;200.12.79.145
dadkins@example.com;756-213-7382x86775;71997a68-86a0-d6af-6eed-c664c60413c4;18.36.64.53
rkelly@example.org;750.201.1105x867;5085722b-2da2-ed6f-34ab-443d010ec2a0;33.19.232.36
frederick15@example.org;(675)514-2703x67642;33f4e0ac-0adf-06d6-7129-85e6266c5986;208.123.48.49
jay62@example.net;(611)254-0352x93622;606a8d21-70eb-39e7-af48-aeedbc2aea41;71.233.197.246
michael48@example.org;(651)783-0573;95dbd5bc-343b-591a-5bae-7897ae43cede;138.220.48.68
hansenamanda@example.org;(894)920-8071x7743;0a7262d7-78c7-18bc-e527-80a44a5c7851;45.67.242.92
batesjoseph@example.org;(944)488-3054;ee74d9b2-9c9a-995e-5860-8d55e35bf8b0;214.188.5.93
melissavaldez@example.net;279.337.1968x198;c9de30b5-ae41-8618-66d0-386f51c8867d;79.76.83.65
april11@example.net;258-688-7941x539;eef1fdb4-e778-c381-dfe3-366036725e90;209.42.131.13
linda55@example.com;(271)310-8407;f335200a-8226-dcec-af41-6b494be25c48;220.15.247.41
cory50@example.org;(453)625-6548x63595;0089b491-7726-023a-6dbd-279d0029cef6;70.131.21.33
schultzamber@example.com;590.348.3814x3102;aa30d4a9-7473-322d-8176-2d29eada5439;174.228.119.53
regina69@example.net;326-964-6435;61dc92b2-a9f9-7a44-035a-f24ff20eddf8;210.154.162.227
marissacarrillo@example.org;+1-830-737-8962x50670;d7f34c06-d3f8-1d1a-7129-ba3571092d0a;89.26.73.110
johnsondaniel@example.com;001-649-511-2504x426;6afe109c-ce2e-5f8d-7e13-209f7739f1d5;217.44.66.252
aosborne@example.net;652.846.9372x1459;caefd0a1-3fd4-752f-03d3-b2e268ed1378;89.117.217.220
gregory04@example.com;705-522-4819x412;4f11c937-a745-dadd-83aa-1ec93166148b;158.87.69.84
lbarry@example.org;(840)431-5725x7067;11361f38-a5c3-a490-7623-12cfcb921d7a;154.142.15.42
kelly32@example.org;362-512-9838x98558;c070d333-4673-b881-29c6-425ed9d62ff5;141.199.113.152
rbishop@example.net;9037378802;cfcc8544-f542-6e75-a687-f010fb75f58a;219.243.112.91
richardsraymond@example.net;+1-561-547-6032;1a3c69af-a704-33a9-90f8-8501caa4105b;202.251.176.134
valerielowery@example.net;+1-691-869-7442x238;fef771b2-ec3a-ba2c-70e2-81722c738576;216.225.248.105
alec69@example.com;632-413-9354x74645;86761e31-b23d-05c7-6c4c-0c45a81182b7;1.80.187.142
christophershah@example.org;215-825-3471x5690;2551b667-17b0-0b86-2605-aac7e6589d76;213.174.143.89
ztorres@example.net;654.985.4454x5999;991bd6d4-385d-685f-fcae-f8cc2952eb9c;102.41.207.31
maylisa@example.net;3402190431;58b01235-c95c-073b-5163-fe4f60307b1c;170.41.26.12
wthompson@example.net;593-638-9477;ac25f91a-334f-f6ca-e665-b0b2485eed4a;150.110.44.183
rossapril@example.net;845-811-0714x60610;5ad2c0bf-01fb-407f-a0da-46f8c6c4bfe6;38.156.157.100
cervantesmark@example.net;211.283.6537x25115;279ec6a3-6ccb-3a1e-1d27-b1b13b95e56a;193.157.103.180
peter80@example.net;(550)836-2269;44c6b6e6-0fce-6930-587d-0adaaec78912;213.73.13.196
jenniferowen@example.net;973.832.1360;81674fb0-1e36-78f7-54de-041da6f90ed6;86.10.200.204
cristina83@example.net;(346)764-9931x5373;6198ab93-09ab-ce93-b620-6cb5c0228a65;219.118.137.129
davidwhite@example.net;+1-528-511-1522;b069ec36-5b40-8612-6771-b798ec495bc9;178.125.175.229
qochoa@example.org;+1-414-591-3119x69955;441ecb91-882f-963f-4137-9505035851ee;83.235.231.161
kathy73@example.com;+1-801-420-4029x74469;0ad78b2e-6e0c-281c-554a-21e35baf1241;29.192.240.83
isabellaibarra@example.net;655.604.3734;bdbdf4c1-4345-6e25-1a2e-a9d18c90b795;20.110.47.33
eturner@example.org;(406)437-3486;c5a98578-99b3-4ca6-5871-71965fe17280;205.215.128.147
ricelindsey@example.org;949.610.5339;10578388-6128-69a4-d199-bbcdee926148;137.112.108.165
qjimenez@example.net;289-255-3322;6a52121d-e583-e270-18f2-6a0e73b1c380;111.222.253.67
raymond52@example.net;(490)372-5299;64de199a-bd35-1516-57fa-0d6b651a02fd;99.68.129.38
candice55@example.com;8972932285;84e3998e-e3fb-f2dc-768f-c3842b921d7b;139.228.34.180
davisdebra@example.com;952-208-0138;bbad5ecf-766d-65ee-bcf2-2ffa6dc2ccd0;193.170.137.44
howardgarcia@example.net;349-559-2644x6674;f16bd21e-2213-0b43-e57e-3b76676ee5d2;222.88.253.161
websterdaniel@example.org;649-411-6371x5552;f3e876a2-86e9-fc3e-20d5-bfa6f48cb7f9;214.160.203.126
westtammy@example.org;445-242-4378;46585ece-afc0-338c-68c9-8d4a371bcd98;212.214.36.148
bradley96@example.com;648.626.4962x88665;885f65ea-d69c-a2eb-6329-f2f0618a5497;122.163.223.130
michael50@example.net;(581)914-6734x024;88ef5166-7812-7101-6e53-0d669f382060;202.104.23.192
jack57@example.net;+1-750-549-5995x572;a7a6587b-8698-2697-de55-21f078069882;69.143.155.41
uhawkins@example.org;001-310-935-7543;ea6d726a-514a-a514-95ec-7162982b81f0;42.96.126.35
clarklinda@example.net;741-277-2989x83205;a80c574c-af03-a96e-eb1b-736cdc33f03b;42.23.37.79
christinacruz@example.org;001-723-367-8310x756;64aa9f56-5331-cd0e-c15f-702b59966432;18.248.207.132
timothysantiago@example.com;001-916-252-4528x87966;4c61c127-587d-54ac-fa22-c1b19cbeb9b5;66.132.146.6
mroach@example.org;(350)850-4259;39d5dacd-fbd1-5de6-b7a4-e78d8a398dc1;47.51.185.176
rachelrodriguez@example.com;382.545.5858;45f0fc5d-18e3-3563-b6d3-a5536fcb6dfe;171.132.76.120
shermanricardo@example.org;001-756-733-5909x778;b93d62de-4e8e-b532-90f4-046e741f7964;169.232.16.153
fishersharon@example.org;983-546-4085x23741;c48d1342-0fbc-f921-ca08-3cc082ddfa3f;222.5.97.25
edwin97@example.com;854-787-7046;3ed7ba92-775a-5a58-e258-c65333a7ee52;59.96.44.222
elliottmitchell@example.com;2652149963;21202076-ab70-9967-edbe-edcc3be907a3;166.41.58.35
robinswanson@example.org;001-264-935-4788;22e18145-c5b5-70ad-6940-3a6292c5ca95;120.243.157.255
tfrancis@example.com;322.429.9051x024;8083eb6f-1279-ce98-b59e-0cee743f37fa;182.216.181.209
thompsonlaura@example.net;(498)672-5902x3982;3cffdc94-0f7e-5105-e66f-8e13746a0fc1;132.201.232.42
elizabethalvarez@example.org;001-736-589-7981x9288;2d0a69cf-7022-87a4-cb36-7f87bca65385;5.14.215.146
sgreene@example.com;(338)454-8656x93017;3038ce74-fcc2-f1bb-b777-afaec8273d55;7.41.75.22
matthewwebb@example.net;+1-770-402-1601x477;2929eb43-7d8b-6947-6e50-85cffa9d9d03;62.68.252.193
michaelmorrow@example.com;(810)842-2973x1166;2326ba92-7827-1334-0884-1263b83de859;54.145.32.95
taylormartin@example.com;(993)227-1048x2709;508a88f0-60f3-f1e2-d5b6-166408c7b36c;74.187.244.4
trevorpatterson@example.com;317-969-7604x0058;8fede3db-0e1f-bd3c-6ba6-b328f184b950;116.254.234.189
tshepard@example.net;+1-855-538-3593x1856;8eec4ebe-245d-b8c0-1c87-1567e751f07a;205.10.126.209
freemanwendy@example.com;(641)479-0571;c488ee46-2577-9810-1ed5-f1cd5b2f0d0b;175.2.26.92
ncosta@example.net;(446)763-3241;b4d158e1-b6c9-d2cb-b3f2-83283171e947;93.40.217.205
brandon83@example.org;685.793.8255x766;4fe959f6-c9bb-c327-b97e-9127824fa62b;47.175.231.237
pcollier@example.net;920-669-7440x0808;f16978a7-705b-5707-c61a-623f03bf338f;136.51.197.53
jennifer05@example.com;(332)384-1011x334;68a8b76f-24a3-d8be-0f5c-443c5da23a68;220.125.159.137
davidzhang@example.com;986-962-2729;d5f608c8-b8eb-cea8-048e-cc2f75a87b8e;37.212.177.164
lrobinson@example.com;+1-513-849-0341x8421;7370803f-b1cf-c19f-c316-da4cb6884982;134.197.130.22
travis82@example.com;(815)510-5286x656;29ded618-51a3-b7c2-3a98-b9f7ddc81f59;218.128.28.134
davidtate@example.net;(857)419-3318;213a48fe-af80-5907-bba3-58cd5b396f17;129.254.155.31
samuel12@example.net;+1-725-341-6482x9344;281ad19e-6cb4-c1b9-e74f-62cee6469c76;218.114.139.80
cassidy99@example.net;(208)507-9403;5dd2f68d-c888-bb6e-1059-92d070f9a6a9;166.124.124.139
valeriebennett@example.net;(426)211-6870x78415;fb18972e-35fa-893f-b2c3-87839c1e503c;139.36.22.125
keithcrane@example.com;001-799-961-4756;77def40f-0a6c-41bd-762a-2e28291b12e0;9.20.178.196
wcurtis@example.net;573.482.2683;5a253c9e-e4ce-345f-ffdc-7426a06d7786;194.177.55.178
danielroberts@example.net;+1-561-775-8305;afa20d8e-cb78-7197-8fc7-09630b6d8a11;195.81.25.133
vblanchard@example.com;314-521-3808x64525;801f37e0-3d2b-d185-a869-0daeff129aa9;213.194.118.142
sarah39@example.net;+1-928-403-3512x61092;bdf3085c-2f1a-be69-d392-2db81a49fd9c;213.185.12.181
james20@example.com;+1-425-633-5307;1f23faa5-e9f4-1632-90a5-f76257239d3d;180.117.226.67
pcaldwell@example.net;271-853-3862x73941;77ed262a-8961-c22b-f7e2-fed02d92bd8c;4.103.191.209
james42@example.com;(767)785-8795x465;a70c237f-8927-160a-2dda-d4e481b11216;213.225.59.106
patrickwoodward@example.org;001-693-217-8021;b2386a17-4036-1071-34cb-7e222ccd73c0;152.118.142.183
jenniferfrench@example.net;001-900-464-4501x32193;2731e31a-57bc-fc9e-0c4e-9851d1e4eaf2;219.92.190.201
thomaswhite@example.net;974-600-1117x9123;5ad78314-493f-09ed-b665-5f1e348f5052;214.1.71.170
shannon70@example.com;929.252.1068;a7f4e619-745b-b8b5-5b44-6a663aedbd9c;170.74.105.97
seanelliott@example.com;635-794-9592;3df17800-1822-3dd8-48c6-60c2a6674ca5;206.130.200.61
sarah49@example.org;6258021704;a7195e4b-dfb7-d5d0-112e-655955f7426d;176.243.27.181
keithcantu@example.net;(983)290-6273x823;bab2e9e0-470a-021f-cea6-1d9c5cf46b3d;223.237.249.154
fitzpatrickstephen@example.org;248.259.0671;f5e6e682-1644-ff6b-16ec-bd3f80ac7ca2;135.215.137.252
robert05@example.com;+1-473-883-0804x00141;e14473ef-32fa-e10c-3478-e6fbfcdf1aa0;182.52.190.162
cheryl34@example.org;4269398697;84a619fc-1c18-c40c-ede5-ebe1095de095;167.232.177.11
ccase@example.com;+1-865-952-3536x78545;59dfa88e-0150-8005-1c4b-bcbb83ca092c;156.129.61.55
colemanrobin@example.com;001-798-946-7656;ca22fe20-2c4f-bc8b-33e1-98ae9e87dc46;137.183.157.224
tammy28@example.com;597-336-5139x54401;47962f81-46d6-548a-71ff-850cfdab49e7;220.169.161.95
stokesrobert@example.net;+1-295-285-0986x089;87a3d912-2bf2-18be-988f-c26acc491fb2;125.189.32.93
jeffery74@example.org;(781)258-5130;b68d9c73-f9ed-2b4e-5136-2fe1046dc9c7;156.35.109.190
erica15@example.com;001-837-742-5672x0190;80d664e2-0f7e-e5e2-8ec2-dfd905e560ca;139.120.210.157
bryanwilliams@example.net;801-599-4802;184f5732-0b3a-1dd4-4500-b9d8702ae229;182.23.216.126
sheila70@example.net;001-829-645-2775x0186;082c4f2c-4ea2-e9df-d099-31646faee52a;92.12.232.195
livingstondeborah@example.net;561.914.7200;ad9f34c0-0e3f-1b1c-443b-368b1c317893;139.83.238.126
hendersonmelanie@example.com;505.383.7404;3935da1a-6c5c-1be8-350c-3fc6ab2db5b8;219.120.116.97
johnny96@example.org;001-528-987-9832x23636;fd3fd440-ed85-2cf3-a973-b0ae7545e272;20.49.47.246
williamstasha@example.com;+1-449-333-6917;e66b6c12-a51e-1424-0bdf-2f43e6407e8a;175.34.148.28
sarah93@example.com;869-282-2384;021fbc9c-4f98-bad7-98f5-b64f897b7a51;19.214.229.167
heather88@example.com;411.696.3259x536;711f2829-c4a2-4557-051a-e149d4d21d51;178.197.175.117
xdelacruz@example.org;+1-728-649-9957;267d9405-c95a-db42-9479-d50c133a6e7d;86.3.207.7
jonesjacqueline@example.net;205-569-7035x007;bd23192c-aa87-4800-4d5f-ed35db833fe4;32.246.80.36
candice55@example.com;8972932285;51846e52-972d-f414-ac4d-b8a47a952af9;108.78.74.220
scott29@example.org;772.854.0541;4e6c6dc3-0b78-45da-8857-ee646ad6e851;164.151.21.102
stephanie47@example.com;(403)263-0309x112;0a591b20-0f2c-ca75-34d0-870104a43966;63.21.169.172
jjefferson@example.org;+1-260-631-0335x748;e989c624-29dc-d43c-cce8-310c8626b52d;102.183.46.8
jwilliams@example.org;(322)369-6903x9988;6c92c66f-8a6e-63cc-809d-a50a51a3cf0f;215.247.154.14
traviswerner@example.org;286.981.7558;5a7cc983-2f2f-51ab-985f-3edd096570b5;189.198.38.34
englishroy@example.com;975-584-7954;2cee16f2-a068-e6dc-87a3-f62f3d0c8b28;135.25.95.149
john46@example.org;7734804498;e9cbf1aa-538f-b6f4-d20e-2f4a38d8d4cf;94.24.162.167
janet11@example.org;560.434.5082x483;eaefb652-08fe-b151-a7f7-8563fa7ec822;130.10.54.93
daniel32@example.net;670-533-8730x694;61ac3271-139b-e2b9-4fa1-8e3cf6058d80;219.74.148.111
rcarpenter@example.net;356.285.9805x7208;89a1c6a3-79f3-5ad2-6bd3-cce7c9f8433b;125.226.221.247
bhansen@example.org;512-353-5576x5883;20819415-ca59-cf2b-1bf9-ac9b43da9493;136.47.178.227
millerzachary@example.net;681.447.3396x3805;6c6dcbdd-7fe8-741c-24cf-f563b9b1a8dd;16.124.25.163
timothyfisher@example.com;7503813228;2c80da12-ddc7-da4e-5aec-a579b667a769;93.137.98.71
alexa81@example.com;+1-348-727-7195x485;50f2a770-091f-31c0-3398-90ca5c207460;111.159.111.221
xjohnson@example.net;5866775952;b1f484b7-5f4b-fcb7-5e60-80136a7aad08;138.195.190.102
adam69@example.org;336.389.6289x79586;3de59010-9789-894c-f3ed-5eaaab30e4eb;169.9.86.223
martinnorman@example.net;(797)329-2702x2467;9a8acc9b-4b72-5800-8f1e-9c64cc9d8702;89.24.243.141
westtimothy@example.org;226.914.5995;3d58ca93-5fcd-9875-d2ad-9a2448ff7e19;30.97.0.65
fullersteven@example.com;(895)655-0503x02394;acd2fd92-351d-3ca1-7bcd-d13923122647;192.6.54.65
gary87@example.org;+1-467-648-3651x223;6b18e2b3-1a71-1915-c14c-21ec3b62bd4c;75.170.175.2
dcaldwell@example.com;5942642353;7e4c1f3e-9a80-6fac-b1c3-feec1a626a8b;56.54.240.145
michelle89@example.org;600.603.1863x1549;0a19a26d-23c3-431f-f79c-c3a529d11d7e;120.154.115.123
larry61@example.com;+1-377-274-8616x590;ddc85294-d7fd-ee03-1466-93eefe6dd768;77.75.115.121
rebeccabray@example.net;001-218-318-2973;6fceca07-e181-980e-e871-ae457c570d26;209.157.37.1
skrueger@example.com;239-443-8194;a8a3d64c-178a-55bf-1938-9de525b5945a;129.47.0.202
bradley43@example.com;001-220-424-4630x43875;1c1d9b72-9b43-4f95-5dc1-f470e6d52b0d;128.122.128.163
nmahoney@example.com;(284)334-3077x550;4b724f19-c668-a6a0-0f9d-b3ae9a101571;214.29.25.204
jessicacraig@example.org;436-834-6122x20301;1988329f-6372-902e-a460-ec21b51f1385;130.115.100.248
jerrysnyder@example.net;001-217-538-5522x9925;6771440f-bcba-fa66-3ccb-1a0713bd1a80;211.132.100.177
edgardouglas@example.net;593-639-8796x00932;d8dbb42a-b153-75cf-2899-fd202f0f8b39;158.234.101.31
rachelmorris@example.org;671-464-0249;0cbaf122-e612-5c21-5621-017fedea08d8;63.67.233.137
apacheco@example.com;+1-674-772-1055x816;0c3cd6d2-b47f-4484-96fb-d3634fb7947d;152.114.174.40
heathermurphy@example.com;601.630.6939;c0f8ef0f-cdb8-8352-7940-3442ab252171;117.165.83.32
nmoody@example.com;001-705-333-2174x82293;7f0cc9f6-7b6a-fdf1-63fe-0ea32a726f89;193.134.24.63
beasleypamela@example.net;9102117090;b3949289-fab7-be2c-5fc1-b7388ff04e03;158.223.251.5
michelle52@example.org;+1-274-284-2772x530;c26ec409-f32e-f23d-d20f-e2d66d789af6;30.51.8.178
glennroman@example.org;001-521-853-1942x42517;bb44a124-45e7-258c-4270-de3e1efe36bb;212.153.185.141
kathleen09@example.com;326-876-6204;7bd3ac27-2530-718d-f47b-334d3e1b6862;74.171.197.49
jamesconrad@example.net;9768899137;d5ab20b2-f330-4675-a632-d2315454f03b;143.94.74.239
johnfuentes@example.com;+1-501-361-1926x4498;223d88db-b512-eead-5e18-f3ffa868eecb;193.133.24.186
rramos@example.org;+1-486-821-1272x75015;17568baf-c1a2-1879-2ed6-9a97d305cfaa;198.187.52.237
james62@example.net;(632)511-3987;c8aec761-ca1a-f9d8-610f-ca374b5f7f15;210.220.154.171
griffithnicole@example.org;(372)332-7287x65034;d4a00a80-efcc-f42f-18a9-e79b7e57c1c0;209.240.157.38
bergerabigail@example.com;717-469-1252x4620;ecd6cb63-db75-5bfb-4d84-61a4efbe7c0b;11.107.97.130
donnamckenzie@example.org;9298253669;dc8b0200-62ff-57f7-f395-7c88edf16be0;146.164.217.134
michael01@example.net;+1-953-657-9751x1985;e195c224-909d-29a4-3498-87941588c991;173.125.247.191
vbrown@example.com;709.950.0132x7907;35fcf90b-a36f-69de-28f7-9570f0b2ef97;183.250.103.200
angelasmith@example.com;3023825833;68492264-4701-ab08-f001-f45365b196cf;202.47.119.116
hchan@example.com;403.580.0197;ed013a14-a69a-90f6-42a4-e3e4a1d5ff39;215.226.213.129
shenry@example.com;788.761.3317x5557;d4367ac8-bd7b-dfd5-f145-79dcfa874c06;46.231.111.42
dominicschaefer@example.com;+1-604-649-9984x8895;ab87bbb5-0031-510f-2999-598a03a3bb79;206.121.179.221
thomas28@example.org;(306)670-6693x6043;f5c668bd-3cfc-fd8c-b6b8-0745368d7494;135.76.206.39
elizabeth23@example.com;385.861.1188;8d726449-3e98-77fb-97b2-06ba0d5572d6;194.182.166.36
kelly81@example.org;001-851-871-6894x8799;6af54aec-9991-a9ca-2224-d67860da8ad5;109.107.32.106
adam04@example.com;3773526840;f2dbb5ae-de1f-09c3-d2de-f66036e2684a;208.86.61.76
reedlydia@example.com;(518)413-4265;75dc1147-dec7-531a-f20f-f090fcd09d4b;74.254.183.250
amathews@example.org;(736)537-9809x735;d3bc08cc-66cc-f2a1-b433-4c46190ac53f;199.240.111.167
youngjames@example.org;+1-263-792-4883x53529;a28c99d0-82b2-3195-a1b4-5d3ec1d0d7d7;196.219.250.56
amandakennedy@example.com;249.944.9186x87438;5951a6c2-4358-9645-a626-9e9b3ee9f428;65.75.189.104
andrea46@example.org;001-598-249-4273;3b14fe6d-91c2-e226-bd64-31f190f0c715;57.182.160.70
qgardner@example.net;(857)203-9176;3b14fe6d-91c2-e226-bd64-31f190f0c715;219.212.205.103
ishepherd@example.org;(675)448-0885x49621;5ff287ad-d394-6ad2-a8c6-91bf58db0ccb;120.182.204.58
kimberly35@example.net;001-740-326-1947x6268;1a28c127-f694-6974-79ab-beccb47e8064;20.253.207.101
ysullivan@example.com;796-386-0046;e126fc48-9271-8b5a-00a9-d508c562c0b0;187.176.113.44
rebecca02@example.org;7627441282;61f73eb0-7ee6-e01a-b88c-89daada3c9d5;202.91.237.97
justinmathews@example.net;+1-913-212-7405;2ed8b6ae-0914-3d27-3d5c-c050eb4356e0;61.156.9.78
jodi11@example.com;001-796-750-0381;0b7f929b-c4df-e145-0d41-d40934196127;172.112.201.249
thubbard@example.com;+1-348-453-0655;72d489bf-bea4-7063-8a91-9ee9a0657cd6;1.86.117.34
robertwalker@example.net;001-707-609-9499x82489;1235e95e-08a8-e06c-c9a5-7a8bd394b4a1;160.247.222.89
koneal@example.org;(627)692-7557x13195;278b9011-72e0-fc5f-613b-79e1acaf1673;88.187.177.252
coopernicole@example.net;651-468-2500x543;ae5c80a1-abec-c3d3-f63a-3c833cee8440;171.101.75.213
ylee@example.com;3818371871;c5194b66-8a5d-47e4-944c-ee67965583fd;147.92.110.47
christopherjohnson@example.org;421.298.7280x5720;51af2b5e-862f-544e-9364-41223a007915;214.52.159.253
hammondcarol@example.org;(242)766-0584;a6f3bbc6-5c83-7850-bc75-062d392a05bd;2.154.94.200
donaldfletcher@example.org;653-270-8497;39cf0697-12f4-b312-8fc3-50c926188296;199.116.129.100
lwang@example.org;429.507.5010x9496;66d063f6-81b9-250e-1774-bb3751727237;221.10.151.19
hicksjacob@example.org;+1-723-333-1942x54012;2b173ed4-071e-8f28-0745-9d3b3d3b9f90;206.38.46.77
jesus68@example.org;6789444349;901db041-6760-61d2-4597-aedde302af72;72.13.226.113
kelsey07@example.net;+1-826-405-8871;c46c46fb-b230-dc9c-b5f6-79a1325ab6ab;124.211.189.102
clawrence@example.org;551-754-1706;f0622f7e-48f2-6c22-467a-8a174f8c5c29;213.131.41.124
sheppardchristine@example.net;593.881.9019;37c1fbb4-e130-5d4e-9b77-55388fbea653;56.80.140.117
joycepatton@example.net;988.978.1968x018;ff55e140-6690-f8bf-c354-29335199de17;221.193.46.27
amanda57@example.com;+1-581-243-1426x6639;047bb927-f6d5-900c-6559-7ae52f21f48b;183.30.2.122
jamescordova@example.com;(939)705-6199x38369;df617183-b257-3eb2-43ca-2cafb5d531c4;39.19.129.220
nataliecline@example.net;623.775.8731x39867;3f87dc38-5eaf-1acc-705e-aaef07543e00;207.208.245.170
richard05@example.org;586-338-6560x32611;ac0a763e-05a7-baca-f75b-983b6c53aac8;209.13.132.47
sellersmiranda@example.com;+1-613-371-0777x20984;9b2749e8-7f07-eccc-a5fd-70fe4c8570a1;145.175.79.168
william82@example.net;(664)338-0509x4861;6e96a8de-fd60-13f3-dc10-25c3201acb3e;200.182.32.160
kylereed@example.org;001-726-838-3704x7030;a7274685-088c-ef53-49c5-6aaf76547d7f;141.250.50.247
kristen04@example.org;622-622-3055x5182;dad96f16-9bc1-867d-d725-6b9623d5a0b8;152.148.220.166
johnsonjulie@example.com;001-655-806-9190x84140;4ec3a8ac-3996-466f-0c29-77f867812a14;21.224.59.39
kathryndavis@example.net;2165963778;a0e67819-14b1-370b-c193-2843a3b520fe;21.41.252.164
pkennedy@example.net;001-777-980-4265x15425;1063332a-4bde-a120-ef07-afeba3ee7b75;200.107.159.32
justincrane@example.net;+1-984-367-4453x88869;28a7818a-85e8-1310-4c07-c55f066479eb;154.17.244.190
ronnie17@example.com;883-511-4317x49217;cab2dcfd-35b4-e001-f4c7-8de8b8670bf7;106.34.203.62
gpage@example.net;585-371-0561x7249;b4d158e1-b6c9-d2cb-b3f2-83283171e947;193.18.60.12
taracervantes@example.org;001-473-290-4580x39126;a32f7835-d6fd-6729-95db-8ad27e4310fe;85.134.141.135
brendamalone@example.org;504.411.0340x262;08bbd46a-35de-671f-9261-34fb564e931c;30.51.58.23
taylor50@example.com;(764)366-4074;7765f38e-8444-9891-dae0-bf0fac98438a;14.157.112.49
howardedward@example.com;833.691.5833;66b0d508-7d82-122a-8289-71abbb0a3b79;200.244.216.33
danielleyoung@example.net;795-242-8108x515;e6eb0453-404f-b402-f5d4-8fd8d462d11b;136.136.22.235
gutierrezjoseph@example.net;800-355-8560x3647;5b3ce88f-d71e-7d33-271b-0a62e27e44ff;117.2.50.220
amandagraham@example.net;001-591-426-3805;e416c7e4-c1d8-e691-1bab-7383ba579ae5;51.151.181.235
samuelstephens@example.net;(919)553-8525x7473;f374598a-d06d-4156-74c6-7eb5822cfd39;201.158.108.133
coopermelissa@example.net;7126601764;7da6b93d-a0d8-4874-869f-f20f99be6a01;209.182.187.52
lterrell@example.com;(952)396-4187;f08c1c06-c7de-6b34-866d-5013b243cbfe;92.198.95.185
katie67@example.com;(729)955-8077x827;3b7dcecb-ddee-c766-3ec6-d533a8b74a69;98.48.214.42
veronicajordan@example.net;270.326.2715x59545;b35df00f-0e7b-7542-14aa-7c8071666611;55.154.108.103
nealdavid@example.org;215-857-2114x837;b5e77f9d-73a7-1cb2-a6d4-ed2bbb878ef9;156.19.182.57
deanna95@example.com;(953)899-5471x6624;5bbfea27-923b-5165-a8e0-5c211ccca6a0;121.178.148.58
smithkathleen@example.com;547.601.6854x9708;a5beb168-de47-33ed-fd0f-0d8da1d88037;170.179.106.236
aguirredebbie@example.net;866-896-1429x376;ede9039c-6d4d-dde6-8bad-28caaa83374f;70.183.237.112
tcook@example.com;+1-596-824-9697x1972;7160b6e2-7cef-1f5c-9e64-4d346af405e9;22.74.154.112
jessicalynch@example.org;977-345-6056;b1f0904b-9463-100e-3d42-190d2f6e86b3;194.160.234.250
claudialove@example.com;420.922.8591;ade8d35c-3df0-137b-31ca-4acbda6cfdc3;204.35.203.108
bshaw@example.com;+1-856-903-0148x0337;31e2a27b-e64f-6beb-25eb-4977f1a8c4eb;7.235.241.178
brian59@example.net;(236)378-8423x8597;f3b6b616-3ac7-4311-af14-ae6728c20a3a;152.82.128.36
michaelcox@example.com;807-573-7322x452;9ef3ff41-3364-971b-90ca-478242adf8a9;97.245.121.242
johnsonnathan@example.org;+1-969-201-6220x93433;8a56d51e-efe3-7b5c-c147-2b7a62921164;170.207.137.156
paullee@example.org;933-580-7160x71231;5b5224ba-3944-b49d-0dae-5d6f2f58a64f;181.150.178.246
kimsarah@example.org;+1-642-278-5307x947;a554e64a-24c0-bb51-d268-a9a59901f3c0;193.183.125.199
yjimenez@example.net;285-611-3374;add0383f-e8ae-9000-4e36-b18d60bdef9b;189.42.178.191
kcisneros@example.com;236-387-9726x2571;5d4b5a79-d772-bba4-28dc-645027d2ff05;175.223.79.179
ericmaldonado@example.org;865.398.6302x548;437a275b-982d-ed9c-7609-a74228b2595c;123.4.158.222
stanleyalicia@example.org;(455)364-3668x50211;ff3059c2-755c-ab34-06e9-4784ad855fb2;193.224.216.151
estradamichael@example.com;2835331488;6ec226bd-4f47-999c-ff0a-4bbf37aa44d1;72.92.135.73
jonescarolyn@example.net;495.755.9538;0bb8126a-2936-878b-226e-e451d8953c01;105.185.181.106
laurenquinn@example.net;(478)221-5354x3657;02387452-691f-46b1-3157-247ba2df219e;190.173.135.183
travis60@example.com;734-538-5836x316;97ac9c2d-c449-6198-4aee-d3d0dc7a4e6a;199.167.90.143
anthony71@example.net;(630)937-1027;09c22e41-4590-53e4-6fc6-5263798a1bad;199.5.127.223
melissa28@example.org;893.519.8846;9d180c50-9100-231b-ef29-fcf2f00eca0c;216.170.178.2
ylopez@example.org;798-371-7234;99d66509-f36e-155b-674c-50f22df06678;207.215.186.227
torresrobert@example.com;(825)900-9735;59f77b24-8d2a-6786-8239-453f7061c544;67.232.45.32
vincent31@example.com;(644)282-0137;e43af5df-ac7d-35b8-5679-1e8e46ff2a7a;15.220.198.23
zlawson@example.com;7485206101;d1394165-a863-7fb4-0f39-7e7832f1d4b5;163.151.63.215
murillokirk@example.org;369.768.6606;6c65d7a6-96a3-408d-e13f-f41af903f2bb;180.50.5.36
john58@example.net;333.962.8411;02422901-d5b3-f170-ecd0-735b8924bc15;36.148.244.14
adamsbarbara@example.com;+1-224-343-5512x708;f2b0dce2-a9b8-1241-54b2-75a4a7518a24;34.104.106.245
trevordavis@example.com;403.510.1534x84839;4fdf4b01-52d9-819c-b10e-264cb7f202db;147.151.140.53
crystal77@example.org;250-571-8789x77722;ca1b40a6-6f87-f2d4-ad13-141d8ec90772;36.25.76.242
adriana62@example.com;(565)721-8810x232;2d0d2310-99ac-7a69-13c4-276497b29eff;112.100.173.224
autumnbrown@example.net;906-411-0706x74512;7828f352-20db-4cf0-1b1e-a88843edc8fa;206.173.171.157
josephsmith@example.net;001-490-539-1884x357;47125709-9a1e-b31e-1e6a-67b9cef29561;178.239.81.227
eric74@example.org;+1-356-344-2278x18535;1ceaae8d-4d34-3678-6356-27c42fa98d1f;222.166.94.170
amendez@example.net;+1-236-470-9577x3407;41fc86d1-2f22-f4de-5151-67f85e087bbd;202.245.136.37
kellycastillo@example.net;001-229-530-9400;bcf307ec-2745-eeb7-d49c-714cf5b7f680;193.231.145.72
christopherrobbins@example.net;678-390-1966x60995;91637ead-d377-a8e2-3570-5541306d0fab;55.93.118.73
kpeck@example.com;560-687-0169x38340;cadc876d-53e3-cd75-e9f0-972e1d05dcdb;177.72.6.100
timothyweiss@example.com;784.536.2464x014;235131d3-f599-3e73-901f-0eb1a7c11d13;194.187.163.130
matthew75@example.net;(328)757-4553x6063;1643c08f-a5c2-efc7-be10-078635b6a3cc;217.247.48.123
fuenteskathryn@example.org;+1-321-598-1315;620ea1d0-7a53-dc53-d6cf-43a636856dad;202.64.255.7
patricia98@example.org;001-317-436-9675x9094;995bc24f-a6d0-a584-fb23-5164509cf701;45.90.180.36
karen63@example.net;536.999.1812x437;7dd0e7c6-69a2-223d-6540-6e44704e5be8;101.109.43.167
gravesdavid@example.com;+1-205-768-8497x24544;524a71a4-4645-b33e-2f43-9c754f6ca614;1.187.106.83
ashley69@example.com;555.285.8954;287c1dc7-16cd-eab0-3bfa-c2cc3d2166f3;59.2.67.59
millerkelly@example.com;(721)479-3786;09ce44e4-dba6-13b4-7cca-af8644f5e5e3;122.249.182.250
sross@example.net;(929)932-4892;d6921ce2-43a6-86f0-4376-3d359ff52f2e;74.145.20.190
gabriela91@example.com;9695629288;32f512a5-4128-ba48-2ced-01c961356581;171.91.221.218
christopher37@example.net;+1-268-556-9805x118;9d6ec577-53eb-766c-80be-c94b844218aa;199.9.147.222
reevesmatthew@example.net;229.226.6714x09909;8912208e-94f9-0544-8b9a-c959108c30a9;43.218.251.126
ashley45@example.org;001-443-960-3158x300;32f7d4f2-5979-ce5d-a075-0eeb5d89f97e;174.152.201.51
sean24@example.org;252-620-2527x412;3ee2ec5f-e9f1-1de4-6074-45f9fe6beeba;31.127.60.108
thomaslisa@example.com;458-562-0292x76172;ebb0f752-cd49-f1d4-b5d1-28fc53031c87;171.172.236.62
vbarker@example.com;001-606-346-3126x42307;73892ebd-1c2e-1ee9-9bb2-b5469c5f90be;140.48.118.83
davidcox@example.com;4459827409;94928fa4-fe37-3357-a822-8db7a8dadce5;194.125.241.252
ginasmith@example.com;001-797-966-9342;ea75714c-e15a-8512-d9a6-93e649d2ee0e;215.24.107.246
natalie28@example.com;+1-763-716-4415x6413;3d6f16d7-8b69-58ff-daf6-3c8e8d345829;25.232.104.168
hmata@example.com;+1-529-396-3113x045;53a07fdd-a1a2-12e3-61b9-ce0eb783b1f5;167.244.8.13
sjohnson@example.net;255-367-4233x57160;02c485ec-9dee-6039-cccb-cbb6e5c364c5;195.37.115.1
gallagherjonathan@example.com;332-666-1340x30805;e5ad8c71-a218-4eef-4635-f703a861e158;203.207.172.53
ericajohnson@example.org;+1-324-579-7639;7d98c3b9-7070-20b7-2ad1-1f26c29b426e;107.189.99.169
leeyvonne@example.org;+1-334-669-3586x68906;de90d7ce-863c-5e09-6839-338f01dbce8d;33.154.21.234
katelyn59@example.com;(296)605-5354;a9bdd239-450d-c799-7eaa-cc0e049711c6;143.123.243.207
tommy07@example.com;484-979-5298;0d2137bd-bbf2-b2c4-91b1-2e8b26762dd4;60.242.216.220
jasminewalker@example.com;001-466-931-5425;d99a1f71-d8ea-b8d6-7e2b-f842ceeb4f0c;63.42.36.216
benjaminjohnson@example.net;001-671-791-7340x131;6a216645-78e1-45ba-cb9b-69f4a00e4f85;143.68.150.17
ztownsend@example.net;719.985.2217x91391;528af939-22bf-ba8d-03bd-be065654680f;16.42.61.36
samanthaharris@example.org;001-912-484-4657;77397b12-fbfa-1241-cdd9-c433a4f3eca5;57.52.74.104
ingramjennifer@example.net;(243)841-1450x270;b2099b8a-9fd4-efb6-909b-6864018b88fb;211.34.38.236
leemichael@example.org;489.786.9552x13151;d7fe5807-e48c-9c0e-bd5d-bf98d302d4f1;178.171.53.100
ralphmorgan@example.net;001-561-843-1930x452;2fcef48f-804b-e6e2-a1cb-b75e62d02481;168.4.116.195
shannon64@example.org;968.979.6629x66078;58e9feee-8c04-da36-7fbe-3e64da1d392e;129.150.126.114
epitts@example.com;971-542-9246x1140;278281ad-1bee-55e6-78c2-fd6efe6f94ab;139.157.85.67
powelljohn@example.com;228-313-8106x540;c228a01f-7a48-f7e2-92d5-dc6027f91fed;82.245.119.217
crossdavid@example.net;604-822-4566;cbf7d02c-053f-3f33-517a-45b22e708ac1;207.227.181.94
sarahkennedy@example.net;566-867-1555;57dcca19-02b5-fc21-96cf-d70a3fc5f322;207.228.47.235
hfowler@example.com;+1-348-727-7195x485;3492d3c4-9875-2075-2032-5720e8c7031b;57.182.191.62
katherinefox@example.com;890.667.8149x307;48dd28bd-1009-611b-b7fa-723b9eca3f1f;194.216.19.223
millermary@example.net;270.326.2715x59545;b35df00f-0e7b-7542-14aa-7c8071666611;55.154.108.103
randolphamanda@example.net;+1-343-501-9914;ed3859b9-a678-1057-e69d-00dc537d253b;9.55.15.201
pbuck@example.org;+1-863-384-8620;02548d2b-339b-4c43-62eb-8d0096dd616d;116.176.239.133
coxalbert@example.net;001-222-903-9370x705;ca501fb0-50c7-f35a-1a2f-54c7211844c2;148.176.31.25
laura05@example.net;001-814-352-4197x66534;259ece9a-8481-ae5e-68d7-558cd9d2785c;184.235.24.203
martingeorge@example.org;988-460-9679x694;15a47f27-8b56-e0f1-0167-e37b8b2224b4;147.241.187.190
hendrixamy@example.net;(474)839-5348x6353;8e42a6c4-7ab5-72aa-0678-9228902f3892;106.138.108.171
kscott@example.org;+1-794-880-4663;ba4b020d-91a8-a02c-72db-8433ab013395;204.172.183.151
rayhernandez@example.org;702.476.4850;08498973-f352-f817-a03d-384797579701;197.137.134.114
erikariley@example.com;804-332-4435;da6e2f07-fcbe-e61e-23be-8a6d62b83fb1;48.136.68.181
ewilson@example.com;(585)230-9293x4006;7d690894-4bf3-4d9f-f408-c7d3d1f78f04;170.161.251.41
bramirez@example.net;(381)926-2667;f00de1da-4462-4468-b15f-2b67401f1a53;207.234.62.29
daniellecline@example.org;001-802-510-2947;be3418d0-508e-9fd2-3005-71f1bd4bf296;124.123.238.156
adamssusan@example.org;491-820-3894x101;9c91c4df-3b78-46a8-f965-af5577b8b30a;158.172.68.214
ashleyterri@example.net;001-998-353-6891;9d5e45f4-5bfb-f9e7-6d45-7f36023b4249;36.186.44.23
soliver@example.net;(442)954-8132x542;c57f5f71-ad75-ba47-acc8-e426f264105e;114.100.162.4
ianparks@example.com;(935)824-7868x0261;43222891-20a3-1098-ca14-646aea17675f;113.16.24.152
tbennett@example.org;001-478-244-5786x9168;c2bc89de-91c3-6f65-0242-d304d5897b5c;170.187.124.58
huntjustin@example.com;+1-932-409-4652x737;0455a43a-1f91-d474-458e-8f8861d3e9c7;206.186.19.8
lindsay16@example.com;228.550.9897;165e6704-ce28-8ffa-9da7-b6baed13eef9;189.31.11.1
zmassey@example.com;349.246.6365;afcec0a1-1818-c5f0-0aae-e30a31c0a10a;154.111.204.14
kirkortega@example.com;651.236.8945x0677;0446c9d1-5193-6f78-b98d-f2f0ae706a7c;204.29.160.251
joseph92@example.com;+1-406-592-8563x154;8e19c2fb-e3f6-bc61-f553-9c1c0e738a65;213.43.2.190
anne41@example.net;204.646.5698;19a82039-3a00-964d-0d54-d8599e0ba03a;95.230.246.135
carlos14@example.com;793.428.2664;87465c1a-941a-0e61-96f0-e982924af82d;139.204.148.173
vgray@example.net;603-720-9945;5f94b2b8-6349-c14b-82ac-a9c82d1184ec;43.30.97.150
mcdonaldkevin@example.com;001-986-380-2009x1884;b5c98420-96b9-a7b3-94e7-81ec276d4381;185.115.7.64
matthew73@example.org;916-683-1066x48592;e52d0eb6-67f3-01ee-0f53-747239615da2;48.220.149.67
shanemorrison@example.com;001-706-853-5067x429;6c630afa-615f-b98d-6e90-6b9af06d8db1;49.145.192.133
allisonjames@example.com;642-815-5716x51418;9d6ec577-53eb-766c-80be-c94b844218aa;221.183.19.137
jessica55@example.net;669.849.0761;08ab94af-4df9-8c67-18c5-99aee2d24634;196.96.49.22
delgadodeanna@example.com;901.271.5322;223f6edf-f6f1-7d35-551e-36aee85c2532;37.192.228.254
jeremiah52@example.org;600.836.2206;ed61b564-63b3-d613-abbe-5d26aadfeb81;130.252.73.100
linda06@example.org;(402)397-6195x852;5544555e-18d0-cd59-aa76-12d9913ae940;145.112.44.143
martinrobert@example.net;(900)929-6944x34028;e5854dd3-98be-af76-cafa-ce51c8803c3b;125.37.35.64
patricia00@example.com;(693)654-6719;9649aad4-4e2d-2d99-7163-8ecfe991f1ca;201.217.131.194
yyoung@example.com;945.305.2586x8474;09b17686-a68a-d0d7-a51d-47e6390a02db;208.130.101.49
penningtoncarrie@example.com;202.742.4921;6bbb52ac-5ffc-2615-41f6-302a7e93f09b;196.71.224.95
lyang@example.org;+1-655-281-3931;8baa0122-46f5-54bc-5423-036ff1639560;200.193.116.196
zunigaduane@example.com;001-870-816-3813x6738;813d0c1b-f038-4735-e786-2f980326f3be;95.139.59.236
watsoncarlos@example.net;641-301-7284;cc04fd2b-8578-2d73-1207-fc9d8317aae0;185.21.221.50
elizabeth98@example.org;845.994.0564;201b8614-0ab1-3a1a-c334-2116048dd69f;215.68.54.208
james80@example.com;001-871-671-5680x4328;416d1a5e-5cb8-ca47-266a-30c892345bbc;176.58.238.199
brian28@example.net;273-694-1382x1879;2c67592a-06db-4989-4cd1-ce95e0525e03;192.30.27.150
wilsonchristopher@example.net;+1-357-321-9746x799;e3ab3a20-20b8-8eda-3309-22619bc2d38c;16.162.17.171
kelly79@example.com;286.682.7181;2f947cf2-cb9b-b6f5-f337-fae3f0d7dc6a;149.86.216.71
huntstephanie@example.org;+1-293-800-7879x308;aeed1224-ecea-1d83-fffd-bc0e308be1b6;4.150.36.131
oconnellrenee@example.com;001-453-406-0018;1fa11b13-3d14-2a7c-cf3f-653c4ab50eea;36.28.62.98
georgepotter@example.org;589-580-1513x55006;da035343-a2ee-f08d-79f6-94c66b5362a8;216.167.238.237
wrightcolleen@example.com;+1-610-323-4589;8d245518-e70f-55a9-2379-bfe4a78c7617;70.94.160.217
reidjoyce@example.com;(228)505-5986x5546;4403a32c-4e06-a14d-8b82-ba880eccc01e;7.152.122.65
smithnatasha@example.org;001-516-682-0335x4871;14dcc5dc-efad-d7e3-b5f2-4595f92a54af;187.37.69.19
agarcia@example.org;+1-674-872-8277x513;b2195438-8f0e-e0b1-2513-5b6e9a16c415;161.247.186.47
leonardshannon@example.com;(305)802-1579;43f3016e-f4f9-185c-cb88-f5aff9e6a1bc;217.150.28.10
shaunward@example.org;+1-561-432-4853x5183;a5e38cad-e89c-85d8-680c-6341b4f27747;193.4.73.25
nfuller@example.com;001-886-961-4256;f6810999-942b-2e7d-5f38-8f59976ad607;216.80.169.106
hfowler@example.net;001-955-793-4607;61d222a7-a8ab-efe4-c511-52177163a01f;1.214.79.107
williamboyd@example.com;497.692.2608;254389eb-cbe0-be94-3c8f-d20921a4475d;30.246.14.21
joelramos@example.com;001-950-532-2420x654;e3119b1b-104f-8a9d-fe8c-5feab95e0277;205.201.112.138
troymcbride@example.org;(707)562-4260;0918068a-242b-78d1-cbe8-6b69a52e68dd;66.102.6.186
omoody@example.com;314-861-9831x4599;ab3473a6-c00b-48ac-df63-e7e13182fc3a;101.111.21.226
lorichavez@example.com;5754392717;adf87557-198c-8f09-7889-a720fa197e6e;5.87.62.40
barnessteven@example.org;937.770.8796x553;c0b09903-5ef9-8191-6aeb-24a50af2fef6;92.28.113.191
anitadoyle@example.com;267.624.9486x67680;c676d7bf-fac2-51bb-7338-9c3f73fb6424;218.118.5.5
uward@example.com;001-767-909-0180;d0321ae2-764b-76fc-8737-6bbe9cacec82;190.175.23.241
mcdonaldrobert@example.net;001-953-524-6446;bdca4cac-6cea-b314-e06d-e19ec9a4e7f2;159.110.162.187
garrisonelizabeth@example.com;692-913-0835x1302;46ac66cc-9303-fe76-e4e3-f8d526c92e9f;181.110.138.139
laustin@example.org;001-691-977-3490x02897;a49a5132-d3d4-9d08-015e-4f6c3427c372;163.71.68.236
petersrachel@example.com;531-992-0863x147;a84533b0-36ed-d0d0-696f-d0814411162d;96.82.182.105
christopher57@example.net;(769)904-3278;3c81bf75-e300-37c7-b0c8-1cbbe7eee763;189.85.222.216
mmckenzie@example.net;001-621-952-9180x180;3bd121f8-ca2b-e57d-097f-d58c3c19a2b9;194.255.178.105
tjohnson@example.org;001-394-612-1808x07785;6101a3fd-a9a8-1e93-ad13-61ab4969cd0a;24.241.205.228
mcguiretimothy@example.org;2355572948;30f54f35-f0cf-544a-f3f9-9b556f9951fe;101.225.208.39
davidchad@example.com;001-876-415-1434x23260;b6bebd31-a790-0362-05da-d07e536bbc07;176.209.228.175
mckenzieelizabeth@example.com;(847)536-6937;eb38cbf1-b8bb-adcb-5418-faff09965bda;211.151.249.199
levymichele@example.com;572-421-4782x013;abd442d7-f65a-9ee4-c884-3a7bf0c73df4;223.171.39.98
smithtanya@example.org;(819)642-3561x2175;4826b044-97a9-d340-bcee-91c1a1cddbd9;222.181.65.11
xmartin@example.com;981.207.9373x04169;9b104979-9c91-2126-13c9-651617f0b7a0;88.65.89.237
davidsoto@example.com;5188540173;fdb8dc1e-a415-b0b6-5099-fd82e0a728dd;221.98.192.109
benjamin09@example.org;001-636-821-0357;7e509a87-eca1-29e2-bd38-ad3bd5a0958e;147.78.152.19
eric07@example.org;623-701-3940;b70526a3-9480-9d26-cc8f-8771aaf395b0;147.1.106.78
timothy66@example.net;001-948-858-3462x40126;fd819a50-3de6-2324-c686-845d11f1b453;153.243.239.53
teresa15@example.org;001-731-667-5320x65591;f607da36-bc77-84bf-65c2-1a029fb048fc;183.35.176.147
pmartin@example.org;001-834-951-5155x90390;5f5b39aa-eded-2ddf-f1b0-44d5ef9d8e23;57.32.150.128
swilson@example.net;+1-979-451-4232x5978;1cc23a50-23d3-aeed-cd64-47231b8e264d;221.22.59.239
ocraig@example.com;(859)591-8283;55fbdf1d-bfe0-42e5-d447-58bff5171723;205.95.211.67
charlestaylor@example.org;+1-787-489-8514;c999cdf0-aef1-c93d-c16a-b30331dbf0cb;69.79.7.138
lopezashley@example.org;(692)210-3761;327540d4-d490-2d6a-60dd-597d56b48f94;159.59.57.141
elliotthannah@example.com;(804)419-4478;98a44843-4e28-a84d-9347-d7b0437bf148;108.100.184.221
andrehansen@example.net;(901)715-9870x49427;72dd49ac-3f0e-ce41-c564-f7194ee71104;171.201.169.77
gardnerdarlene@example.net;+1-810-653-8870;e4932f10-8152-e64b-8b32-4aa7fa565f35;42.80.163.217
kimberlyallen@example.org;347.315.7689x147;d512c94b-c6db-d961-ad12-d7adae0a6ba9;144.150.215.81
vnguyen@example.com;(401)744-0244;6f19d675-880e-f864-6b8b-1c5475b41b75;13.3.105.92
emosley@example.org;982-807-8569;225171d1-80db-d16c-d7f0-523cc1e1a4c3;164.108.215.206
racheltran@example.net;001-222-903-9370x705;ca501fb0-50c7-f35a-1a2f-54c7211844c2;137.239.47.188
anne03@example.com;417-710-5379x2839;bf72463d-a8ad-962f-158d-1afe94bb319e;200.59.155.158
qlucas@example.org;290-850-7774;fb733f16-b384-9913-340d-2b0cff0e62dc;16.232.181.109
qwarren@example.com;805-689-4683;9017f046-0777-200e-3ec1-a8be08f58840;73.89.28.127
brooksrhonda@example.org;896.271.2437x183;0b64d01e-c558-de9d-5638-000216e57f58;111.229.90.144
ghughes@example.org;845.834.5499x818;f598dd16-a825-fbfa-fb58-fc072b651d0c;42.226.203.20
thomaswilson@example.org;391-773-5800;e30a5c13-a3dd-cd60-9374-085364e5b6b4;40.219.252.66
hicksdavid@example.net;633-261-8879x459;e7c97e00-b8d0-046c-39d5-87c7c2084a76;103.78.156.115
julierichmond@example.net;001-552-797-2905;17e38ac2-5365-4e3d-e700-27a02added4a;61.33.158.221
danielle67@example.net;334.692.3742;c3c07a1c-5efb-ed46-19c9-841f3cedf533;214.68.213.134
carolynjefferson@example.org;001-842-894-8562x4427;26157b83-83dd-0b92-0d0d-d7556fad5333;163.24.218.220
shawlance@example.org;888-415-7680x164;2a50b0d1-0ea7-7170-222d-3b570689eba5;45.85.250.166
andrew43@example.com;+1-340-520-9754;a416b687-2c4b-35f7-c228-8810f4096f26;218.56.127.249
brendabarrett@example.net;347-697-0813x58555;108e90dc-69d6-69ca-ed4e-99d0a1559fbf;85.134.117.84
tandrews@example.org;(973)534-7002;e65ab940-ae84-d685-c364-0508b0004991;178.154.88.121
sscott@example.org;246.667.3608x2672;356799d0-da16-cf37-9671-19d8c7f116cb;211.136.29.100
johnathanbrown@example.org;472.463.7735x4013;a75eb821-4a5a-3ce2-89c0-1b6c6ee6b59f;172.183.68.21
lynchjohn@example.com;001-783-947-5653;e8b24862-7758-64ae-d33e-d8b11a183d25;201.7.97.92
maysean@example.com;(258)670-8859;329ec5bb-1483-cf20-0be4-d4d039f85433;61.66.45.205
xcole@example.net;529.364.4517;d1700d83-061e-890f-4147-3f6d681618a4;219.160.74.30
zachary03@example.net;471.327.9463x11041;75dd87af-d37c-1ac1-9cd6-d05737d72d1d;124.186.126.5
donna71@example.net;001-477-925-3820;a5834fc7-b163-bc13-f016-bc9bcb2e0a57;207.217.194.63
martinezteresa@example.org;626.419.2460;3f43d439-ecca-d232-0bea-c8723fe3f1ba;160.149.95.179
ashley12@example.org;(559)220-5502;0ca738be-3792-4d0a-2adc-df5a38dc077b;178.201.176.123
medinakevin@example.com;001-309-410-9572x4273;192f5cce-a53d-c0a0-68a2-a8e2e7a0bb29;124.75.84.162
zharmon@example.net;+1-516-440-6727x6114;8795ae0e-a465-93c3-6339-a4307c91f506;183.230.126.108
kelleyaaron@example.net;632-818-7783;2ea67950-cf7d-9e86-12c0-5b919b0b09c8;179.44.251.66
marvin00@example.net;001-488-577-5876x76684;9c9add84-138b-1756-caea-44982317e576;220.95.195.88
annavasquez@example.org;987.710.4448;0e727615-4a0c-9831-a4df-791132fb7326;168.21.134.229
greenchristine@example.com;3082071710;3631f436-57da-990c-614c-4c29c7026388;146.114.243.67
chavezalexandria@example.com;001-223-547-1470x93743;5e452d76-c254-b382-00a7-790d3b1293cb;163.216.188.191
xjennings@example.net;001-894-272-7519x4085;a90ef816-e773-8d1e-ccbb-da06f377d2f1;151.19.22.158
jonathan56@example.org;2502297355;d062e6ea-e767-1ac6-75ad-4911d95d7094;144.152.191.125
troywallace@example.net;885-495-5410x640;072431c7-6aa3-2c06-1743-edd5f6aaf496;198.41.75.165
patrickthomas@example.com;(394)787-0339;4ad4d005-61f2-2802-c1e5-9a3613b3d4e8;162.164.21.253
scottcraig@example.org;001-246-318-3309x948;c7e064b4-a3ab-45ba-e9ba-9c131b952679;159.179.65.80
zacharyrussell@example.com;975-327-7660x3021;3bc1cbec-4226-6ce8-a29f-503e99900760;200.177.134.170
robertjohnson@example.org;+1-587-247-3407x45946;83f07687-a595-0415-c2d5-17ee08c6e6bc;6.226.16.133
anthonycastillo@example.com;(877)521-0650x140;b0aaf321-65d1-0b7a-6bdd-2f706cb1b962;187.208.43.40
april73@example.net;(354)303-0347x252;dfc92a02-8029-12f9-7ab3-f9b6dce3511a;197.248.137.120
chavezemily@example.org;994.591.9592x6367;8bf9423a-d49b-44d7-2d88-aa3258e1326f;185.140.116.98
drios@example.org;(313)684-3300;1b1fa4e7-0312-5714-5900-270a935c6829;186.183.170.90
shawnbowen@example.org;426.416.2446x6553;4a89d395-d762-8428-ad69-7e8fdd6f7301;215.178.214.206
wphillips@example.net;(664)991-6475;41ce9f44-4fb8-c108-0124-9b3bb691336d;29.10.190.128
johnny96@example.org;001-486-282-8953x4960;f4b33447-9082-51ce-3b99-1b6bff0927b5;65.190.189.98
philipstephenson@example.net;463.341.5467;305c2fac-fee0-146c-7be8-def5887a3a14;21.93.222.202
stephenstasha@example.com;627.433.9394x59357;48579736-9e72-485d-e38d-960b12f39aa9;175.240.125.42
brittanyjuarez@example.net;5529943834;2a8aade2-ede6-1409-00a1-d424ea22f97f;195.205.30.223
adam83@example.org;001-477-714-4387x9654;e531518e-3625-ef90-6c06-b5bb716cbce8;8.69.62.104
hernandeztodd@example.com;890-638-5999;405d8690-f9af-f588-f712-4d7f010eee8f;185.231.42.126
sarah09@example.com;(784)682-3330x1623;e72a5938-28bf-ff2a-e455-e99b6b69b7c1;50.181.20.162
sharoncortez@example.com;001-468-651-4512;e531518e-3625-ef90-6c06-b5bb716cbce8;214.178.212.81
gina24@example.net;498.776.5455x921;36f7e6c5-bc57-512f-7dd5-84b9f5923095;133.85.167.150
ashleyterri@example.net;402-273-3507x9670;195f6487-ea30-ecfa-e9a2-21f6992a1564;122.155.154.114
oliviaburns@example.com;(958)246-6213x11986;f52bb873-a401-2157-4eb7-b96c327d21fa;209.175.183.151
holtsusan@example.org;(216)566-9141;a89fea61-a2e2-5c8f-82ab-8e55a214069f;139.87.125.34
jacquelinebarnes@example.com;+1-639-332-0987;ce73b1c9-728e-e4a4-648a-a03c8b4167a4;143.156.215.18
zmaxwell@example.net;580-240-7246x498;fbe59a0f-6dc0-58d6-7c71-4a64c24fcfc5;128.16.146.34
bruceroth@example.net;(568)887-2246x5016;a4c4590a-21af-d487-3aa0-5a3d4d90da8b;200.171.14.243
robert08@example.net;+1-310-441-4999x3700;2cfabaa7-6f6c-a2f8-c5ff-4f0bc4357bf2;170.105.242.211
dalton36@example.org;398.866.9160x739;59350a8b-d884-e7ea-527e-5cf453bfdcc6;177.141.50.100
sunderwood@example.org;001-696-723-8416x9107;d2010b19-171f-ccee-6784-f72a851d31ec;219.79.27.146
jose55@example.net;220-555-9200x5272;e340f03d-9170-af22-2013-ac2e0997915e;3.148.158.218
hmiller@example.org;001-654-364-0792x536;bc3ae43c-057d-29d1-6994-ba8f6dd2a974;207.255.213.12
flemingemily@example.com;8913553207;e3e60ca9-01fd-8268-73a6-d39f027a8f34;163.140.217.20
tuckerterrance@example.com;988-283-4659x812;7f22926f-fad8-74d5-4aec-075fb248705b;137.228.92.157
susan35@example.org;578.737.3822;6d87c3fd-d8bf-595d-d8ab-80712540e8fa;193.46.102.150
jasonpatterson@example.com;+1-500-487-8813;f37efbbb-846a-1d6b-280d-03237850b163;191.65.191.244
coxyolanda@example.com;921-345-1044;3cda2943-624c-d296-5dca-21f3ed58309c;200.193.31.232
uhill@example.com;431-572-8706x9723;67476f6e-8f75-3ff6-875b-a251c9ecca11;191.79.214.56
amy32@example.org;(763)444-5198;c34204cb-8f15-d5bc-084e-f488d2388d3d;223.69.52.151
mcmillanwilliam@example.com;+1-317-354-4817x59595;377ad6ec-1302-8af5-286f-e5212dc7ec34;198.32.95.217
michaeljohnson@example.com;(229)728-6950;414989bc-eabd-dacd-6f16-020672196efa;119.126.185.34
suttonrick@example.org;001-360-363-2914;f1ac5fc4-157c-53bc-d6a1-de52eaa6f45f;154.68.100.140
kmorgan@example.org;+1-423-684-7337x1375;592e032d-b083-9262-16e0-129a9447743c;154.11.173.223
jenniferorozco@example.net;715-647-3638x66622;76ec0e95-2fd8-ac4f-8546-8d3a6b624596;198.69.190.215
emontes@example.org;001-411-411-1741x1754;54b9f7ea-50b6-b48a-7c73-3675d606f148;168.25.49.188
johnny28@example.com;(916)797-0905x51133;29288281-c466-e43a-f7eb-0a9bf1518d09;35.30.44.85
scottmason@example.com;(473)887-1855;2bcf0751-6758-bab4-b7d8-5f43d6aa3d34;181.238.32.19
trevor75@example.org;001-582-383-7011x9133;0e2daaa1-e929-e1d9-883c-7230cf6b93f9;90.44.122.165
lspencer@example.net;941-988-2297;07632710-9c56-5732-83d5-797f68eb1b77;214.249.15.226
gcole@example.com;(778)827-1708x135;7ce00d5a-e777-59b8-f118-011963fd2dcd;103.191.121.150
msanchez@example.org;818-378-1088x158;7f3b5d75-3121-d72d-44a5-33a5dadc67b6;128.77.22.34
robert05@example.org;+1-296-827-4644x8939;9206578d-8d71-8d5c-6123-aeb3ef5e1f35;61.205.207.119
drakeerik@example.org;257.822.2677;72d2c74f-b1b5-87f2-d84e-af2c05123e6c;168.52.88.127
nicholasdavis@example.net;290.270.9946x64279;8da315cd-4089-8de3-b3a6-1c64b427ce49;210.253.7.193
kimberlymacdonald@example.com;613-476-1655;424942ab-1e5b-1818-c4cd-6847a3137578;99.10.153.82
piercedonald@example.net;+1-833-854-1849x4587;6f8182da-4ac0-fe6e-faad-4f235b416714;220.34.10.199
gordon48@example.com;5317602357;5c00a5c8-c24c-a5ba-8a69-3c8cb16ce952;199.29.58.235
smiller@example.com;+1-410-227-4844x68840;d8bf9d38-7bd2-8b3b-b5ec-adc05136ebf5;42.238.53.215
natasha54@example.org;(861)552-1986;97af8a97-39cc-8fed-47f5-d81c5d012e02;118.119.231.7
james70@example.com;001-952-436-6109x673;fd1fa708-f5c4-7295-3f02-2167846a03e4;223.169.12.96
aliciabuck@example.com;(897)581-3334;8459a9d0-0a90-f22a-22c3-5481d0904f03;119.192.26.40
brendabrown@example.net;330-528-7920;d6d4be58-e497-2394-f0b5-c97756051f59;137.143.73.252
gabrielbanks@example.com;6098088854;8796e04d-96b9-127e-9ae5-99626cb4c204;101.225.208.39
hernandezcathy@example.com;001-610-533-5453x2035;a222c19a-9aca-4eef-5a04-d796d8b5bef5;212.176.91.62
barbara74@example.net;264.978.7486x36059;044a7adb-4d97-6b1f-0bc4-9199ad8f1c2c;57.191.215.237
travis93@example.com;220-259-0731x8447;15d11b14-2e82-3d5d-163e-ed4b6fa8e052;196.119.217.50
todd82@example.com;399-819-2238x56166;b8800411-6f7c-cc4a-6df1-3bed6441a6e3;55.156.227.105
jessica00@example.com;001-975-735-7108x3171;e171ad6a-4b41-b12d-af51-7e7c023b0657;171.9.201.67
williamsamber@example.com;(794)328-2459;59a3d792-42f8-ef7d-160a-bf3a7c5b5340;170.252.184.26
xbutler@example.net;(653)786-1882x92996;927af387-a85c-1740-debe-14673c41acc4;149.153.199.84
stevenbishop@example.org;615.499.8339;d8ecd814-a4a8-92aa-2037-3436663a065e;182.111.216.243
rochajoseph@example.org;417.548.4025;2a426bee-1977-22a7-3e37-1c035fd1d47d;76.130.134.115
hawkinsjennifer@example.org;365-398-7601;ae386987-5e53-77a9-e506-3f5ea0371da0;176.75.104.226
christopher27@example.org;446.458.2398;7827d2b0-fe6e-2070-5222-605c7501ccd1;212.9.191.243
jeremy34@example.net;001-425-794-7653x6916;1c9d8773-bd1e-6acd-2916-cca459dd6496;178.175.182.231
tyronerobinson@example.net;883-329-6037;e5d540c7-c6c0-704b-b47a-04d0f55f7e2a;206.170.180.64
christopher30@example.com;001-603-282-2384x116;dd1d1607-7a97-7955-e5a0-697f9104da9c;147.68.171.254
lovekathy@example.net;696-288-0676x786;615f28d5-1ced-fa33-9765-01c795302971;180.125.167.19
andrew15@example.org;785.942.3813x279;f12573aa-6959-491c-0c6d-67fa07ab9bc6;157.231.231.25
lfuentes@example.org;+1-657-296-9855;2d77f56d-3aa0-a4be-6538-e90710841476;201.39.145.145
scott84@example.org;+1-849-293-6805x562;3d8c4604-e1f3-ed4e-6bff-88a0d9e3f297;208.20.165.146
bryan49@example.com;894.877.7388x9231;47e0483c-1ff4-3507-9f13-83e38f9f66f0;131.91.9.1
rdouglas@example.com;458.889.0927;9f1572fc-3fab-c202-3fab-504c9a0b2bc6;81.35.9.168
jennifer77@example.com;866.275.4525;d0184bab-b6a6-b3b8-6caa-d9f8a5a7bb6d;166.21.64.108
michaeljarvis@example.org;924.283.3610x718;751c958a-1014-6a0f-c3d4-ce4cc28322b9;155.165.140.27
zphillips@example.com;(849)833-8203;6b23dc1e-69c5-8d4d-7801-84fef9835808;30.232.194.59
wheeleranthony@example.org;(563)665-1217x6291;578c3d7a-7b28-1eb7-f119-8604ea957710;219.197.246.196
chad58@example.com;001-435-857-6944x63135;c0daeaf9-9011-396b-1af8-35d6fc983432;194.205.181.49
shepardtiffany@example.net;001-611-540-3409x2617;c29fa052-455a-23a8-a831-d96d729202bb;162.57.218.18
lgreen@example.net;001-856-265-0140x8578;68c0e30a-5c01-3878-37d1-473e85a0c3a8;81.79.23.170
nelsonjustin@example.com;001-993-829-9463;b69a0c0f-a967-d864-c2b8-99fbe4904a46;208.227.26.176
brittanylawrence@example.com;+1-682-741-9969;09327cb1-a5f5-24df-b65d-50ed0be0e2f1;214.175.112.147
bobby69@example.com;(967)205-4572;0447773d-594a-508a-bc30-5ab9194c1189;30.135.105.54
ingramjessica@example.net;212-642-9138x1752;9d7e1df0-f500-3afd-d505-98fb97cd1da1;206.178.210.142
ghayes@example.net;426.646.4796;18f2dd10-7762-7b0e-4c5b-ba54d5665bd9;206.253.111.205
bryanescobar@example.net;504.314.4363x23084;a596611e-3cbe-8597-2dc4-0f7f41547e02;196.166.215.151
angelabowman@example.org;581-289-6182x4814;b6f9bd46-eead-3d3d-7a78-bdf055cfebc5;198.198.145.88
dawsonkathleen@example.org;9884889650;5ef3b7c8-5b3c-d504-acba-7d2875a78f1a;197.216.149.112
beverlyjohnson@example.net;001-603-746-6331x21769;f2a0a9f2-d930-2571-3fb0-1fdf09bfa6f4;32.119.95.88
jamesgonzalez@example.org;430-988-2010;b4f38ade-21d9-f128-1132-c74c892646da;8.206.166.12
fergusonjeffery@example.net;001-560-228-6476x6853;a2822dec-0fac-b7ed-600e-b4e4672971c1;114.156.177.49
amy90@example.net;(770)561-2785x68555;586a94b3-2ddc-4cdf-fa15-db2b91788162;156.24.50.134
thomasstone@example.com;+1-512-318-6871x1206;095af58c-5692-17d9-5ffe-f8f3742a20f9;77.110.75.244
daniel59@example.com;001-866-430-4250x267;46860fc8-fb17-df5a-82b6-e35e85a166cd;27.27.195.251
manuelwalker@example.org;+1-659-861-6779x09250;34c9a26d-a8d8-7f8c-aeeb-7c8ef8e6c24b;185.185.131.201
briangibson@example.net;(746)676-0477x86634;ce73b1c9-728e-e4a4-648a-a03c8b4167a4;130.195.232.136
zbaker@example.com;644-238-0045x90662;401b3103-8517-abf4-581e-7569f263bb2e;31.133.203.70
montgomeryjason@example.net;001-897-828-1307;c87652f3-5d16-0910-b03f-ace4d133d48a;201.50.156.222
jacquelinerusso@example.net;758-349-7104;8f8b6e7e-6fc8-0898-c0f3-30c1306ce929;60.180.80.188
bradley26@example.org;001-824-881-0118x3104;89a86805-72fb-9e84-eff0-34e5312c6631;138.203.9.241
richard16@example.org;979-657-5423;f34e2a9f-1f56-4765-ff37-ec1fc8514bf0;149.221.215.83
chelseacraig@example.com;575.374.6626x46378;c58c970b-fd20-6e94-9def-573d270eccdd;128.205.116.204
huertaana@example.net;001-350-479-7633x0188;50cfcb7e-b5af-c437-eb91-7b604ba57b1a;208.216.88.223
barbertammy@example.org;(428)539-4133;76223315-0f9a-0a43-ee36-e6d6a60cb07a;150.76.235.182
tim38@example.net;(693)435-3055x6737;b1945373-7b77-a65b-a325-d46a221d1360;24.110.13.85
rodneykrause@example.org;+1-222-855-1105;b50f1eda-7032-62cb-96b9-89f56b54dc21;66.168.166.81
torresbarbara@example.com;+1-720-602-4808x14300;6395e205-e328-034b-7db3-a8c95dc74ba7;172.136.254.41
ricardogarner@example.com;001-203-548-4266;ee8d7501-0d2e-778c-cb55-21a983631e38;185.55.134.59
williamsmark@example.net;327-421-3259;90bec2a8-5db6-2256-435a-4917334d2981;195.200.134.171
lindawallace@example.org;7949843923;f84d6297-0a01-7741-9278-b241990d791e;199.180.13.115
nblake@example.com;001-377-800-6798x04794;2daeb8cd-138e-d932-9ad0-051f3b1a0b99;145.62.50.34
brendapreston@example.net;931-235-4108x009;34ccde63-d6f8-ee74-c647-5a623c764ebf;120.182.204.58
zmarshall@example.net;+1-731-967-3861x8165;a6cad642-f4e6-49de-bc07-074613c9dc70;42.84.118.2
dford@example.net;001-230-388-5063;8fcfa4ca-ca48-f5a9-e897-6ec2500ca110;208.20.221.188
ericksonjared@example.net;(409)812-3339x60351;c5c5e440-a8c3-b089-27f2-6a8c706feb6b;56.54.240.145
shelleymatthews@example.net;(699)683-9314;66254aff-56cb-fd9b-8ac4-12b9371c0545;197.121.214.196
belinda92@example.com;571.294.9406x618;ca8a9f32-f161-b461-798e-f41badec9b02;195.70.233.68
javierjohnson@example.org;(550)836-2269;44c6b6e6-0fce-6930-587d-0adaaec78912;213.73.13.196
kmorgan@example.com;+1-599-934-2333;a3cdb3f2-aaa5-6ac4-d3f4-c9281eb3ce1b;93.194.160.105
xporter@example.com;361-467-4550;faca6c63-6a38-3d5b-06e4-c2a2f8075393;48.107.254.101
taraescobar@example.net;+1-513-441-4403;19cde193-9063-2533-8978-79a253507265;220.145.205.126
fmoore@example.net;001-698-869-3517x2136;54c58712-c44c-9bd5-80f7-e0e001f1f371;165.219.23.21
tiffanybaker@example.net;485.588.3683x684;62a4ca35-e1ba-fdfe-298a-2bb8f409374a;213.252.105.195
smithjacob@example.com;486-322-4387x7099;cf59d9f8-e342-f6b2-4435-b9a9963cda86;212.68.175.170
ofuentes@example.org;815-530-2565x467;53bab60e-d809-36c9-7582-3aee80bf98eb;81.205.172.135
ryanleon@example.net;001-820-454-8398x4922;075e0308-65bd-c7e3-3c9d-e78392503b5e;175.208.202.68
balvarez@example.com;+1-220-473-1842x6132;1dcdd284-fac7-218e-ad0b-f08759b68541;135.40.181.173
emmabrown@example.com;201.946.8982x7643;23e13b46-09c3-0668-0152-71bee6e84807;136.47.135.111
diana52@example.com;001-838-803-2347x80644;9da53119-265d-d25f-cb1e-79343174504b;210.243.71.67
crosscassandra@example.com;+1-514-660-1018x91457;e12af6a1-ea46-e874-675b-09d45d860df6;116.36.48.53
fieldsjustin@example.com;(656)897-8592x91745;7827d2b0-fe6e-2070-5222-605c7501ccd1;212.9.191.243
eugene81@example.net;001-829-832-9337;cb6a7203-938d-e6fe-a44f-d9f98e1cc8d9;150.5.58.126
kathleenwilliams@example.com;+1-824-214-6933x0502;97d20fe9-19e9-84e7-e4ec-85af5f08f15e;210.199.214.196
victoria57@example.org;9202082461;96f4c0c9-9215-a2af-1fa8-1faff9b8d9d3;178.203.9.132
andrew72@example.com;552.592.6074;a256b7fc-433e-0ba0-8737-028212e9b923;213.19.151.227
jennifertran@example.net;2146112723;e40d6716-0c5c-86f0-dcd5-4663e19cf376;79.144.235.129
richardjimenez@example.net;(268)964-9721x817;25671169-a468-1fc4-00f2-d0747a708720;66.94.77.35
leelarry@example.com;205-375-4811;afa5e4a4-2352-d275-1165-e66f5afaf222;198.33.59.146
jason09@example.com;001-854-436-5669;43eaa637-c9a0-627b-2e2d-28069c6403f5;42.204.143.73
mario77@example.org;+1-744-671-9017x204;61735073-0afc-1652-cb34-e70b469f281e;22.250.191.122
hannahnguyen@example.org;+1-801-420-4029x74469;0ad78b2e-6e0c-281c-554a-21e35baf1241;212.61.127.198
ualvarado@example.net;+1-699-799-6471x12197;792f2664-3459-c7c8-77d7-98675f07e679;209.128.66.226
pward@example.com;619.862.5548x69380;90d5c07a-e358-0915-6da1-e134e7a9b592;169.110.186.232
valerielowery@example.net;929-846-7596x39904;b37b06e2-d3c0-26e8-8a4b-0ae228195fb4;216.225.248.105
benjamin12@example.net;+1-817-308-6732x437;731c27fc-32ed-1bb6-2662-c57fccb292bf;131.130.136.44
coxmaria@example.net;762-853-7617;52f9ca29-5626-5201-5d27-df73768731b6;7.102.175.72
eddiejones@example.net;643-584-3680;910ca0c0-c5c4-0f84-845d-9679371d061d;3.66.144.149
shannon10@example.com;001-463-681-3926x6168;45d256c6-8868-e178-bebc-145fc881f4eb;142.72.129.75
sullivanmark@example.com;620-538-8014x0402;8d1954f8-9471-d1bf-d40f-f79bd32382a5;195.91.184.62
thomas21@example.com;217.726.3858x4000;8a653c07-494d-17f4-6275-b94ffcacd58e;215.118.199.108
rayholly@example.com;001-507-211-4908;069d4d49-871e-36fc-5708-5df9520c474c;148.9.31.71
mwright@example.com;001-615-961-1317x49132;719e946b-2ee5-229f-d118-56b42b8a0fac;32.254.138.241
christopher48@example.com;(838)289-1848;21440cee-210a-a388-ae26-25d9ffd14e5c;213.156.193.113
curryfrancisco@example.com;+1-822-424-5147x95017;10d2d872-32fe-dd59-bc2d-780784051635;87.79.4.69
vowens@example.org;(301)472-7549;16383da5-3bb2-4f82-b999-ba7c218db312;118.168.36.234
tgarcia@example.org;526.670.0909x90203;574553a6-0f6f-ab11-2118-0e624f544ae9;9.38.76.194
kgutierrez@example.org;+1-754-952-4426;473558e2-f90f-54a2-b475-d82d47fe845c;207.25.79.198
kathleenscott@example.org;+1-704-205-6569;d68cf934-ff50-38ed-26a9-4b1fb0dc4774;216.207.180.175
mbenson@example.net;+1-228-593-8060x5290;c2824fbf-1b34-3edc-d46e-8227c6b9ae86;50.218.32.70
cduran@example.net;846-871-7343x0370;c684b2cf-75ab-6f5c-7b99-9bfda0002cd6;30.245.154.145
brandon69@example.com;(263)855-5500x3006;10eacf4b-0619-5577-7d27-7f55c40ac283;148.247.228.175
justinwhitaker@example.com;001-989-369-3741x0300;ff2f9756-0e05-a504-13ab-c5c66c1c6822;76.116.19.13
fthompson@example.org;(681)236-7303;01f544e3-6b29-6c79-7bcf-057c7bab02ef;217.10.127.250
stevenmay@example.net;383-386-6833x108;058138ff-c033-5f16-e845-318ecb6ff2c0;193.181.188.146
jeffrey77@example.com;357-282-9045;a426d4b8-7782-162d-3abd-ef5666019311;198.182.33.240
jmunoz@example.org;808-257-2166x682;e5acd3ee-29a0-18a0-ebfc-f47ddce75841;200.120.110.136
hendersondaniel@example.org;687.975.6733x114;06d92fdd-3c32-607c-391d-7086f0b32c04;207.41.9.14
lcooper@example.net;001-673-216-3334x269;fdf4af1d-f6cb-47cc-59fd-24abd6c838b9;153.20.30.72
gordonmargaret@example.com;001-683-478-7622;faaf559a-6862-4ffd-b159-f1d86a4eaeee;59.67.183.7
vyu@example.org;(956)243-9764x068;7924460c-8354-6d86-7741-1119f1fe3dc1;197.68.28.59
juliebarker@example.com;+1-593-437-7897x8265;cedf84b1-152e-8b8d-2128-f3368c64e4ea;207.117.75.4
jdavidson@example.org;001-887-980-5331x749;9e5fe585-df47-eebd-03a0-2f7977703075;70.14.200.42
jenniferperkins@example.net;001-368-878-0977;03f13846-6f61-9352-6d42-9fd10dfbca80;217.176.158.104
blanchardrobert@example.net;(406)437-3486;c5a98578-99b3-4ca6-5871-71965fe17280;181.35.177.219
erin06@example.org;(616)763-9315;32e2234f-56ec-67a5-b5d9-c7dcd88cddd4;216.238.7.240
sfox@example.org;001-694-665-7416;39d3f82d-57d9-5f5e-7cd2-c7f2c02c77de;140.139.43.143
rbrown@example.com;(580)501-3862;61e65616-bc07-3641-8be5-fd399d50ef02;199.30.59.56
rbraun@example.com;+1-780-727-0312;9b571a13-99c7-4451-e91a-592ec7f4b2f3;207.230.162.168
nixoncheryl@example.org;7803754766;196a129a-744f-e8d9-3661-4a6c2d978c1b;143.178.165.12
patriciajohnson@example.org;629.506.4838x742;d009af30-7cba-eeb9-0c8a-173e01fe8c56;218.231.66.207
bmontgomery@example.com;984-526-4875;3b01cf9c-7afe-dc06-12d1-ff3cd62d2535;217.194.57.47
seandorsey@example.org;527-262-6389x43853;e29966a9-1e4b-1f00-4338-96fe17b8202c;194.234.122.55
uphillips@example.org;+1-880-525-6584x356;f6b47f52-ee61-a241-4409-fdb54dfa32db;216.135.72.33
hilltravis@example.com;577.407.3654;94883361-dce2-a7c1-6b02-f5be5a5ab9b4;195.167.162.46
tlopez@example.net;(310)370-5197x810;47e6b798-7cbc-a4ff-900d-17bbd5a02fa3;152.110.144.130
brownstanley@example.com;+1-945-757-2366x970;e060ba92-d6cc-d418-8ea3-94fa192f2952;202.85.195.57
john62@example.com;001-365-334-8072x90012;b85545dc-0b53-40b4-c8ed-5836bfcbc8f4;193.60.238.143
uhawkins@example.org;222-963-0317;6d3f2fea-8832-8908-e067-aabc63638eb5;23.204.54.64
lisamack@example.org;9008769058;ea7fecfb-72d7-7558-f8e0-92e580aff16d;120.71.225.214
mcleanreginald@example.net;620-636-8692x244;7ddc4d8a-1573-43df-135e-7bb93698587f;189.31.11.1
patricklindsey@example.net;+1-256-594-3869x0515;b3af4f0f-ad66-c558-0219-67686ecbb0c0;169.212.63.6
kimbrian@example.org;426-231-6762x984;792f2664-3459-c7c8-77d7-98675f07e679;209.128.66.226
contreraschad@example.net;(789)233-4627x1176;a30a4b1f-55a7-ea27-489f-2ef178062942;186.185.49.91
shannonamber@example.org;309.416.5693x7123;161f8419-2769-88cb-baff-322593aa0115;176.139.102.71
morganbell@example.org;001-201-779-5357x688;2b3f7342-f1a2-3760-5d77-3ab76404e5a8;57.11.178.183
john51@example.net;001-978-909-1122;28d2ef17-7135-d09c-5b35-b525c40d7725;47.227.188.208
veronica44@example.com;734-872-8309;8b4d71b9-db36-3e3a-935c-e44a35260df1;59.126.237.77
todd17@example.com;385.607.5371x6898;77555233-2e6e-116e-e5d4-a32bccd8aa61;106.7.91.238
debrabarber@example.com;+1-952-693-7655x99419;91da6d32-17be-3ab7-0089-147c56c986b1;151.29.110.177
robinsonyolanda@example.net;300-932-4709x782;77c3172b-4f9e-7b94-a9cc-01481a25689c;51.253.105.98
kurtdiaz@example.org;(923)981-6021;5c038bc4-b726-e340-2798-999181d28118;213.110.60.24
osherman@example.org;+1-556-924-8261;daa341d1-af00-4e3e-3261-b7b9de66a517;4.126.197.1
davidallen@example.org;579.560.9501x7396;ea91b99e-4c8c-9fc2-ac1b-b96c38157d33;180.139.152.85
petersencynthia@example.com;001-852-424-8363x5734;146d34b9-00dd-7737-d3f9-1992a805b459;223.206.56.234
tcook@example.org;+1-604-796-4037x79820;42e00307-69cf-2480-81b1-9d71febbca9e;218.18.235.226
douglasjeanette@example.net;708.960.2553;f8469aea-ed0f-598b-50f8-9afa517344c5;210.64.222.239
eric05@example.net;777-640-2081;bbf72a87-aa24-1967-f5e9-3452353d24eb;38.15.63.236
williamstyler@example.net;997.385.8233;e86edb8c-35bc-078e-145f-6c632727f663;219.153.146.172
monique87@example.net;(860)545-2415x49163;24ea446a-c370-2768-5caf-362e2315b250;113.247.240.163
jennifer26@example.com;+1-824-293-8466x6002;4a242d9c-c4d2-29c4-a483-3544bac6425f;212.169.137.209
langbrianna@example.org;001-396-743-0168x164;89ddf1d6-771e-68c1-4cae-1ff0075caedd;61.215.162.86
karen46@example.net;(815)932-6359x701;c6b0fba7-6b9b-0d67-9098-f3b623adf455;199.208.135.255
pwheeler@example.net;001-644-798-9084x3061;71c46f17-6a08-29da-355d-2d1efa89e36c;213.82.75.139
terry46@example.net;485.319.1119x73641;df48886d-ec0a-f65d-25a0-01dab1bf83e5;151.146.24.193
piercelaura@example.net;001-829-645-2775x0186;082c4f2c-4ea2-e9df-d099-31646faee52a;92.12.232.195
zbowers@example.org;755-679-0990;d9794b27-3177-e052-98f2-10dbaa126df2;130.107.34.134
turnermichelle@example.org;(530)795-6454x47515;7b7e6000-3c84-a37b-be64-4b0599a5571a;24.156.170.212
ericsmith@example.com;466.254.0617;ec077f0c-8137-ebbb-5c9b-3155788e6127;208.220.58.127
fmcgee@example.com;648.685.9990;17813b94-b6a2-9422-f737-ddc2c917ca18;163.53.116.23
stephenwilcox@example.net;976-337-8932x636;a77b0e5c-0d4b-08a7-ae7d-74671d8fb38e;87.67.121.45
mariajackson@example.net;5369593461;b5ae376f-94ea-ed89-c16d-5a48e2401703;223.112.197.187
fullerrussell@example.com;(716)884-0056x1187;448e2015-ee18-e9e9-74a1-b873b219d16a;46.2.72.134
schultzamber@example.com;+1-617-452-1183;102e8075-0f02-94ac-fa12-710683e2bfab;174.228.119.53
patrick74@example.com;+1-292-208-3567x40459;d7ccfab3-12f8-2f58-ce6f-ed0b2bf696ff;65.225.128.212
svalencia@example.org;001-661-234-8819x06816;5d87ff87-7971-f16f-4bc1-77c7463c4f48;212.50.182.168
bward@example.net;+1-808-842-4975x985;122e8da9-69a9-399c-a736-87069e3550bc;207.155.251.190
jerry09@example.net;317-386-8297x58197;6980a727-1a8b-e6d3-e693-348a5bdf4966;42.174.233.35
kelly78@example.org;269-827-6415;0aa4d18b-44d9-4066-e38a-66fc7b469722;139.138.236.184
cassidycompton@example.net;200-855-8541x603;91bdbc53-b7b9-1001-380a-5dbe0998a460;207.75.10.134
cookjason@example.net;+1-512-318-6871x1206;2bebc745-2f13-54b2-d9d6-9a4b345daf29;138.235.185.20
teresa66@example.org;826.296.9212x1520;988c7e6d-493a-c137-5534-cba14b7a982d;94.247.92.133
hardysteven@example.com;794-285-6602;c2252450-73b1-b76a-05dd-0232ec402ee2;88.112.15.106
kelly16@example.org;001-732-558-2050;93c59705-bd6a-2c6e-b50e-f9e386b2d321;16.228.78.215
vpierce@example.org;385-599-4136;fb61ba00-e979-ea6d-49b4-5d3a5506ce49;169.235.0.228
cynthiaharris@example.net;(872)864-9873;d5aceb75-fe59-cfb2-ed0b-016b1c6cfc57;204.227.47.126
michael17@example.net;972-966-6263x543;4a396ad9-a1f0-1400-b797-9a0e98d6c998;213.84.189.13
nortonpaul@example.org;339.943.2109x2637;a5ee5a49-4365-31dd-2c8e-d5d6014ecc2d;132.106.40.49
stewartannette@example.net;(966)802-2761x81092;c77c1d91-ff0e-c345-ed42-8e8fc5a99648;193.161.202.7
doris78@example.net;810-852-6898;998cae3e-d352-ac55-cddf-76f54c4dee50;212.235.195.80
kevin18@example.org;(248)205-2147x003;8fd2e448-fc27-7dc4-27a3-7bfa8192010b;109.93.226.13
colonmichelle@example.net;(247)365-2580;0986b64d-a2a9-dae0-4617-e61ab8ebb17b;217.90.227.117
ualvarez@example.com;579.774.9427;b50bb978-045c-f0d2-1dc2-bfab47d0a3f9;128.178.197.167
chernandez@example.org;001-921-346-3717;5a1025c9-6a63-a5ab-9f08-4a55f2d53bca;168.67.48.210
craigcastillo@example.org;543-689-7883x46025;569f7fe0-de20-4ed1-64ec-0e907583884c;77.232.163.97
phillipsbrian@example.net;365-544-9871;1ae2f0ac-97ee-fae3-dee1-d2b554d99fcf;1.92.133.4
barbararichmond@example.com;001-528-962-4842x23604;578c6e71-750b-5c49-54d5-41d27c3d5687;53.65.145.216
shawn16@example.com;(858)508-2646;5bbb7ae4-7250-17db-e534-43de8d008841;17.172.80.204
ylamb@example.org;+1-410-227-4844x68840;bbc0de3a-f6e0-5208-ddc4-945d6fd9df3c;42.238.53.215
emily65@example.com;+1-828-252-2177x1211;8d41dbbc-eab2-429b-878a-e96c00ed8671;117.24.59.132
reyessydney@example.org;001-850-422-5090x54252;7d5a39d2-1e74-01f2-208d-a4f61112b70b;199.150.124.207
aliciacarroll@example.net;+1-365-239-9498;f104303c-0222-ce91-76a4-20e39bf1d87f;151.159.91.199
kennethschneider@example.net;649-938-8712;e8fc38fb-aaba-8cfa-bcec-43085785d13f;133.242.211.8
hopkinschad@example.net;322-501-9024x414;5e614830-246d-ddc8-e6d6-e60d10747a12;195.45.213.0
icole@example.org;+1-882-665-4787x262;c8cd19dc-907a-e95a-e067-8b9c26beee4c;42.188.171.211
jroberts@example.com;381.925.4570x390;83ebffb6-4a9a-00c4-287a-29feae875af0;163.112.104.38
nguyenjessica@example.net;(311)248-0103;f8d3b94a-6868-52db-2fae-526a217d4c7a;211.237.246.246
xwilliamson@example.org;001-924-482-5831x971;2bc54213-bf84-9162-57f0-f1f78154d96a;183.209.235.193
peter51@example.org;+1-958-396-2827x862;fdf9e084-2768-03b5-7cdd-aa2d2904ff1d;168.93.132.149
stanley76@example.org;347-308-2434x8726;24b65db7-e121-41e9-1171-2edda3f314ab;42.211.251.9
lindseychang@example.com;(290)379-7657x855;ac6493fd-a5a3-08df-e329-f8d8f5686c66;155.172.242.104
michaelperry@example.net;251-909-7018x974;c7c50604-6ee2-dfbb-695e-a89defda7cc0;69.228.204.84
brittanysmith@example.com;995.981.8915;6aa9222b-f2ed-713d-6b28-3cd58750a5c6;158.63.111.202
robert18@example.net;(947)300-6789;010a28b9-7685-a063-9900-f28203e8be40;175.167.148.117
jonathanvazquez@example.org;883-899-4611;dea125ba-fdae-f600-9d7b-ae412e9d5827;82.221.130.136
schmidtjustin@example.net;(959)498-1713x953;b9dcd4b0-a732-cd64-07f7-b714635a1fe2;80.76.186.221
phillipsemily@example.com;731-907-3784x86503;3febba8c-093e-b6aa-0e92-c4ccde187609;211.51.191.196
chavezrodney@example.org;+1-443-625-4911x163;adc00fe3-abee-f3cc-8514-ff0a5dd6ca3a;77.2.106.80
brian24@example.net;+1-373-873-0080;d3b9ef21-eae1-95e4-83d0-a2af6501bd12;133.106.206.103
melaniefreeman@example.org;2954774784;96843960-c860-1582-aa74-49a692bfcf76;209.248.166.72
nstein@example.com;7578746160;c8c30a61-7ca2-9ff1-6fb0-92a91167048d;79.160.60.77
jensensusan@example.com;9452087913;383036d9-b4aa-891b-028b-bb79f737e097;52.64.247.35
xmarshall@example.com;4016164775;fe30df43-f78e-2a8f-f6e7-ebeca48e7e38;215.29.138.128
paulanewton@example.org;(885)795-4716x284;a8654924-3a41-619f-139d-7af02f36891d;183.241.240.235
johnmiller@example.org;4225948792;0e586a3e-d61f-100b-58a2-35cf8a72d5c6;94.85.184.70
xmarshall@example.com;+1-906-493-3328;1b7e3550-77ba-acdc-f89c-9dc6ed4af7d9;215.29.138.128
rmoran@example.org;4036739055;212014a5-6309-255d-4285-a3a7b4254262;217.92.202.13
kstout@example.net;(496)498-1724x846;29e4c8de-b910-cfd4-2920-9e1248f55222;131.4.119.132
michael38@example.net;678.345.0116x39167;4ee9409f-4854-914b-f863-e3cdb6d001cb;204.183.205.89
jesse49@example.org;(299)845-1192x7566;541922c9-ded2-6b2d-fbe6-df014fe7d65f;193.66.135.181
marywilliams@example.net;+1-594-573-3959;d7631c34-4a28-4609-2bef-366957ae4db8;68.12.106.90
tamara41@example.net;(701)476-1801;027223ff-1d14-0a10-3034-3cb1f8171c9b;139.120.39.210
caitlin60@example.org;001-963-223-5804x10343;c0846411-f0f8-d3f3-85e4-3a58b9056ce4;161.125.143.168
jamespatel@example.com;579-400-4986x8279;f7bd1b23-cbdc-727a-a3ef-933d5fc1f803;155.93.33.100
john29@example.net;001-217-766-1225;b914de35-c6db-a9c1-dade-8ea1fd966e52;173.113.118.5
collinserin@example.org;353-812-6787;069ce261-e619-e281-e189-bf1bf6ea29a4;56.168.165.108
wangjoshua@example.net;(909)810-5948x97195;faaf559a-6862-4ffd-b159-f1d86a4eaeee;192.0.160.22
hlewis@example.org;288-725-2170x359;db3bbb6d-30b8-6dec-7b1a-061588220cce;8.133.116.164
chapmantracy@example.net;(720)867-7704x63799;fcb9c6ac-e85a-f389-08e1-0948e0b195aa;199.249.172.14
toddblackwell@example.org;(232)235-0773x589;c09c20ed-733c-4c02-d2b9-2311e6b88247;219.148.107.191
sperry@example.com;001-389-454-5671x144;f0d0e35f-7558-abdf-3e4a-e81ee8a299cc;193.190.58.125
smcguire@example.com;715-704-2541x7484;2f5dfbdc-f4cd-02d5-36d0-aad5f2c122de;205.90.167.72
johnsondana@example.net;333.205.5637x0313;9850ec9a-e91b-7197-ba9d-94da69c2b1b6;106.1.62.152
wrightcolleen@example.com;459-246-4148x973;3c4edd13-1ff9-8575-e02e-168488e55565;197.193.148.73
emily28@example.com;573-676-3666x241;88eaa360-4a56-c43a-ce8a-d3add661bf5f;35.245.36.238
xbriggs@example.org;769.503.9705x503;31d4c0b7-7163-947b-28dc-d74e33a3d460;177.43.225.25
rachael32@example.net;001-915-834-8696x9419;4c4c68be-147a-19aa-68ae-5fcbe9841443;222.46.203.51
kristinacross@example.org;9268842079;73285071-e0d2-914a-2bf5-6544a5bae462;83.129.229.155
heather15@example.net;001-454-345-2630x05369;fc4ee13e-9e55-1079-c236-5b5bfa5c6e73;8.131.239.167
ndawson@example.com;905.999.2660;e56a8d57-942c-f106-0446-e989f93b7427;220.77.38.117
lisaprice@example.com;(730)845-9978x261;b5daa464-eeed-3bc1-0bf0-41bcc18245c2;200.218.86.128
justinmurillo@example.org;632-763-0372;3a79d517-50f2-ebea-01f0-7f872754310d;118.58.150.50
john85@example.org;001-796-494-2987x438;3c3f80c7-3c8b-9da1-3df4-2bbb4773d79a;6.233.216.220
valerie77@example.com;+1-719-635-8397x216;e08e0e36-1709-f199-febe-6a4efbbd6a79;120.120.161.211
jose33@example.com;(545)806-4978x0720;4d7d762b-9cdf-8106-9590-76565eb64c9a;139.227.129.136
wferguson@example.org;(710)662-1981x22880;5297bf0d-6794-65d1-9489-df8e83599198;136.94.162.173
rodriguezjennifer@example.org;001-980-795-8214x83316;235131d3-f599-3e73-901f-0eb1a7c11d13;32.108.108.20
tpitts@example.net;465.280.5203x357;45885c9d-fe43-939f-6d89-519d996f270a;121.217.170.145
ilopez@example.com;299.986.8078x719;12d71287-4691-4428-32a0-f9fc67c55ef8;222.82.222.39
ruth88@example.net;730-966-8719;58ea5a55-7a85-7f97-6bb4-228daeefa477;182.194.143.55
connersierra@example.com;001-604-710-3284x8607;b3719caa-7ba6-8ed5-1405-a18759aef3fa;18.190.242.53
mitchellbeth@example.net;436.914.3233;2f286112-1edb-bd16-3a45-8358497a84ac;150.26.157.128
paulsmith@example.org;+1-717-674-8160x96333;38912397-9279-b044-0840-72d46cba04f9;188.234.78.72
christopher01@example.com;6858719070;32f926d8-063a-a63e-c1f0-67013e4e5d0b;129.246.36.75
harveybrian@example.net;761.454.1729x33742;523f681b-8a96-ad5c-ee89-a8204293153b;220.156.59.241
laurajones@example.com;001-773-939-5528;668db78d-4341-4638-c018-4e1855593e8a;129.209.244.4
achung@example.net;+1-930-926-2672x67595;fb5c949e-84e3-e4bb-6e22-94a646cf30e2;116.73.24.142
zmassey@example.com;(562)781-2825x74442;afcec0a1-1818-c5f0-0aae-e30a31c0a10a;154.111.204.14
duranapril@example.com;(916)988-9267x740;e734ed49-dfb8-b9ac-6976-dcbb830040d8;175.233.11.176
matthewwilliams@example.org;+1-631-410-4730x32434;c0ca2a0d-9abd-0167-64e4-2435a8572d44;75.34.39.224
jon68@example.net;+1-773-547-1857;bc115f76-445f-cc47-7858-b58bc6b32c0e;223.243.137.41
fcunningham@example.com;(207)867-0070;d7a55e4c-975b-0d89-9fe2-d0cf96894fe0;214.203.68.175
cheryl18@example.org;+1-339-202-4107x936;1c761884-025a-1413-1713-ce82aeb83b5a;133.144.170.224
jeremiah62@example.org;571.961.4026x5403;2b721349-c3e8-3f73-5f9b-332b3415b039;7.244.244.96
bradley26@example.org;920-795-0255;89a86805-72fb-9e84-eff0-34e5312c6631;29.167.183.232
malloryroth@example.org;749.512.0561;c9a80df6-4654-2b68-5189-4462a6bc2a96;216.230.183.103
vstark@example.net;524.738.6846x413;9ed644b9-c339-3696-5b1b-b82758da737b;171.61.165.200
warrenjoanna@example.org;001-641-215-7895;bdc74490-b7c0-9736-ea44-a4b6fdc2efce;12.95.13.3
richardmartin@example.net;298.935.4337x24714;cd339a76-9d79-9c56-76a8-622e2df3ca60;206.193.246.232
grahamtiffany@example.net;761.454.1729x33742;2a2279e0-2c2b-ae64-666e-f2a8ca1c6df0;128.69.143.36
shari68@example.net;301-944-5309;46c2a96d-2721-e0f4-ad8c-5cc4f09ace49;113.176.168.95
richard97@example.com;543.340.7676;7c45b4c2-cf0b-63d9-c8ec-5982dabf8e97;210.231.133.197
timothymiddleton@example.net;+1-241-746-8655x416;8a77bbcf-5473-3c4b-e50d-64d915f4a2fd;193.25.218.60
gregory18@example.org;+1-849-738-9281x144;baa50220-c7e2-4551-53a7-70c529656834;129.56.78.189
alanaguilar@example.net;+1-826-578-9767x22869;462d515e-939a-9e38-247d-3bb4141d43fa;21.250.24.104
haley85@example.com;(328)507-5011x9267;12bfaad2-3e41-86ee-48e8-c8b7eda482f5;215.162.22.233
vmartin@example.org;+1-537-421-6692x5796;05b27e33-2c54-20a9-c614-3f09ac1ef816;190.91.37.215
susan28@example.org;001-407-603-4820x6367;8fea18e3-f6b8-9739-b67b-4a637217712d;113.229.170.209
christophercooke@example.net;365.427.6156x748;ca663aae-bf28-c71e-4b09-ab43bdc6f529;176.58.238.199
katherine28@example.net;654-621-2754;7da63619-810e-e378-2261-0e32d358545c;208.104.40.123
kinggregory@example.net;676-534-9212x97281;5a312fb6-71f1-1449-5292-1ce14be6b59f;223.34.236.68
parsonsjennifer@example.com;3214780690;a918f19c-942e-359c-e8f2-8a988a8ceb77;190.103.21.204
ashleymiller@example.com;(492)381-4903;a47ded9d-4007-644d-f6aa-7945766d643e;100.47.28.4
randall24@example.net;001-570-501-3693;f7179da6-5eec-fd87-9a80-fa563a909041;201.229.24.116
marcmosley@example.org;241-580-1095x96844;498f9e1e-ae84-26f9-1f71-103f939a1edb;205.130.7.181
jadams@example.com;942-945-6183;6b846c8f-7747-3f52-bcbd-8b68d9d83d54;76.42.135.92
cathykrause@example.org;662.568.6635;2ba85146-d39d-a14b-e93b-6b2563274729;194.252.238.163
elainehorne@example.com;206-275-2752;8180a118-98fd-c210-1d10-7e0680bc0373;27.54.163.128
sophia32@example.com;758-349-7104;8f8b6e7e-6fc8-0898-c0f3-30c1306ce929;60.180.80.188
cguerra@example.com;(223)672-0800;fa297449-000a-1551-c66f-931b96ff9cf8;184.157.159.249
dodsonchristopher@example.net;549-430-6975;9c947533-5076-e3bc-a066-ae37b41e91e1;158.59.252.212
petersensandra@example.net;343-305-4634;34bc7d02-84a9-d057-9241-5e28a13c7630;159.191.185.231
catherinebowers@example.com;001-341-952-2533;c365160e-5d20-61fc-9b1b-84438c81f10b;211.226.138.122
salinasglenn@example.com;+1-431-768-2333x286;8c0a382e-3888-6827-d26d-10be2c9253ad;199.254.244.38
hcarlson@example.org;(545)806-4978x0720;7c14c61f-492c-1b05-d834-de52b218b3cb;139.227.129.136
amacdonald@example.net;(953)371-8807;70c453c3-cb2c-1869-f00e-de4e53b84669;123.85.151.51
mooneychristine@example.org;580.984.0612x655;8928de58-822c-ecb8-1952-25eb4f646ac2;215.120.213.23
lovejesse@example.net;731-907-3784x86503;e6fb9df9-795d-9508-5961-c757e1427b2b;209.12.245.135
johnsonmelissa@example.com;8908733108;6dfdf057-cd89-ad1f-4762-32cf337b53c0;79.227.83.140
edwin94@example.org;341.220.1648x306;9180e208-16eb-2238-e565-2263682c55e8;109.17.56.53
gdawson@example.net;217.813.5193;9853dddd-3cf6-5d01-2799-b04940d57d52;216.163.100.254
clarksteven@example.org;418-278-1100x2998;1f37d3a1-9e84-a7ed-ef9e-4c5a0b3f7874;212.183.80.211
melissabeck@example.com;585-738-1651;8766c481-e728-94be-f57b-49574930cda9;216.103.180.246
donaldbrown@example.org;(268)703-9495;4a8ebe5a-4241-31c1-b76c-375646e6a893;136.70.22.190
smithtristan@example.org;(935)334-0396x541;cc82c03c-87d0-439b-354c-596de188737d;204.176.17.226
alexander73@example.org;415-450-9245x72018;e7dfa29a-1d41-6a18-1c90-22fc74e24d1c;167.192.65.246
matthewharris@example.org;858-324-8578;df5ea07e-432e-c8b4-c394-9274cd050c82;200.0.16.79
gavin70@example.org;5703976709;800da997-663e-308f-e5d9-414e18b4a3dd;157.10.3.161
smithjames@example.net;2853900640;52cf625c-9c36-795d-648a-c142b6a48461;135.184.231.147
itorres@example.com;001-652-877-4711x792;b08fb523-549a-d386-b27e-b9f7fa7307b0;174.164.101.113
williamsjennifer@example.com;955.474.1203x071;09a6733d-d632-111a-f053-41b37a90d604;206.5.123.207
cassandra55@example.org;+1-684-645-8574;3b147762-044b-9a90-d147-8521a6ef1dc4;68.105.233.103
cfrank@example.org;+1-597-203-0974x39031;a5f572bf-26be-1b96-c96c-15e5d239ac5d;189.219.187.72
taylorpatrick@example.net;3952165681;f529b6a1-a3cd-4dcd-6f14-bfe9754ef24a;131.36.215.0
gambleheidi@example.net;+1-731-368-2840x1975;901bb5d9-9032-7c25-fbd0-85efb11bfd71;180.37.239.151
charlesstewart@example.com;617.873.2172x54590;f58735b7-cc3e-ee02-8164-fa2b88ca0ef6;218.138.42.117
adamhawkins@example.net;426.260.0326x644;a2e10452-7b55-724d-3f0d-23b74939b932;55.30.23.146
qgarcia@example.net;(695)818-3866;3f761958-7ade-4182-116b-164bf9bf596a;8.120.226.121
mooretyler@example.com;+1-242-290-4303x9131;fc5c6ff2-4f42-c4c2-0e0d-e43fb90307f1;143.28.4.236
moniquejones@example.net;225-771-7892x287;83ea3a5f-b8c8-1692-0b2e-de81ba45f0d8;172.54.211.184
joshuapalmer@example.org;001-486-327-4102x797;7939f0aa-edb7-be09-563e-826ab5678f79;131.99.41.22
shawn49@example.org;001-256-496-8751;51a2c705-6e38-ffea-3738-1bc6ef670e63;164.204.72.50
allison88@example.net;(363)474-6402x71841;f4fddebf-3f60-91a4-f3e3-682a824f2e15;179.19.200.114
jessica70@example.org;(992)832-1456x1425;08b9d744-9ca5-7bc6-18bd-02ffcf815204;222.175.229.178
christinaharrison@example.net;(801)588-7068;ddfd7004-8762-3ec8-8bd0-ee4c2599e72e;46.42.36.41
brownkristin@example.net;+1-363-663-5028x1131;5cc6699c-191c-f178-447a-1442652e0c00;196.194.25.210
shellyacevedo@example.com;(258)628-4035;18f8d40c-12b0-7b07-d9fe-7becdf24f52e;15.139.29.137
xhoward@example.org;5283360856;87be2d32-f225-d063-e0b0-f7ca57d59b9c;136.64.147.215
roberta87@example.com;+1-433-314-0716x246;601f3b12-912a-16ee-29c0-cf6c36af2420;40.22.76.90
zcollins@example.com;+1-316-552-9181x080;22900a90-b173-ff7a-056e-911cc0ac9371;193.192.218.39
vrice@example.org;+1-383-478-6402x276;a472f75f-6ae5-2833-9fe0-5c43fed063ca;186.38.105.200
tanyashaw@example.org;(762)561-9712;b37fa23e-dba5-89c8-1852-5d87547198aa;26.70.6.58
bradgriffin@example.org;658-689-2141x619;6278abe8-b271-22f9-9fa9-ea9a84dffd00;154.121.230.197
jaredjames@example.org;995-885-2759;12db1db2-c9bb-59fd-3fc0-44192e456b6c;219.41.0.138
krodriguez@example.org;001-803-830-4305;71886fd6-5785-540a-22a6-1d81a80abf51;157.252.95.231
allenrebekah@example.com;001-674-600-3392x850;f4d600d0-66d4-a455-487f-f2115484484b;74.24.215.192
rschultz@example.org;531-519-4359x8718;0696e0e6-1ae0-01d1-9ff5-ef314c267d5f;121.33.204.202
vpierce@example.org;+1-935-673-0074x0191;fb61ba00-e979-ea6d-49b4-5d3a5506ce49;169.235.0.228
jamie31@example.com;001-336-534-4791x276;b0fc4ab3-706d-201e-5da7-20523210f210;104.115.62.105
johnday@example.org;001-808-506-2904;59c45df4-1d07-60fe-0d3a-217e8e8e8bb5;158.73.114.249
johnkirk@example.com;296-959-3837x6695;c51be92b-553c-cbb3-60e1-22ae7b633212;1.14.151.109
suzannewilson@example.net;586.572.4115;4e6a3eae-4164-d1c7-1f99-38f4a0f0ba42;176.71.146.254
jensenjorge@example.org;+1-625-220-6425;a00ee7c9-cf4b-e8ef-84c1-c25b730de064;194.44.247.42
jesse36@example.net;001-850-462-7271x3100;287c1dc7-16cd-eab0-3bfa-c2cc3d2166f3;134.195.135.215
marisa26@example.com;715-265-6333;2dcce641-7c55-a929-d950-9209fc6e0132;89.62.50.73
hartandrew@example.com;630.919.7766x30464;60ca7a97-4f3c-4d33-2bc1-0d71787c4ccb;179.97.129.212
ethompson@example.net;(910)981-7407x881;cdefc1cb-d442-61b5-dfea-adc8ccfebb16;220.104.125.139
rodriguezlawrence@example.org;(612)397-2823;4c2d557f-b4ce-e070-5a93-7042b94c4dfb;204.121.245.42
dylan99@example.net;+1-979-949-7713x138;9a555e34-7ee7-306a-390d-92991fb78ca2;166.53.92.231
gshaw@example.org;(557)233-6578x97613;5f66eca4-1bc5-e32f-c4a5-55f70cac3f07;115.76.98.212
youngmatthew@example.net;2549581731;4da425a9-2517-cb24-94fa-ae892ba47062;161.3.247.23
lwilliams@example.com;001-672-992-3185x19464;5e70cf40-6e19-1c90-0649-41b69820b986;168.177.181.18
contrerasjessica@example.net;984.234.8576x598;93563754-d406-e276-75f1-37e65955186c;189.73.227.6
littlemary@example.com;995.887.0048x9757;1dac9a4c-35b3-49d5-ed96-1edd0e65732d;115.108.179.76
foleyryan@example.org;001-906-806-5470x018;4f378fcf-9899-becf-8188-deec9a9d55dd;180.47.108.60
craigford@example.net;001-396-385-4043x21614;6c0828d3-2355-5952-297f-ef430f884ffd;157.80.212.151
perezrobert@example.net;8117861106;8d037575-3b18-70c1-947b-e387819257e2;185.225.97.229
rdouglas@example.com;001-364-899-6836x8929;aac254c6-c08f-9fe0-4579-92d42fa84035;167.89.214.160
john48@example.com;703-756-5702x41338;3b130ba6-8fe0-264e-0ead-9ebed555dd1d;175.240.210.26
urivera@example.net;(453)410-8583x757;3244d88f-164a-c15e-80fc-f8074a69fd09;17.99.255.244
fishersharon@example.org;983-546-4085x23741;f4dbcb38-f4fe-5470-1df5-91b6317c3fdc;86.76.147.202
warddavid@example.net;9582463406;af7647f8-291d-94f0-dc94-ee432d2b60c2;80.21.128.116
corydean@example.net;+1-291-985-9415;d0105033-d389-7025-e2f3-a2ba1f049dec;209.64.109.84
jenniferturner@example.org;(991)269-9707x795;6db094d4-bb42-f2e1-30ed-b6cbbcd302d4;73.58.199.144
james10@example.net;519.800.4786x37627;7e7ac3fe-180d-6cec-6b1a-2368640afc9a;133.213.132.23
westmichael@example.org;+1-717-214-1025x382;e12f03f4-cd3a-2089-fe54-04ff8ce745ab;90.171.64.225
gcollins@example.net;535.715.9870;6759b017-5331-03cb-50e7-029a3e6be9bc;19.57.177.238
patriciajensen@example.com;+1-568-306-9934x8643;76305e82-9263-25e4-27b6-1badfc10e2d4;159.234.215.181
shepardsandy@example.org;218-339-7287;ed1acfd2-b41b-2f38-d50c-933dce24b0bc;195.152.222.32
williamlopez@example.com;001-415-861-4776;0212af21-e611-e559-c226-7382e0e866b0;209.61.100.177
foxsophia@example.org;+1-390-541-1424x997;f821f25d-60e1-3f3c-e50e-347eb00506f0;156.82.164.90
brenda72@example.net;327.382.4269;448a5a34-eced-6fc7-7f4c-fbb34ff060fc;129.36.160.15
danieldodson@example.org;(738)939-1929x67739;72c5c9c2-0457-0687-cf7d-a917b1824516;205.153.226.84
fphillips@example.net;556.298.2944x233;cf2abbf0-5921-c807-f736-1774215bdd54;89.101.45.111
nicolesanchez@example.net;965-916-9077;66673460-617e-9e82-99a9-0b2ad5aae0b7;145.179.196.226
snydercarrie@example.com;632.328.6510x9397;605e277b-c17f-c0cf-9afa-aa8b350c7c81;193.226.100.131
haneyvanessa@example.com;202-622-9653x5174;f35d1370-2e1f-721c-0e85-1307c1015b96;89.188.248.82
tparks@example.net;251-677-0968;a79c0793-bcf1-ed65-ece7-3d232c97e126;144.217.195.172
barmstrong@example.org;(988)908-0576x5089;174d4747-bc46-6e92-22f3-e1f1fb512fee;139.248.150.70
rvargas@example.net;6634414608;8891e85d-9f45-8123-062a-1305b582db57;190.90.27.159
lauraflynn@example.net;001-956-803-4904x2068;445fc72e-4bce-14d0-9488-80c1d2b08077;216.212.3.198
thomas58@example.com;244-518-4158;74400827-4193-d0d8-54c8-2d8761b29677;215.239.82.153
jasmineknight@example.com;702.734.9542x15378;867f0d37-a7b7-05dd-9ac1-0e59cde11e2c;172.101.173.11
ymartinez@example.com;486.219.8839;6b3f31d6-3d71-6776-c29f-b8ab4a6e1e5b;166.144.242.235
brentwells@example.net;863-546-5923;24eb35d0-80c2-e182-dca5-a458fc685d14;222.30.112.20
seanmelendez@example.net;001-465-220-7013x100;174ed68a-3e33-4072-d08a-13d09a702ab0;222.122.242.144
susanfernandez@example.org;383.963.0454;bd06ddde-47ee-e538-8386-1d46e22fa69a;116.27.25.128
rgreen@example.org;703-841-9954;af772917-9257-d13d-a399-8862d7271cdc;123.71.110.12
umccormick@example.com;(394)675-6282x749;f1cfbe39-d431-efcc-3553-7e9771419c04;214.182.12.250
nicoleboyd@example.com;874-936-6201x6516;86cbae20-ea7e-5cd0-dc9b-2b493decd48d;30.72.212.253
xdavis@example.org;9568770214;832c588b-a74b-5223-3143-5469142b0712;197.97.113.206
hstewart@example.org;999-327-9627x6840;d920ccc5-4800-28b5-ddf5-24e5f444be47;124.198.214.236
woodstrevor@example.org;001-567-385-1140x070;defa7fba-f8cc-7305-1519-bec5487fc6a6;139.176.120.243
maldonadotroy@example.net;357-988-5549x778;07f5dcd3-fcf0-ae7c-73e2-56bbd5484853;204.48.186.239
georgerodriguez@example.org;001-634-465-0242x471;98b3dbe6-2bac-51b3-5b03-4ed848bd7463;175.5.200.28
ashleypatel@example.net;+1-730-417-8976x173;81841a23-163b-af95-ff7e-7e962272c572;82.243.21.86
apowers@example.org;7756642768;d2ee0c58-3852-cfed-81aa-1bf5a79520ec;151.137.163.170
hibarra@example.net;(250)277-6815x307;bc99ae21-6d3b-14f4-4460-f55fd32f549e;144.210.45.2
olane@example.com;001-717-279-9484;6e1dc1d8-5a7a-3db3-32a5-d0fe44afc3f9;117.6.155.104
bakermichael@example.org;+1-285-757-9570x1730;0ccfa1b8-f2a3-2b8d-bd48-9a6d9f1d2159;111.128.94.208
heather90@example.net;+1-426-240-0326x63832;d590cae2-c6a4-770d-80af-86fe61859d2e;211.119.141.23
gary87@example.org;670-621-3681x0856;6b18e2b3-1a71-1915-c14c-21ec3b62bd4c;75.170.175.2
joseph35@example.org;888-507-4992x714;d416c119-e774-78d4-f42b-eaacf3f75f2f;139.208.235.226
katelynbell@example.net;706-465-0500x19455;b494682b-68c2-d404-52a1-57583a386420;222.95.240.228
tjohnson@example.com;+1-481-503-5574x019;55a387c6-8141-fc4a-ec70-47c3ee95018b;57.81.101.5
walkerkelli@example.com;432.432.3200x60775;be9a4351-6154-8411-358f-63992bbfaf00;183.240.209.201
wmoore@example.net;(523)769-5370;b393273d-6cf3-0c2e-31f8-63f3f75f8f28;158.101.76.67
maria64@example.org;313.343.5192x792;8335a3c3-c0b1-c016-5513-aa2e7c700f92;143.136.210.114
woodstrevor@example.org;001-927-834-3812x323;defa7fba-f8cc-7305-1519-bec5487fc6a6;139.176.120.243
dcastillo@example.net;(882)749-5335x83745;8808b37a-06dc-3a61-27cb-ad3263e41563;146.187.90.97
amystevens@example.net;(323)500-0213x41014;eec8aa6c-0b88-d6d1-0232-4634b8b8723b;79.14.63.202
darlene51@example.com;776-971-0030x09061;fd9e0a5a-1ee5-d9d7-2be9-99a7a2ca1183;106.109.180.215
emma41@example.com;623-500-1816;5b79ac0b-dad3-0800-6064-f5b69b8373cd;34.40.59.11
wrightchad@example.com;+1-484-209-2616x05465;d6eadef7-9007-30d6-c475-d9017b93f81d;33.139.49.1
aerickson@example.net;490.554.5373;a6842ed9-9421-7c7b-0bbc-735a41a056dc;38.162.132.180
mauricesosa@example.com;544-302-5669x73907;1676e405-b7a5-e49a-d78f-1d666fe23d88;177.156.151.89
sarah63@example.com;(982)307-4460x6816;94d214f9-2d4b-a4ee-0e09-3df7ce00235c;194.92.137.57
ronaldespinoza@example.net;583-599-9731x15221;8d4c23d8-3975-c0f0-23a3-acb42c817a41;156.222.52.101
donnasmith@example.net;422.473.5160x80631;f4a0c71a-f80c-9c47-32db-1fd3f2095b3e;145.90.32.2
soniamorgan@example.com;(648)583-4276;48de6a13-bfad-5a0e-d1be-b8259b347297;209.113.49.151
herringolivia@example.net;+1-430-284-1650x1931;011f15b5-5bcf-f926-9859-62b8ba988a9a;73.223.239.176
richardsonnicholas@example.net;935-633-1398x01975;9a7a290a-ac2a-2348-e1b8-f2309c3fd6b8;204.191.251.205
patricialewis@example.net;+1-310-974-9278x308;8481f0b6-a178-1ba5-5ea7-a0d1e1143302;173.4.73.142
marthaalexander@example.org;6476382352;c4b54c6a-41a0-a0fc-93b9-65f1a3d68004;213.6.104.239
williamsdeanna@example.org;001-977-695-1498;1993975f-5652-4104-6be4-c8479d65ea09;171.179.72.179
changjames@example.org;3099422525;c066462e-ccd0-e2c4-11a6-af7f698e940b;144.46.230.213
fcarter@example.net;(392)865-8521x01311;86ebd1d0-605d-822d-d0e6-ae4aa101823d;207.130.244.195
samuel79@example.com;923.484.8722;b4099d40-0fcf-7744-0603-72581ee6d387;108.47.241.223
gloverjeffrey@example.net;001-732-417-0819x990;b78db16d-5f45-ef3c-a0f5-f8c8d2524dc3;200.164.210.120
nhodges@example.net;6073356605;15a8aa2d-02ca-8e74-d285-57f908c3b9db;171.194.121.211
gina33@example.com;978.566.8731x81474;eb6129c9-877e-2891-ecc2-bc248705d015;213.56.152.131
huffmanmorgan@example.org;558-207-6167;53c65406-1307-3472-a086-63c0e02727c5;46.254.91.172
kellyjohnson@example.org;398.914.1175;c395392c-8ad7-246d-8231-5c5331dcdf30;79.194.104.212
michelewolfe@example.org;954.959.8779;7c000839-3fa6-ecad-e505-9d0047a6db01;121.183.65.186
fsmall@example.com;901-567-4684;2ced783c-7462-c236-93e0-a95dac1cd5a4;50.43.110.104
pwheeler@example.net;(263)558-3070x3293;c73ac2ba-8114-b0f9-3827-67e18f35036a;213.82.75.139
wellsalexis@example.com;(358)446-2431x1248;16024bf3-70a9-cb45-e01e-f58b36606a59;167.251.157.225
crystal75@example.com;(588)254-5270;44cc468b-8a38-95a9-6683-56c05f7f9c48;138.220.152.252
ericdavis@example.org;001-842-675-1264x67458;5aa453ed-1571-83e8-9e9a-0b6bc99f9eca;77.186.142.24
christina68@example.net;594.343.6122x01120;49cc659c-42fb-3f02-3b51-6674cabd04c6;198.110.250.46
richard05@example.com;955-670-1481;2533b48f-90a7-2f23-b0ac-a1b5431bc458;195.41.120.226
rbryant@example.net;319-226-4714;43ad1d50-968c-3836-75a8-79cd926ec62b;75.186.54.101
lindsay32@example.net;872-389-1058;682c79c5-87bb-9fec-4ba7-5bcca0270779;163.87.179.94
epeterson@example.org;357.848.5057x22109;7b6b4516-3604-a424-478e-dcabddf165ba;205.251.195.43
alexanderzachary@example.org;317.884.5779;aecf9fdd-9af7-3cd3-89a1-187f93aa414e;144.240.108.21
james14@example.net;+1-354-808-5146x914;ad8e3822-a67a-71b3-8286-a68d142451e4;21.16.60.193
lyoung@example.net;(502)805-0614;61af0966-4739-c597-71f4-011f740dc589;149.56.42.171
shelby79@example.net;2427151815;5b4b215d-5895-437b-0599-69fcad11a952;179.150.83.178
brownalyssa@example.org;001-454-788-0576;8aa73e76-6fb7-318a-ead2-b2b93c729b0d;87.173.58.69
rickey81@example.org;712-323-1373;b589c171-b967-d65b-4b68-0e57bfc8115e;180.193.131.47
erikapope@example.org;(976)480-8249x6005;cf4b4d75-6ea6-2b10-465d-67cdfa6d1630;73.95.113.204
edwardreese@example.net;(400)257-6970;31c81887-e0e2-d985-a7a6-2a0397b91238;98.46.173.48
oliverlisa@example.com;+1-786-975-9545x01347;772297b8-171a-26f7-a6d2-b5d4500ced5b;203.247.137.62
collinsjennifer@example.com;(608)554-8380x750;7c1c5340-91e3-fade-1d09-599c86f2e75f;156.96.209.164
blackwellpenny@example.com;392.490.7382x72823;9eca00ac-6c55-1fb8-9e96-ce7f2575590f;142.213.230.27
alisha17@example.org;(832)894-0190x397;7ac9c176-1418-cdf5-59e9-9531b4dd6ef1;210.115.255.192
donna87@example.com;2545237872;d0729a1b-1f32-0cc1-7f3c-ab50f381abf2;212.173.186.75
nmartin@example.com;703-756-5702x41338;3b130ba6-8fe0-264e-0ead-9ebed555dd1d;175.240.210.26
tgarcia@example.com;337.748.0162x05114;ef30568d-5bc7-2fae-45b4-82d79b5553bd;105.104.65.119
matthewsbrittany@example.org;+1-555-995-0591x2680;620ea1d0-7a53-dc53-d6cf-43a636856dad;202.64.255.7
sparker@example.net;581.833.5520;7240d2ad-b8f6-2bef-d722-4d3195299bc8;157.64.96.122
xwilliams@example.org;(297)531-6796x89179;1001f17c-6ff8-ac25-704d-373950ea7a41;135.151.148.55
jessicarivera@example.org;574.614.6383x04800;09127469-1a92-4d1c-f802-3a649c8d953d;212.48.26.100
perezmatthew@example.org;(588)961-6481;6ae7eea9-eb35-9e7a-5d6a-182c64092ed4;169.236.139.211
huffmanregina@example.com;+1-587-823-4576x891;bb303d2d-98b4-40ac-382b-9daad973be3b;196.57.114.30
coxangela@example.com;001-617-845-2066x60971;ad46ced2-1d2d-cde1-fcf5-1c5f4c079491;92.176.253.138
steven91@example.net;+1-435-949-8078;7aba4b45-5463-f39b-f1cd-012573dca5f1;153.243.129.197
clinevictor@example.com;001-636-354-9411x39577;42f06f59-da00-6dc4-3fa8-d1978f2de9b7;172.118.106.73
mathewsrebecca@example.com;984.599.7043x2907;e1d0f518-fce6-052c-8e7f-3a34d7c21a70;111.50.212.49
davidlewis@example.com;712-519-7775x434;5241a44d-1986-866c-dbb5-797ab04fb116;160.128.46.197
worozco@example.com;5896566903;529d6e11-6f2c-9c6e-b5af-c2a07db08206;133.37.249.52
alexandrawoods@example.com;001-837-742-5672x0190;80d664e2-0f7e-e5e2-8ec2-dfd905e560ca;139.120.210.157
bobby17@example.com;001-959-978-8260x90792;889168be-231c-0fb6-6dd4-dd15451031a6;95.109.121.147
howardjoanna@example.org;462.382.3983x1189;5248cb63-7b6a-a204-3a2d-d74085625f51;207.151.89.165
shelleyhill@example.org;+1-848-836-5261;f716ab2e-7e6a-a3ad-75e6-1dbfaca34e07;192.116.226.10
aaron59@example.net;(925)253-5746x913;dcdf83b6-6b17-df8e-d4ab-731c8201a4a4;159.241.139.174
elizabethsimpson@example.com;466-655-4565x09021;37643bff-2043-c341-308c-786e72ef2e96;204.128.172.229
chopkins@example.net;+1-859-708-0015x84270;f77987f6-d457-17e5-0b7d-2247d3e71f87;222.190.125.26
hollyayers@example.com;771.572.4612;37c5e902-4b90-c8b4-f4cf-6fc5e3e45408;148.107.110.85
pagesteven@example.net;+1-415-487-5678x552;fed0432b-3be7-6d06-d164-97767a6669e7;81.88.72.125
gutierreztammy@example.com;+1-426-514-7676;f52dd5b1-b8de-2073-29f4-fcc7bc534891;209.122.68.43
bjacobson@example.com;602.446.7485;88bcba71-4693-a29c-93c4-b6e24e0fe1d8;59.154.66.38
pmcneil@example.com;535.339.6101;bfaac418-90b1-acc7-9f20-d81b81a750e1;98.141.207.18
davidjenkins@example.org;(755)770-5600x402;5d0001c5-2ec7-b6f3-6bea-f4ae690fc671;202.142.164.109
stacie66@example.net;(267)959-6849x8812;5f233f2b-1da0-44b2-834d-87b581033158;207.119.166.196
andrearobbins@example.com;+1-656-774-8787x11018;dad6cc88-71e0-086b-4370-010279951fd1;87.127.184.187
lucas20@example.com;807-234-4932x03275;e50785de-3b6d-0615-7fa7-1c6c367fc915;117.92.5.44
stacywright@example.com;563.284.1123x207;21a7ca3d-2454-d11d-9a1b-cf0bf031c9b3;215.207.203.85
bnguyen@example.com;001-487-542-9940x18946;5a1fba56-f3db-96c5-db1f-b93e096734b4;96.193.156.161
wnovak@example.net;691.408.7195x767;f4930a9e-c5b4-437d-8366-9eabcdb1adb8;195.151.36.216
paulanewton@example.org;(637)204-1264;a8654924-3a41-619f-139d-7af02f36891d;193.61.164.155
laura81@example.org;(661)583-1859x325;319ac345-9e2b-a57e-18f5-14c82c0bf00a;180.42.0.104
medinakevin@example.com;(385)482-0414x2414;fa621ca2-e38d-7f1c-f3be-d21742de1329;113.104.18.160
kenneth07@example.net;(697)987-4003x468;7b47d607-11c7-061a-bd8e-ddcb9c7418ad;83.41.101.252
tina48@example.net;955.950.1786;6cf19e8e-a629-35fe-0fa9-1adde3ad5c7b;209.86.52.54
martinfrederick@example.org;966-917-6275;52cd53d4-191f-82f0-5a35-d990e26a3bf0;196.228.100.175
hickstodd@example.org;7852738168;e2598a15-ccb5-e055-c0d7-9dc33cb6f654;130.110.27.228
omoore@example.com;(754)272-9514x406;7bc1a0f1-40ae-bc77-9aba-3d6036831ed5;174.97.94.15
cmiller@example.net;557-927-7666x2690;d7343066-9237-e373-de99-76208ea9c416;118.100.255.39
qjimenez@example.net;(455)926-9418;3660a2ae-1ec5-86bc-f304-62035ae07991;173.219.232.5
bsantos@example.org;+1-705-635-3460x6066;18c3b4bc-1752-15ab-8c07-99d8f2bfdb45;208.123.179.186
harrisbarbara@example.org;770-833-7913;65e0a303-337c-efc5-2c4e-88533006284b;96.142.171.82
laura39@example.net;676.601.6557;71c3c70d-1968-25fe-6326-d696d7045a2e;197.177.64.51
wesleybarber@example.com;615.353.1996x5306;110f60a7-e050-158a-5d3a-a1a797782ef2;222.101.104.210
lauren11@example.org;001-308-452-7554x87599;d2748f19-d1fb-ce57-b882-c19d2c5da234;102.105.16.244
devon33@example.com;714-594-4012x36577;97286f9b-566c-8d97-d674-8b1a376012fb;162.161.206.12
peter22@example.org;494-891-2987;ef1618ea-4eaa-a16b-11c4-2e27f36b0dfc;175.91.89.52
douglascarl@example.com;338.344.8014x33455;0e093fa1-e7e4-75c7-d0b9-175f6dbb0fcc;209.62.232.195
ewilliams@example.net;600-412-2413;7e7d6953-a3a0-a80f-29a7-1a1ee97b4d10;102.228.50.108
lisa25@example.org;001-830-835-9166;158c0741-8ddb-39fe-8088-aa3ed2e328ba;90.62.113.50
vlowe@example.org;887.573.9336x744;854812c1-da7d-c80b-505b-c18ff49204da;220.204.109.42
joelharrell@example.net;358-581-0063;8658a5d6-7a4e-9fa0-6c73-d9e6af9e97c2;203.25.123.101
reynoldsdavid@example.net;001-920-790-7439;fbd0631d-e3e8-4505-756f-88c8df0299a8;223.59.64.226
michaelpeterson@example.org;698.428.4037x93200;b6f6a74d-5f28-1b66-64e0-253ca9d01a1b;197.113.173.214
moyermiguel@example.net;377-506-1614x74230;67829550-b8f8-6964-b08a-2564b62c363b;164.96.26.100
elliottmichelle@example.org;001-413-900-0938x805;3a42aeae-4f52-0f9b-f9e2-8d7ea3202cad;27.5.89.173
andrew83@example.net;408-278-6245;c8484959-c6d4-0626-4ec9-819254fafc3b;206.134.229.98
robinsonroberto@example.org;224.926.3920x513;ed013a14-a69a-90f6-42a4-e3e4a1d5ff39;190.76.64.34
csimon@example.net;(721)729-7068;17340291-09d2-f34a-182c-14a280b3a83a;136.70.22.190
katiekeith@example.com;(447)671-6816x9309;cf5a803f-3931-a2df-f481-6a1cfcebb5b9;43.108.182.55
larry61@example.com;+1-377-274-8616x590;ddc85294-d7fd-ee03-1466-93eefe6dd768;131.214.110.34
russellmarks@example.net;961-637-9085x31159;1a9303e5-6b10-a71e-51b1-d8a30f87c357;136.137.148.92
johnsongeorge@example.com;632.626.2569;0713b586-48e6-9f71-9f9b-3bfe17d834be;223.252.100.28
lisa94@example.net;875.230.3703;c197d01d-1b77-c5d1-474b-91a0692604f2;193.98.153.77
charlestaylor@example.org;+1-257-353-9095;05826316-6cdf-8b31-4faf-854ec744b3d8;214.166.187.40
juan34@example.org;(703)409-7526;300bd116-48cc-2802-2912-ab14b0ed72ac;172.56.72.78
munozhannah@example.org;6827306298;c5038973-b64c-0a2b-24bc-749c0377a913;151.93.74.180
gordonbrian@example.com;001-480-916-9734;2772a521-cc2e-01fa-2b98-5483b795a378;29.60.120.160
rhondastewart@example.com;276-451-9697;ea6328a8-5312-2604-3daa-9a1c5199058a;146.164.62.247
kaitlyn31@example.org;+1-518-212-3435;f48ec733-be14-b10b-9100-0d8e5828f122;155.117.49.57
william48@example.com;(878)670-2006;ff9c78a4-22b8-739f-87ab-99f800b3fcd4;77.2.106.80
kenneth51@example.com;835-774-5727x80898;24d31f09-e8c9-7b95-1453-4fe65072beaa;23.73.74.68
chelseachang@example.com;509.828.2285x9411;bf7a2f80-b38e-9f54-b2fa-faf303513aa9;218.252.127.167
amber70@example.org;001-651-304-0489x143;e863554c-de1f-1f82-9266-cc0a734c95ed;215.163.163.230
awilliams@example.net;(855)588-7998;0dde0283-4a53-9a76-4de1-39f7912e4f4d;51.45.130.173
benjaminsweeney@example.net;8913553207;e3e60ca9-01fd-8268-73a6-d39f027a8f34;211.231.231.173
shepardsandy@example.org;+1-580-381-0710x6517;1a06dede-2369-451d-710d-7b3a1b76b56a;57.238.249.67
nreed@example.net;+1-950-941-0940;3cc48ffe-fc6e-42c4-aeec-31c99b97c3d2;197.111.2.235
lbird@example.org;432-602-0691;599efedf-221d-36c3-1349-9b82c848acbf;154.138.129.18
smarsh@example.net;818.424.0664x0039;f2269e5d-4b89-4990-2f65-8d99eb78fdcf;123.128.163.5
oburns@example.com;982-940-1852x56372;ee6be5ca-ae86-7344-4f92-194cfafd2b22;193.184.199.234
annreese@example.org;(477)911-8476x4509;d9a29b02-0f86-f467-1ba9-546ab7a0112f;100.53.180.235
morgan61@example.com;365.599.7053;2b716fef-23c9-53c6-bf90-fcd7fd47fddc;91.16.243.13
deborah91@example.org;211-878-3252;40d41c2c-cabf-d740-cabf-264f72059c24;200.63.46.255
falvarez@example.net;897-714-8963x310;77ee364c-c4fa-1f99-113e-c9e1793008da;69.177.229.28
elizabethcortez@example.org;+1-401-599-6571x8134;08df955c-f06c-da43-bd27-aff6dfe3948d;196.158.175.58
matthewgray@example.net;976-248-0702x53151;8e4a9967-820b-46d5-733f-2fdaaa61bcdc;207.150.250.67
lisabarnes@example.com;001-873-482-0522x33278;fda400d7-7e7a-be3a-7796-d5f8b6b23bae;47.17.252.159
alexa67@example.org;449.351.0370x0780;8b3a0e56-9bbf-05a3-f598-d553b74c9331;222.147.237.106
howard04@example.net;(524)239-1560;cd387dd5-9ef1-8c35-36b7-82dbcbe661ff;180.109.241.254
david64@example.com;+1-454-535-9910x1927;ba3dba07-2ffc-c680-481e-9c5bac118bea;61.138.168.166
williamporter@example.net;471-608-0713;5c838b13-52d6-71bd-9d53-53ea074e3ab2;122.175.173.147
johnfox@example.com;2533101995;23e53e7f-bf00-2981-565d-88ff5db9b1bf;217.71.185.219
jeremywilliams@example.com;(866)870-3012x430;a72875b2-35f5-b135-3b1c-498671a9dfa9;155.179.135.77
hansenryan@example.org;001-672-598-5745;c87652f3-5d16-0910-b03f-ace4d133d48a;185.128.239.60
taylordavid@example.org;899.893.2190;58ab9117-d3dc-6141-bb7e-4a58bf7ca1e0;146.107.11.120
burnsjason@example.com;438-560-9343x81420;a0c747a0-a096-b359-4079-1a1f66391377;30.127.111.163
lauriemarshall@example.org;783-647-8776;464922fb-d7bd-17cd-3b0d-caa2b3da95f1;150.223.107.241
mitchellstephanie@example.com;215.852.4673;b15b00d3-85ef-6c00-a8b2-b5c65ee2ca86;187.142.167.220
troymcclure@example.org;821.619.4953x04146;3c1e8ea8-4f75-6d54-dcd7-6fe951ee4710;217.201.5.44
timothyglover@example.org;834.698.0230;c7309df4-2633-1c04-8cac-329d240f0fcd;41.141.4.242
jasmineharris@example.org;945-870-9629x467;e7b142f4-92f9-4b81-c1db-1189a3cf9404;139.53.127.112
xwilson@example.com;4272443767;5dd3b4f2-88cf-0382-7c14-7c9df99c4ac5;32.197.157.81
bakerlaura@example.com;001-455-461-9296x36998;03e2e4d0-2a81-18cc-fa9e-b133cceadbf6;213.153.222.141
amy90@example.net;414-441-9925x107;a455c7e0-7baa-55ba-2f58-30bf5062c43e;156.24.50.134
fishershari@example.net;849.631.1022;7d6b77e2-6f28-603a-fcce-ee8b111194ba;177.66.183.196
elizabethmonroe@example.net;+1-309-957-8835;d7000614-8d54-5f9b-aa61-456399782715;93.229.213.163
hulldebra@example.org;428.493.7366;b5c35867-12e3-78a3-1335-d96c5665f93b;74.167.0.187
ylopez@example.org;001-729-538-0712x654;e0a1a777-9d90-4518-3c96-cb62c5693246;142.10.197.220
johnny63@example.net;(806)914-9643;41d1ce52-7cd4-f8bd-5cef-91eca3d28883;173.185.122.66
longjames@example.net;6269196380;dd7f19df-f3c5-41c4-ec07-50e63a166731;167.226.197.0
vking@example.com;(597)525-0454;3ffefea0-9c87-ce4c-99d4-304d6a394aba;123.101.235.60
ihamilton@example.net;9116729086;9c15c7a1-665e-dc57-f178-c73702fd1d07;48.176.243.171
shermanteresa@example.com;280.998.8942x6203;af30ecac-f9e1-0de4-0cb8-fe1f888c5fee;187.25.27.202
kevinhall@example.org;(519)512-6770x2857;ab649bf6-57e3-1fef-9fec-a239f826076b;206.75.71.153
ian95@example.com;001-286-418-9368x63136;6968265c-d949-2c09-51cd-48704f353ed2;124.66.164.126
staceyclayton@example.org;936.903.0276;3cf12b9e-882c-cde2-9568-b088d773d63e;211.141.37.18
michaelmorrow@example.org;402.808.3856x608;327540d4-d490-2d6a-60dd-597d56b48f94;159.59.57.141
kelly31@example.org;001-469-215-5858x439;c4acdf25-26ec-d440-f47b-ee4a20c8bb5f;219.85.51.142
michael01@example.net;852-309-6282x38278;80b9d9df-3837-6f92-9e62-3989708926f5;40.188.211.113
emily68@example.com;5015073365;9768c2b8-f6ee-f870-828d-00b030cfd683;220.26.67.105
amy44@example.com;(407)382-1911x151;5c3440af-b5a8-8177-a6a0-449e8b00aa50;216.72.93.105
iblake@example.org;+1-652-257-9912;ba07bd74-3bce-57c2-e209-74b4aba6db5f;98.149.125.177
collinporter@example.com;8913917810;ab791052-41f6-b4b6-aa4d-b3b9b4eb00b6;219.115.91.127
clarkdaniel@example.net;823-993-5808x9839;fbe27983-c449-faaa-71ee-a04654f295a8;159.1.24.244
joshua46@example.org;642.542.1686;c7915807-8872-9423-ec1a-e6663e281a7b;137.144.40.17
tunderwood@example.com;(861)552-1986;a82e6ba0-4d30-7af5-db4c-f6e1c7abfc18;118.119.231.7
dwilson@example.org;374.263.8035x6737;a848bf25-f9f6-5eac-bddb-b626e6f138b5;199.70.89.163
donald24@example.net;(487)916-9083x99510;06c6a89c-bffa-227e-24c7-db00e3fa4b85;178.9.112.121
cooperjustin@example.org;498-817-3682x0275;77664e1b-3090-4e60-2305-85cdd88cf654;144.5.90.22
reynoldslisa@example.net;756.269.9373x77425;3a2cd898-6501-8c20-bb82-07a1983f7bd7;45.86.115.15
eric55@example.com;921-509-6383x1865;206e39d2-e18e-34fe-8d5d-7701569fa3a1;223.143.154.5
millertony@example.org;885-914-8419x728;458b2101-337f-b196-4805-cfb5e0fe62ce;147.32.251.227
znelson@example.net;(668)518-0806x7128;6f2d1852-7331-36ef-464f-cfe38d1d8ca0;154.36.227.48
dtanner@example.org;3705453937;249a2a88-bc78-1e98-22e0-8b9b56e9e5c2;217.222.252.16
andrea46@example.org;+1-554-554-9982x40540;e8ed314b-c5aa-fc8b-b85c-174a3162120a;57.182.160.70
emilyfernandez@example.com;(770)216-6430x912;06f37605-eed4-48dc-06d0-daf5ab09e7cf;14.104.21.45
huntstephanie@example.org;+1-293-800-7879x308;3acdd619-9eae-7e43-c13f-fc6464373f47;140.174.85.121
jack32@example.com;001-480-814-9644x07439;1ec4318a-8215-4fb8-2140-13ecb13b538a;181.24.175.159
christopherwalker@example.org;(938)441-4351x3202;478392b9-b08a-0d9a-7860-79a1881bdbd6;223.31.231.198
susanmanning@example.net;001-734-388-6280x1049;f8ee02f4-5a3f-ed74-f06b-b213ddd03821;170.156.94.146
eugenemorales@example.com;(539)614-8140x96158;0ece2a1f-f560-4ab7-d439-30321ef22143;69.48.42.132
mdecker@example.com;6348699308;ef93a54d-18d8-a028-feff-18799d54a33b;22.64.4.196
johnsonmadison@example.net;001-365-205-5201x29902;e0271b6c-22eb-c54b-27df-615557e40567;204.96.212.25
roger09@example.org;317-386-8297x58197;f74919c1-5c4b-c057-6b45-a9766a0050fa;42.174.233.35
pearsoncraig@example.org;+1-799-550-9807;3d47f3d1-6fcf-db2c-d461-cec5d7ac9b43;104.134.221.91
shawjennifer@example.net;405-686-8092x31237;50bb814b-3f5c-01b3-5116-d17472a7b4dd;177.27.179.229
chad97@example.com;(892)399-1508;7d39dac6-b003-29a4-536f-16f4372761dc;93.249.156.239
wilsonjeffrey@example.org;001-998-795-8154;3ea9b5d4-69bc-2c3d-aec4-a438313a1879;157.97.44.36
rodriguezkristen@example.net;+1-538-360-8357x1630;d2d8ca53-8094-acfb-aad5-de715001c0da;124.48.52.224
kathryndavis@example.net;600.645.6708x772;d4eb3fe1-333b-d11d-38f2-18dc29d59c29;80.250.184.71
lisa15@example.com;001-954-756-9395;a2b85da1-fed9-a72d-8357-806b1c908042;165.207.207.41
erinharper@example.net;(271)692-8984x24001;29ee5fb1-2299-8b2f-8ab1-6d1ef9aa255d;119.6.211.186
singletonvanessa@example.net;+1-391-958-2968x978;8d2d2386-1ef5-f8a6-3a1b-da738ad3cedd;124.211.158.164
chenjacob@example.net;(849)741-0473x6686;a69e5943-317d-1b6b-d850-6cf78d50153e;223.219.119.87
timothy33@example.net;+1-830-256-1978x72482;90014cd2-38c8-ce01-d8d0-f10e5e6b466c;52.79.74.217
richardwarren@example.com;+1-555-995-0591x2680;8d98e8f3-8b31-1dda-5ca0-fd183a810d69;203.236.116.160
fishereric@example.net;670.201.8449x0690;ade6503c-df31-cfe5-e65d-a2136ebce880;62.117.163.73
bcervantes@example.org;911.777.7672x94928;2f2d7a1a-b720-6d92-8c80-e50d412060b9;21.38.171.99
hdean@example.com;4905578179;b6df83ca-8db4-414f-3889-a5484e068755;138.81.211.146
derekbrooks@example.org;+1-773-879-3483;89f02c4f-984c-28aa-8d57-2dad0fa189de;24.108.92.150
blopez@example.com;886.973.0058;eef6f3e0-7fc1-b2a4-212a-7fcd432b2bfa;132.115.254.133
shelbycastillo@example.com;001-644-798-9084x3061;4cfa9e64-7d70-0347-b2cf-05b4a437b40a;194.106.220.132
amoreno@example.org;+1-621-395-9111x7000;358db3a0-e357-2cc9-f52c-f73264157642;129.111.238.184
todd65@example.net;001-903-304-7705x401;5ff1838b-e918-2bab-b269-9d3dc601ec1b;206.8.248.171
xsteele@example.org;398.698.0227;069865b3-ecc9-1afd-3d37-fc83c38e4937;222.51.91.228
melissapittman@example.com;923-328-6565x63308;9fc3eac7-638e-33a0-9e6b-3da95ef72e56;8.183.13.22
kimberlylang@example.net;(680)815-9592;78ad24f8-ba5a-797a-a4cf-447825733888;195.227.26.64
lauren64@example.net;(797)329-2702x2467;9c9022c2-1a50-1033-ec8b-0458e55cc77b;89.24.243.141
taraklein@example.com;+1-775-286-4805x6190;d8ecd814-a4a8-92aa-2037-3436663a065e;36.132.154.61
james21@example.net;(610)382-1379;5dfcda91-0cca-d0d8-5b6b-a71fe0b592ff;31.6.91.85
burtonlaura@example.com;(271)452-0700;f63a11b0-8d3a-e642-a3f4-b0c5082483f4;164.161.155.78
lisa02@example.com;740.292.1730x4360;a3f436ba-405e-c35a-2950-0576915346dd;152.152.71.237
turnergabrielle@example.net;286.814.4172;f272bada-51b3-4a16-c9dd-c8222bc7ec52;203.45.92.135
johnstonkathy@example.net;+1-993-566-9736x3800;53a8ce68-e4a2-d685-77d9-5093bab8e418;207.151.126.248
andreajohnson@example.com;952.351.5232x75861;757202ac-a9ce-6672-bf63-17caea935dfd;203.187.155.217
lisagonzalez@example.org;781-663-2305;c6491724-9a01-63be-c7e7-f016daf66169;207.57.113.201
crogers@example.com;688-300-5177x246;644cca78-2c0d-5beb-6f66-a53aefa070b6;95.244.4.147
lisa13@example.org;651-468-2500x543;ae5c80a1-abec-c3d3-f63a-3c833cee8440;166.45.223.102
kristinhernandez@example.net;001-914-999-7161x6346;6eb89de5-5b30-bffe-a160-6beeb8bee2a2;192.176.82.162
gschultz@example.net;(703)683-6092;1cecc5c3-76bc-9a29-91e5-ceb8cb5897ac;218.146.135.161
luis94@example.org;6247485458;368d1352-37c2-ddc3-b878-fe2017848064;222.205.78.244
amber37@example.org;(428)839-9087;045e6639-a841-c5b5-d008-d4c8aa1c46d3;166.59.65.145
tyler02@example.com;586.881.9904x14185;3fb5f37f-38bd-8ae3-8474-f382c98cd1a9;105.206.58.105
rebecca56@example.org;+1-797-962-8911x25288;d6eee891-e0fd-dd96-0626-aec4869df982;196.246.225.242
andrea09@example.org;410-504-2032x6666;b6cc59cb-0aa9-e640-c74c-6ef7cb228212;192.161.190.50
kevin50@example.net;(573)656-5040x465;b0a86f3b-82cb-993f-3cfd-14190849d271;206.126.41.95
william09@example.com;369-787-3562;41ebd43b-f18d-8768-e725-6833842a63c3;52.59.199.91
omoore@example.com;8544731763;39a91722-e658-e92e-3259-79a7b8c8401e;174.97.94.15
oparks@example.net;307.460.8474;996353d3-9a93-88a9-c594-001a14737c62;222.181.65.11
matthewschultz@example.net;929.265.3673;3c7290ef-c4c8-b594-64e3-75b610c0a228;218.190.131.77
john02@example.net;+1-458-798-9235;2f2def54-3ba2-7ed3-daf1-078e72dd8dca;23.37.97.186
xwest@example.net;(910)706-9276x68866;fe7f5d78-c47f-c348-72d4-14c7ba84eb9a;221.67.150.191
cathyreyes@example.net;9169424423;8073cbf1-4bf2-6f9d-78ed-485653631671;69.63.181.159
cochrandebra@example.com;650-852-5798x593;892ea347-4ec5-9889-ce09-023a701f235c;133.2.49.218
pattersonthomas@example.org;683-991-8224;68efba94-3753-661d-14ca-25eafd0fa82a;216.8.25.149
drew65@example.org;857-229-8390x2397;6497c34a-6d2d-56af-d201-ba0d68b60cde;162.118.215.239
hunter10@example.net;+1-331-869-4037x889;8cd26438-a086-88e1-776c-b71a45d45011;170.220.195.100
christian68@example.com;(902)372-3345x0013;033c33a6-b0fc-fb0e-dce8-9b6f84c50f63;159.222.135.144
richardharris@example.org;232-694-5839x503;8f448a88-684f-a54d-36bd-772f661ddb49;7.214.218.171
pattersonjeremiah@example.org;+1-528-526-2836;777e9133-6bef-77f5-1f18-ae547da9268f;46.237.183.193
charleslloyd@example.net;001-459-882-7945x56950;a30ac741-4236-79f3-e3e9-907731e3efc9;162.134.246.65
sarah09@example.com;(784)682-3330x1623;e72a5938-28bf-ff2a-e455-e99b6b69b7c1;154.193.77.104
gordonchristina@example.net;+1-275-678-8388x1812;da57da0b-aab3-14ce-6a25-22ba6ee1ded7;191.225.193.208
janet11@example.org;(843)553-0428;eaefb652-08fe-b151-a7f7-8563fa7ec822;142.108.37.26
kelly32@example.org;+1-791-291-4237x41429;53edf87c-a241-98fb-90ed-11fc9b7875d4;141.199.113.152
contreraschad@example.net;388.730.8638x036;0fe40047-cc23-0b2f-d9bb-09c44f0b3b2a;211.168.16.253
toddhardin@example.com;964.986.4893;482c9f29-632a-2594-9e98-f7c0b76fe504;216.118.155.115
umathis@example.net;729-786-0189x1313;114ee25e-bdbb-4ca5-7d26-6cc9fda3a0f3;176.108.19.42
woodardfrancisco@example.net;618.548.3688;7da6f61c-860d-505b-b310-1cad5488c6ef;197.86.98.237
rebeccapeterson@example.net;+1-828-623-8956x0732;5e92a06c-7fdc-63f1-f65c-eb5534ea7106;128.103.203.241
joannschultz@example.net;+1-845-818-0078x9318;d6200a5b-e405-6d9f-d29e-b0a7be1a7b06;174.245.143.81
joneskelly@example.com;(525)589-1738x490;a2a1206d-938a-a15d-2e14-b50b666975f7;187.178.65.74
tyler11@example.org;+1-263-418-3163x302;b8af24b0-5771-0446-ffc2-2bc99341e3e4;118.255.49.72
emily78@example.com;(927)938-2358;c9289562-efb8-7ea8-4217-05379970f331;142.115.120.228
smithian@example.com;990.489.3971x9334;f70e422d-79b3-fba9-4830-3a8183883c60;188.188.149.47
sharonmathis@example.org;7748540628;925943c6-cd58-6f92-0895-2877dd88f715;209.132.174.65
rblack@example.org;001-354-483-7692x43939;d5bdcba3-3919-3320-6d5b-a1bd334b867a;204.231.69.134
dennisjennifer@example.org;905.504.0484x1597;a38f5e56-a6e8-a8a6-40dd-fb7066b2d090;174.164.101.113
katielarson@example.org;(519)476-3371x268;5c265c55-4263-e046-28cd-288b86f0c761;29.61.49.189
colekelli@example.com;825.441.6048x710;ade8d35c-3df0-137b-31ca-4acbda6cfdc3;26.33.64.128
nicholassuarez@example.com;(452)872-2421x892;a37debea-896c-5bc4-7068-be3926f4e01c;41.6.216.214
steven89@example.com;(614)343-4579x591;620fe630-b410-cd58-f7c8-2de0383992e1;208.162.8.157
nicolewebster@example.com;2373952793;5bdbb458-42a5-cd7d-dc98-f073a3d818b2;193.3.239.162
hlang@example.com;(453)597-5014x4212;1f2fc8c5-107c-d621-e486-61400109dd67;202.187.37.4
judy71@example.com;001-268-358-6811;52a12161-740f-6ac7-e3c8-d768a3bef7d5;207.13.228.20
carterkimberly@example.net;(246)411-0336x15029;cebc9f4b-962f-f5ee-943e-e2634d5d5dcf;222.51.182.58
kbarton@example.net;+1-628-807-5031x410;1ba780bc-9a09-b3c6-9b99-f5a6c39e0097;219.43.49.126
brookschristina@example.org;8725590900;dc310f92-49c6-114f-b371-1e3925ad2358;2.166.120.239
deanna20@example.net;001-485-354-9191;b4647734-1cfd-9667-9786-1f1a25150fe3;166.125.25.225
stephenelliott@example.com;(545)221-3502;27b94355-58f0-1333-23d1-3043ad959d20;2.37.122.140
garciafrederick@example.org;918.837.1827x399;c9320917-eb69-4044-b9b2-15f1c802e643;205.245.177.68
bryantscott@example.org;963-376-7773;c309892a-329c-4ead-2ee1-134b083054b5;221.163.141.173
pyates@example.net;916-984-0257x5744;7dfdb5f4-267c-5502-61a9-d2c49cd8f990;109.245.243.62
westmichael@example.org;819.441.7259x9598;a658656c-0ad9-260a-dede-ba18bb0e4689;90.171.64.225
debbiedavila@example.org;339.943.2109x2637;d5825b39-d53e-42db-3d05-74f60427ad44;197.210.94.100
williamsemily@example.com;5219854345;f509ddd8-d081-308a-a3af-7384cd172556;120.2.165.255
emilythomas@example.com;332.546.4859;b3e21756-eee7-3ef3-1246-48c61c9ae05e;48.8.10.254
jbrandt@example.org;+1-754-929-3591x2717;d54dacb1-b49d-07dc-cf1c-23da43163190;159.171.29.220
michael61@example.com;385-866-6639x329;50dbbde8-880f-838c-d359-5aafaba7d572;26.37.123.85
michael14@example.com;855-449-6958;76e4bca4-4146-3dc1-0835-505a3bf1168e;210.191.145.115
howardbrian@example.com;001-407-526-4688x2725;436369e7-c2ab-4418-cc1c-16c4109ba737;177.77.31.39
susanbauer@example.com;449-682-4790x95793;dcbcd448-1d1f-4bc1-a5d9-cecdaa7e65e9;201.255.62.236
krystalwright@example.com;001-331-948-3175;d907b63c-3b26-118e-22ae-076d0cd27e2c;90.207.32.122
mark92@example.com;001-831-962-9731x599;03833ad8-387d-1f87-871f-7bf58b102e01;217.226.4.248
rrussell@example.org;281-933-2471x519;3bf39b9a-1e20-4136-531f-c6dd020759ac;95.208.89.151
matthewschultz@example.net;(978)567-0212x56132;e6ed6d80-b174-3f04-5377-5a56c0c57469;172.53.126.242
rose56@example.com;+1-786-425-8639;6670774c-9c12-250a-e532-8cdf563f4e05;215.3.20.234
tapiawilliam@example.org;9353997778;7a67c72c-4be7-ceeb-781d-ade097a278fe;191.16.3.98
bensonjames@example.com;(634)289-1221;baeaa168-39b8-f2e9-eae2-3e721cf6c09d;215.52.241.152
kellychurch@example.org;(542)887-0868x4988;d3e6e70d-38bf-36ba-3570-213a01e134c3;206.125.7.140
nrivas@example.org;977-776-7614;1d12b45a-fad5-208a-b074-f7f9a4916da7;20.121.200.91
natalie45@example.net;583-873-5438x65713;d16ac319-005e-536b-ee71-d5cbddf71cfa;162.228.152.125
lisanoble@example.net;896-268-3748x6524;0b07124e-a134-fd59-31e4-882068ca17a4;59.147.109.67
nmadden@example.com;408-252-3387x4385;4d78c302-a8b2-224e-ae58-d28b007d4127;196.188.171.212
davisjoshua@example.com;508-997-9089x3350;07865e6e-9705-37d5-1767-59be1308b6a9;2.106.64.109
morgan15@example.org;9829065492;975203ef-6184-8df8-2316-2e787864b108;136.106.228.191
laurendiaz@example.net;001-482-733-5273x739;7f80b2e5-9269-6f16-2102-8a850b52fb09;177.224.131.67
coledaniel@example.com;(479)891-6719x40600;44c08e64-459e-e97e-5bb1-48f535ce8e2a;180.39.53.197
ilong@example.com;(630)752-2567x8460;673572e2-e2bf-63bd-0039-481e73791bdc;195.34.87.20
tlane@example.net;535.884.0507;1c37264c-fb71-bae4-c079-fa8a80359520;22.74.154.112
jillbrown@example.com;908-354-7773x67548;139e3ca7-54f1-2f3a-c026-f5a3854cbe2a;133.185.149.245
donaldnelson@example.org;682-902-9176x98860;757202ac-a9ce-6672-bf63-17caea935dfd;203.187.155.217
batesfrank@example.net;846.291.4202x1478;2b60dcd7-e0a3-322a-1ed6-27e22d0f22f8;223.216.153.5
linda65@example.com;(970)318-0015x92316;4262afbc-4f3a-c0f5-ab2f-b2fcf5e84314;148.173.54.141
lorimiller@example.net;732-634-6835x9213;afc86903-1d5b-232b-9fdc-9049b1520dae;103.93.4.128
lutzchristian@example.org;(988)467-8937;f2eea1c8-d9c6-3970-2fc9-21f12c6903b0;3.137.156.21
paige19@example.com;+1-563-934-4019x73826;702e02dd-9a59-0e8d-dbce-da1d3275030f;129.127.77.132
nathaniel10@example.org;+1-777-726-7578x10047;b19a58b2-dd00-4691-e255-66c0ef954070;184.214.7.8
farleyrandy@example.net;7852738168;e2598a15-ccb5-e055-c0d7-9dc33cb6f654;162.216.166.177
johnmills@example.net;001-417-453-5529;94928fa4-fe37-3357-a822-8db7a8dadce5;115.174.130.171
lisaellis@example.org;6097728548;477b84f8-80aa-c136-e443-e0ea7725eb13;64.196.42.222
vasquezangela@example.net;+1-200-214-0038;f84e1421-3f60-dc56-9d20-d08e600b9182;205.159.122.243
trevor46@example.org;+1-855-563-9828;6b32b0fb-0aac-b998-f64a-9618947588e0;216.192.162.44
brandy19@example.org;400.652.0446;44136588-f66d-8418-7ec2-97f2fd4b4a89;223.42.195.49
burtonchase@example.net;(761)986-6656x167;445a3039-7084-c6a0-b536-c350c281a47c;125.169.200.220
cathy82@example.org;+1-580-611-0848x47134;5a581253-3c9c-0047-9d1a-47df32842a34;204.76.225.73
olsencaitlin@example.net;+1-340-465-6696x52125;0380a3ce-40c8-a91c-d20b-ebde20c28ceb;180.220.87.114
james07@example.net;001-893-393-0767;47962f81-46d6-548a-71ff-850cfdab49e7;194.137.134.151
lchavez@example.com;001-636-374-7738x40119;f78ca9e7-111a-021c-6123-973c0445f8b0;171.54.99.227
daltoncody@example.net;(529)463-5643x00056;87a00b55-6c8c-9bd1-5e8d-b7141a54bb5f;205.50.222.64
rachaeljenkins@example.org;680.952.3050x16385;1837f8f1-4a53-952c-5b76-f79c969c68a5;178.75.33.165
stevenchavez@example.net;666-346-2582;fed93d6f-0d29-55ee-a2aa-21a309bfaf22;196.174.98.213
yorkamber@example.com;(491)214-7829;8a0405fe-32da-780a-b6b9-6b02abc6f792;90.119.18.68
andersonmisty@example.net;532.287.8869x930;54cff5fb-7972-ea3e-fa77-1f866f0eabbf;216.211.108.86
pcunningham@example.net;001-757-860-1878x26851;849122ff-3a81-2aa5-0ef1-6fc0929c180f;215.28.110.48
stevenswilliam@example.net;001-261-480-1952x21720;abf594f0-d646-7343-d92b-5b47b4c8f71a;211.114.194.14
igarcia@example.com;654.915.5790x2875;7641a162-b617-a081-78e6-215cd2ff7c2b;208.243.19.18
bryanescobar@example.net;(767)609-9778x6655;a596611e-3cbe-8597-2dc4-0f7f41547e02;198.212.122.249
montoyamichelle@example.net;469.969.1588;a6022420-5788-2515-5e7e-c50717050ec5;144.215.72.234
michaeljenkins@example.net;+1-239-977-0580x7057;22596dc4-1b5d-d584-604e-ae975d6b0574;84.97.22.177
andradegary@example.com;4836924785;708b38d5-5a62-3818-ddd7-04fc05add4d4;7.197.51.61
lbeard@example.net;(840)763-8112;4626ee30-fc67-9914-e0e6-5c662541085d;66.175.65.38
randolphheather@example.org;+1-676-718-4652x90867;db622efd-4d5a-286f-e763-137f62d0ab89;218.58.230.112
karen46@example.net;(735)686-0141;c6b0fba7-6b9b-0d67-9098-f3b623adf455;223.231.213.211
brittanybush@example.org;(480)649-2210x7028;419419a7-1baa-6ae5-d8af-c603d06c3ba6;153.145.146.25
smyers@example.net;4003473823;5f8d8a22-155c-0a05-230a-9fcf2e8edd5a;162.248.211.245
david12@example.com;+1-768-612-0452x9935;a5634496-9844-6eb4-b03d-a8903e84b563;215.116.151.133
jose11@example.net;357.584.1696;383852df-b8d8-5a87-d908-4383395fad2a;131.111.45.175
morenomelissa@example.org;(206)317-4573x43859;2ec9aded-f2d5-97ad-3055-8f1b521d00d3;42.120.121.81
theresa25@example.org;001-991-385-5085;e62d8deb-7445-d683-3720-5acad5846a93;64.135.90.41
kristina01@example.com;209.906.7809;1c7584e4-8a0f-2840-c5ee-bccda903a6d2;203.18.2.173
yorkmary@example.com;(960)868-3200x3247;6cbdfdb9-55f8-06f8-e41d-cd4a1bce5e4a;164.159.55.20
amy26@example.net;001-983-204-5619;dca4f189-0a2d-3177-e13f-1cb6f3d649f7;192.69.205.152
sanchezcristian@example.net;+1-539-542-6145x4998;c43057c8-86c8-a9ff-4d79-bc07693c4b89;190.136.143.178
karenshaw@example.org;295-364-4428;9cdec225-f264-8845-5052-1f4c27df8c77;200.70.72.6
patrick84@example.net;+1-613-878-8689;738a6d61-8b10-b8d0-4e63-5e32dffd25c2;25.198.143.249
patriciabrock@example.net;+1-971-925-5404x4795;ac941dc7-d407-a15d-3756-8a8e86c515f8;143.97.75.79
tbarron@example.net;825-865-4656;793b3cad-c246-ebd4-3c73-5176a7ae833d;208.69.242.112
nicole64@example.org;600.337.2557x06334;7dc026d4-238d-dee3-2a42-f369a0f0a6e6;188.255.161.162
sarah60@example.com;464.381.5822;93455572-edaf-8337-4a48-4b46b671a00e;207.78.33.43
hansenryan@example.org;234-882-8177x316;62c8b0f5-f628-77a7-e64e-4721cf1132ef;209.83.222.120
adamsmith@example.com;001-540-663-5565;d82c5081-25f3-a461-f87c-d8f3ec08c100;106.35.47.37
lward@example.com;809-424-7392;07a12a2b-d6ac-c60e-d6b2-6eb35ed690cd;145.70.66.206
christine07@example.org;9297608010;d13a4c10-d7b4-53d6-85cc-7d3dc672bdbb;167.145.131.180
tthomas@example.net;001-558-430-0854x154;fe9f6f79-5138-0dc8-fae5-00b38f17ebe3;133.181.88.175
fitzpatrickstephen@example.org;(864)467-8761;f5e6e682-1644-ff6b-16ec-bd3f80ac7ca2;135.215.137.252
perezmatthew@example.org;318.370.2513x622;6ae7eea9-eb35-9e7a-5d6a-182c64092ed4;126.30.199.119
uphillips@example.org;+1-880-525-6584x356;5ba446bf-d46e-d7d2-2ec6-84337e41dbd4;215.37.214.4
ualvarado@example.net;+1-699-799-6471x12197;461f65c0-8e71-4753-2af6-616a2e89e098;129.72.86.106
brandonwest@example.net;260.710.2455;223684e0-a86d-244a-603e-8c6f0020a428;123.161.107.65
khall@example.net;+1-946-502-1198x3183;688752f1-9ccd-933e-4806-ed9fa7eae261;90.203.227.60
heidi43@example.net;636-391-0875;0a8c83c0-6ca3-0565-e101-311d0bdce7b9;197.110.152.142
sarah04@example.net;783.911.9001;bddd3e51-643c-e6be-b09a-98b2fbb9f138;31.194.31.72
cochrandebra@example.com;346.470.4151x944;c083d5bd-b3c3-d1f3-00ed-191ee0cad9cf;133.2.49.218
rthompson@example.org;227.945.4901x5814;81cd698a-efc0-6d5f-60c4-e26653e698c9;191.74.13.195
thomaskelsey@example.com;458-432-6685x96588;e5164696-ed55-2d51-b00b-275021234c77;183.185.163.153
solson@example.org;(404)771-2033x42939;e22dd105-066f-699f-059c-8fcb6f6ae46e;140.228.0.208
kcarroll@example.net;+1-520-246-4765;cd880925-a795-ae8d-437f-7a4fac8f6011;214.111.156.89
tracicasey@example.com;001-890-260-1711x6357;333948c1-09b3-b446-74f8-1b8d2cdcc398;217.21.142.77
michaelbrandt@example.org;633-515-4624x71005;d6f2a143-de73-dc8c-7918-b1f8b97eebfe;51.226.122.19
scombs@example.com;226.613.1948;eec7e4b5-ba00-440e-66b5-3472e24adad1;172.118.193.57
rjones@example.org;4032552194;0d1a9efd-82a0-1227-ba6e-e6b478249ece;164.56.93.111
richardchristina@example.org;(766)290-1885;2895ada2-cd55-8f70-a4f1-61d374d6f994;193.71.40.163
michael15@example.com;001-595-845-9113x72780;f6318b58-86e7-32b4-ff08-f46cc9d6ec13;221.92.130.51
andrew75@example.net;+1-437-430-9518;b00fa78e-dad5-b1c5-3cab-0539dbd7f028;222.187.92.118
caseyboone@example.com;(415)563-9719;c7871830-c993-e39c-3706-9ec8886af9c1;195.173.180.178
ravenking@example.net;323-685-8316x89153;21d4997f-395e-a63c-9996-2a9a1cb8c80c;123.3.155.253
svalencia@example.org;001-661-234-8819x06816;343fdce2-8d02-386e-b2c3-88ae1d91cf1b;212.50.182.168
angela20@example.com;+1-844-479-1352x58350;47f31d58-1e26-ba3f-5007-b597d76fde9f;45.141.73.13
paulajones@example.net;(666)681-3660;42cf6c6a-c55d-1c17-3f15-2c96c982deb8;164.120.90.107
isaac74@example.org;+1-514-493-6471x937;e8cc843d-1708-df3b-f3bc-256729df9ff4;215.138.88.145
lopezchris@example.com;332-609-7792x2049;07f91607-bfa9-f99d-2ca6-08e0b0b01dd8;107.181.40.37
timothy56@example.net;+1-671-220-6624x462;48d8626f-99c7-21d6-5242-d19cdfd78431;198.98.57.198
tayloraaron@example.com;+1-313-719-5222x75659;f3f06ca1-98c3-2eab-5e92-1b182af2e109;171.38.63.248
robertrodgers@example.net;648-555-8722x2902;c3b1bbf2-7e44-9dac-0a80-8b8af3dab4d0;194.222.99.115
englishroy@example.com;3578067756;a06be23e-32ba-caee-de48-f4e06eeed5f1;37.102.147.223
pratterik@example.com;965-378-1619x370;a5dac6e1-6581-c530-9ef5-8d169b682a15;157.79.254.73
jason80@example.net;001-957-992-0673x004;9d066c15-7286-eb09-a305-87b18b3683f4;163.2.158.247
michaelleblanc@example.net;(652)321-3007x53839;a2b40011-2829-e239-4d4a-28074b39736a;222.22.210.171
uharmon@example.com;001-632-574-3786x365;4cfe284f-e10e-f72c-0073-a0b5d0317359;109.109.3.155
gmcdonald@example.org;+1-468-635-8792;8339c23b-56b0-37da-3375-22a5f7c4dfba;204.128.118.35
zhebert@example.org;+1-687-452-9900x8159;7132b429-7068-e7c5-4668-e5fd0d52a483;215.249.144.245
marymorales@example.org;4554740094;23a3a7be-f1ef-c527-cfdf-a4e9394e9296;139.87.128.191
anthony23@example.net;206.712.5518;c5bbf041-f441-708e-0404-3f2c4a49e456;186.58.15.13
pwood@example.org;(293)804-5963;0ecc24eb-dc6f-ee53-4e19-15cf6cd678dc;27.100.223.124
martinezrachel@example.org;5879514271;883491c7-454a-190d-0dd6-066f26b46c5a;7.146.46.154
youngnathan@example.com;+1-247-869-4904x28677;646e0364-ef63-cd85-7430-b7b49ec8d79b;143.26.180.114
jamesharper@example.org;308.675.1605;a1512ab7-6604-26c4-7c94-b93fa9b46fa8;49.190.24.109
stephenmurphy@example.com;466.431.2451x0404;f101a224-c241-64ab-a287-0d90573fde83;160.192.43.83
dawn67@example.com;4505825017;928351aa-cc89-3a98-d3d8-0c4ed371277c;167.198.78.180
nicholas18@example.net;567.536.3046x45104;50dbbde8-880f-838c-d359-5aafaba7d572;221.197.129.77
kellyfrancis@example.net;(333)291-0763x8336;f1c44bdd-d304-b67e-fd1a-4ae69ed2b3a0;31.41.182.61
browndavid@example.com;348.610.6702x0486;4c741961-26c4-a241-0c4c-e775938d7a46;55.69.78.128
jamesrobertson@example.com;001-755-998-0195x75869;3f37f195-ee82-9ad0-b848-fb8a32f1258c;69.60.221.85
alexandrawoods@example.com;(962)312-6770x425;5d24f7e7-7d2f-381b-af69-4596e506d795;199.248.40.5
alexandercole@example.net;001-766-524-6536x2225;835c4c1f-42ac-3f98-8e52-5e13eee8b4d5;218.167.35.37
carterpaul@example.org;7283954635;20478ee5-759e-567f-111a-a72c7329c6b3;220.140.140.52
vickidyer@example.org;+1-595-788-4645;ef75fb9e-c0f4-11a1-8e47-8cbe328554bf;218.3.246.200
darrell13@example.com;(555)630-6341x81012;9a3ceb00-0658-9bf5-0a03-15ab0a79822c;57.226.68.204
amanda35@example.org;001-858-388-9818;e962668a-a3af-a677-d9aa-3e9a462fdec8;217.37.178.96
thomas24@example.org;(831)520-6463x4556;da72e930-daed-473b-ee7e-c94e777d65a7;135.113.210.13
david25@example.org;947.566.7771x88668;bdbdf4c1-4345-6e25-1a2e-a9d18c90b795;153.238.99.157
jonathancole@example.net;+1-537-666-8701;2b3ba052-57f2-27e5-d35c-62030b603126;145.162.254.142
matthew65@example.net;+1-368-515-4471x091;69eded62-a777-87e1-a618-c1d109ea3d29;144.91.75.53
stoneerik@example.net;765.518.9163x798;beea44d7-5a4b-a3e1-748e-d23c9c933192;146.211.100.48
lindagarcia@example.org;588.957.8908x476;4250b5b3-b47c-7732-5b8d-a0261ca601c9;217.50.143.111
samuel98@example.org;254.823.6492;e08a8258-d537-2089-37a5-88779f7e157b;212.34.136.3
joel14@example.com;940-583-4702x855;ec29c7b6-79f2-9cb4-801e-ee399db10385;137.3.209.1
melissa57@example.net;+1-892-838-3736x30120;35a63bab-ca6e-d7eb-b017-3451a33a7fba;118.228.137.180
lauren85@example.com;684-669-2346x133;e39930b4-192f-fe57-71d8-d66941ddc799;106.184.22.28
elizabethfoley@example.net;+1-600-499-3195x262;42945237-9880-24f9-40c8-e8d33d33bc31;207.7.126.201
erin42@example.org;001-310-884-5709x2292;64c18e46-1338-5215-243c-6473711b58f6;80.215.18.229
margaretwall@example.com;737.747.6267x99679;37f88eb0-5b4a-a532-4f2f-4ec8cd97a7fe;172.135.221.163
pinedasteven@example.org;543.363.0771x811;190e3df0-372d-98f5-e5eb-e1b106fe49d4;204.212.184.133
brendarobertson@example.com;573.817.0621;091cf3a1-d33b-e4e1-701c-f64a9215df77;146.149.167.92
erin16@example.org;295.678.1159;83ea3a5f-b8c8-1692-0b2e-de81ba45f0d8;172.54.211.184
kristenbaker@example.org;215.547.2782x9483;1c38e26e-2166-7cda-f134-fdb4ba03b6e1;185.223.230.44
ebrown@example.org;627.780.7740x403;84722229-5601-e246-9c7c-c4705e2faa99;69.17.223.192
ydavis@example.net;923-260-6657;95c7ebb9-e4d5-bcf1-38ed-7d173506ac32;140.154.179.172
sandralee@example.net;+1-666-223-1170;65030512-8cee-a730-56b7-7c614231be55;151.201.97.173
brittany72@example.com;217.720.3733x815;87d74d1a-6a8b-a562-8764-897b980182e2;220.242.197.154
thomaschristie@example.com;602.891.8004x5194;c10e8da4-20be-4519-54c0-81026c53ab92;14.110.135.102
blakealexis@example.com;467.320.4565x4192;bb1e9430-3157-d6a7-4a06-f970ae669330;153.190.200.34
rward@example.net;358-474-5907x064;ebe5b6a7-32ed-fbcd-2fa0-f958420cf4f0;27.135.211.58
john54@example.org;697.598.7503;d54bf975-9af9-cb84-9bba-bc4bf0f2bf76;170.171.221.253
brettrice@example.org;377-839-9547;3d9fae26-aeca-98fa-6131-765f348c15d4;181.247.85.86
bondchristian@example.net;880-305-8701;80ea5629-2e69-2d2c-d5e8-34d6f199c704;209.123.48.153
sullivanrandall@example.net;001-633-935-4274x586;d111424c-13f0-0627-3322-ad1a14eecb82;99.36.244.53
billy63@example.org;620-858-4101;01d9c222-5f62-81a8-c936-8f3bba7081f8;217.83.127.215
ytaylor@example.org;860-900-9476;49e7b144-5736-1667-14d4-ad832784223a;138.237.61.155
moyerashley@example.org;719.985.2217x91391;2ab27c4a-95e3-c8f2-6a0e-e5b81744d4ea;16.42.61.36
gregoryreyes@example.org;(471)277-9524x0564;f1fcfdfb-c6f7-9a48-a49b-b3decd209bea;198.17.11.244
mwright@example.com;4672969433;f98dbd9c-7154-df96-9692-5ba5b4bda794;214.42.236.83
james55@example.net;001-476-391-2881x3275;cbdf834d-af77-5d20-9659-cc1b4def3107;176.214.52.125
jcampbell@example.com;974-497-0445;0dadef8e-5e48-8084-8e29-e8eb7659a5c4;186.193.196.86
jacksonbrent@example.net;257.532.7489x3559;80404bca-8aee-241b-b2dd-21f91d947f13;48.87.77.70
andreastephens@example.net;5532091825;a0192e71-b503-6d90-3dc7-51077398aae7;157.185.181.170
duane45@example.com;5037000997;9e63cda2-e6b7-ff89-28fd-27a69df384a1;123.28.243.159
martinezwilliam@example.net;(914)872-8190x9858;4465b65c-a893-b6ea-7b22-305362b8495a;138.176.242.226
youngisaiah@example.com;295-357-4064x814;bf6a00d1-8ad1-43dc-6a72-53d866d9282a;197.55.79.13
bonillajacob@example.net;640-861-7069x603;7e51e537-a158-d6c4-5c1b-13594ab84429;202.245.136.37
jason96@example.com;368.790.1275x473;e7c9fcce-ea23-2634-86cd-3b0697d2746c;198.106.170.106
ryanleon@example.net;001-820-454-8398x4922;075e0308-65bd-c7e3-3c9d-e78392503b5e;177.186.7.221
justin05@example.com;+1-691-841-9268;dbaad9f6-a5c9-5884-3147-ff352b95e491;80.192.165.33
lgriffin@example.org;001-525-356-5360x182;a5540a51-705d-00be-2c90-27982fa28c34;174.110.196.158
jesus68@example.org;875-532-3577;e87a9d35-97d6-1a2c-42e7-3223126710c1;72.13.226.113
maryjoseph@example.org;001-303-594-5186x24793;bb1332d7-1242-42fe-df44-6941111f73cf;145.30.101.234
robert76@example.net;405-590-9362x06191;3e5e13d5-3762-dc9b-cca2-d50c052e6fe4;84.233.81.148
lowerobert@example.com;523.245.2933x3137;6f548acb-4531-5287-edcf-0597d2000e3b;182.229.103.138
angela40@example.org;263.766.7773x40544;880a33f8-23fb-836b-b918-0c4869e763bc;171.58.236.8
bfowler@example.com;8047331328;7f6cdd77-2602-625b-3b4a-366001343dcf;203.102.49.35
allisonthomas@example.net;001-263-660-6202x900;dc63f434-4454-a6eb-30c5-ed64869d2a31;202.38.237.197
daviseric@example.net;334.387.3319;d4bb2b2f-7a13-8ba9-a07f-90f57b79ce8b;90.206.61.253
aosborne@example.net;652.846.9372x1459;4c7db384-9709-5b07-93f4-61db9f2b5109;89.117.217.220
craigcassandra@example.net;+1-976-749-9763x7505;081cb6a9-5211-2a14-8758-c3e00ee3d4aa;172.75.151.40
cainjason@example.org;(534)543-6412x1758;6ffd470e-f921-4b49-bbca-f1c0ab1b188c;221.204.190.162
mark14@example.net;9019420630;791978f9-c6ff-a133-44b2-7043d654f944;222.67.90.20
moorenancy@example.com;893.519.8846;3c9936cd-9cec-3893-51a3-c91224bed5d0;169.35.6.37
hawkinssara@example.net;+1-437-430-9518;68e98e2d-78be-5e4a-958a-99e1b87bf070;222.187.92.118
victor00@example.net;397-443-9516;1adcbe95-9f88-9b94-f0b0-02fe11ac15b6;102.182.250.173
anthony57@example.org;(271)942-7240x55876;b606b786-4945-da73-8baf-4d28ba27d07f;46.182.123.145
greggraves@example.com;001-428-614-0275x697;a71d6d98-0938-fc80-efcb-8ac6c03571d7;36.172.142.160
jamie61@example.org;295-350-1641x34066;9dba664a-c780-5422-f3a4-d731e130c0bc;196.26.91.196
rwallace@example.org;657.727.7850x03719;694f492d-6f72-0909-c493-bc2e0d878d39;190.155.241.133
hannahfrost@example.net;332-747-9217;679bb554-51e1-8730-065e-7b8f22c636c5;156.205.211.110
muellerdaniel@example.net;277.915.0560;0e586a3e-d61f-100b-58a2-35cf8a72d5c6;94.85.184.70
fullerfrank@example.com;743-974-4594x88022;2be64efb-4393-d26e-7bd7-77e50afd380b;199.167.90.143
grahamteresa@example.com;4339993061;aefcbc1c-ab42-5c40-6d6a-9615964a6880;168.167.169.33
rlang@example.com;+1-828-626-3430x206;5dfca08c-883b-d8bd-fba3-33c638cca535;62.188.146.80
tyler98@example.com;001-848-895-0618x8512;e0fd7e18-3258-5f02-e015-62e32b8a9899;136.136.143.121
deanjames@example.net;(810)303-8841;dccbfe0d-3bf5-ea29-0e0b-6ee769e19c46;16.97.246.151
kimkimberly@example.com;(300)593-9850x357;054bbea1-e709-02f0-1d9a-5ecdf0adbaec;158.98.26.198
foxkevin@example.org;+1-902-343-4302x27413;015b43da-dd5f-7c07-4070-370134d71441;142.33.142.205
crystal16@example.net;(808)499-7821;cc3d3dcd-0700-fef7-1fdc-71ad4b872419;66.190.125.28
dramsey@example.com;980.859.3001x790;913d391e-5a23-2afa-f52b-09eee17410a9;43.175.1.73
paige55@example.org;5996962748;5d0d4d4f-52b4-f384-3307-1b025e21edf6;205.42.188.204
clifford10@example.com;770-833-7913;65e0a303-337c-efc5-2c4e-88533006284b;166.124.124.139
coxmary@example.org;(701)600-3742;15fa92c9-8018-6b9c-a3f5-d3b2482b2b26;87.81.137.58
medinaronald@example.net;(465)689-5082;baf88291-2bb8-8e9a-2de4-4966b0f29f99;164.183.193.68
dwaynesmith@example.org;980-588-0517;64a1d492-30e9-0d78-66e6-068ad2438487;193.90.222.239
kylewilliams@example.com;001-993-799-1178x54669;a36aad1a-e20a-d850-6497-9ded1838d42c;121.217.13.139
jeremybuck@example.net;(544)659-7595x7808;ee61df16-e6be-5c2f-553e-b4c93688e4f1;202.213.200.162
ortizbenjamin@example.com;001-623-331-9398x09433;7f0e1686-6e62-c7e4-7d7c-6b80e83a8fb3;73.199.65.231
cookchristina@example.org;963-376-7773;c3a00a38-6d65-fbd2-f7d7-4cda3b0ebe93;87.249.189.75
mnelson@example.org;+1-449-333-6917;ae1f6078-5437-5793-f46a-5ec73ed3c4ff;175.34.148.28
vgray@example.net;(679)243-3144x0311;c49db109-2d0f-3530-d34b-f47e22682479;132.154.60.129
vfarmer@example.net;215-304-8928x11865;2d5b09ee-d7cf-c344-d233-b9eefa66b236;48.103.94.127
amandamorris@example.org;267-944-7543x17260;a8af30ee-9055-5964-2938-4a583179252b;89.117.197.9
gilbertrebecca@example.net;(675)378-4894;5cdda36f-1725-1f23-d0e0-90bdb7a0908e;124.55.1.34
eric15@example.com;413-929-5912x1666;3a9d0189-685e-bca2-9028-9c6610c9cdd3;160.211.142.254
zrobinson@example.com;(335)791-9588;79f56cff-1698-f987-1f79-8c0b2a535bc9;129.149.195.195
garciamaria@example.net;797-585-7511x38791;aac2fe31-f45d-54e7-551a-c7f7c13286ae;137.223.247.184
tommymoody@example.com;2323457126;3dd92eb5-cd17-72e7-2639-e3b35beeb265;167.6.23.95
xschmidt@example.org;583.615.1489;ddbf743e-ff70-bd6f-5748-ca94beab23dd;59.62.130.112
smiller@example.com;7636839051;d8bf9d38-7bd2-8b3b-b5ec-adc05136ebf5;128.101.115.173
steven29@example.org;591-909-6989x3235;77c3172b-4f9e-7b94-a9cc-01481a25689c;51.253.105.98
johnsonyvonne@example.org;471.716.6787x1211;02d9680e-7e35-1fdd-f37e-2a26f5ad2107;22.116.62.40
williamsronald@example.org;432.566.6714x6599;a8cd69b5-735d-9cb5-41e2-b34cc21e3493;219.40.39.41
breyes@example.com;001-978-878-8021x500;5d490917-9b51-0ae9-ca2a-befd66c8dd87;216.185.88.124
christine47@example.com;(423)724-2533x918;6bc0cdbe-51e6-7c38-4ded-4c2e36afac50;143.39.213.109
carterjulia@example.com;792-548-3251;2c3c1cb8-4168-36b4-a090-06922ac5e332;220.5.98.190
hicksbrandon@example.com;643.592.7010x241;843c91d4-ef9e-e66b-1be5-16fa8ea89053;47.190.249.38
jennifercastaneda@example.net;(201)593-5690x9754;43da7be1-81bc-b0d4-e2b2-3b18f43daa4c;138.27.212.0
koneal@example.org;562-918-7935x9698;6ded0cbd-9ca0-2b65-3017-691cd15063cd;211.110.206.187
karlamcmahon@example.com;731.528.1256;b195f392-7f7a-f938-4284-760ed9820950;185.241.255.37
mchavez@example.net;535.339.6101;f8469aea-ed0f-598b-50f8-9afa517344c5;210.64.222.239
damonjacobs@example.com;586.698.7992;f1496354-a29e-d878-5c3b-b4fe75ca4057;214.235.169.217
chelseacraig@example.com;001-438-770-4429x24666;c58c970b-fd20-6e94-9def-573d270eccdd;176.170.80.185
anthony90@example.net;(371)839-5761;3393269b-6166-9c95-39a4-545fd0eb6313;31.217.15.200
zpayne@example.org;555-760-8130x394;c28da418-33a6-339f-6257-4f34dec85fb8;69.1.23.175
ashley22@example.org;537-522-6403x7738;9d9b49a4-b937-eb05-6aaf-4728afa423cc;149.17.74.207
longtina@example.com;+1-496-746-2485x62020;fd002f99-a810-a697-844e-bc4e54377459;186.100.92.154
marshallgregory@example.com;404-698-1881x8134;797b9fa5-814f-5c62-41b6-9efc3828d41c;32.43.153.126
gregory88@example.com;235-393-8040x8511;6799459d-799d-6d95-a3ef-4b923dc056f7;79.48.223.137
rossaaron@example.net;001-384-695-9986x92878;4f49dbbb-97cb-cac2-64f6-e4991286c26a;87.79.167.5
fsmith@example.net;356-711-8247;a8858866-72ab-22e6-e47b-74c368264ce0;195.200.134.171
bellwilliam@example.com;318-866-1206x3644;c586c28f-33cd-57bf-55b2-61357b79a865;67.0.66.12
crossjohn@example.net;727.896.6267x822;c582b0a3-7456-15b5-0066-8fecbe3d07c5;117.202.200.141
fordjennifer@example.net;463-854-0610;21496f20-7d58-21f1-47e2-39de5d155242;173.90.116.41
millergerald@example.net;(372)564-8091x7652;22887323-2ca8-4fd0-33e5-01e7f665b046;205.171.100.28
freemanmarie@example.net;566.814.4039x44824;33c7b1d2-569f-202b-b8c6-753f8fc762e6;220.195.159.21
cheryl14@example.com;5886207608;dbc39b78-772d-fbb4-1f3f-b049ff1d2e7b;20.140.55.57
carterjason@example.org;+1-307-330-2575x42557;15a4fb9b-e257-43c7-1b2e-19655a357cdf;85.131.59.203
gkent@example.net;532-654-8629x7400;f4a2ab86-22db-7093-c115-1707005beec5;150.160.226.236
cmorton@example.com;001-763-992-0988x663;de839651-e52b-bedf-a42e-bbabc8c63448;153.38.170.5
sherryalexander@example.com;+1-815-339-0329x605;70a98107-9e1b-de7b-93fb-39e35e811a96;80.70.165.148
eddiespencer@example.net;2725342769;666e2a11-5af6-2fe4-6de6-07d7bb2a5550;206.220.24.144
john17@example.net;826-478-3750x1429;d488b33f-4d4e-5654-0b6d-b0a232d09153;140.70.168.17
tpowell@example.org;(358)220-4316;bb1332d7-1242-42fe-df44-6941111f73cf;104.243.13.230
haley25@example.com;672-334-5743x80603;48c6788b-ce2a-b9b2-b231-6d13e2e56028;187.103.185.77
pkennedy@example.net;430.332.8645x073;c3b384ec-ea2a-9e86-b4f0-f5d54b8a7656;200.107.159.32
florescrystal@example.com;6567844197;2e7a6d97-628a-1d3b-54a8-35563ceebf82;209.103.190.61
sophia32@example.com;(673)290-6327;309d7102-8f07-1b83-b1a1-3130cac71d22;199.12.118.58
alexhernandez@example.net;(747)557-2227x8436;93fa0a88-c51d-2277-efe3-d085e292d77f;128.9.177.202
rodgerskaren@example.net;(330)379-3275x845;383b6ff6-0f36-581e-d66b-3ba060ecf7e0;204.166.28.197
pagesteven@example.net;+1-415-487-5678x552;79c98b03-2e47-51ac-afb3-0cc9af659a76;14.14.53.174
jenniferblack@example.com;446.567.5915;fb36923d-c077-0aed-0bd5-4c80e73c168f;210.27.49.149
nicolehaynes@example.org;276-389-4484;d4c4d378-05f1-9618-cbe0-84c5f53ed828;73.88.122.250
rachelstein@example.com;+1-519-535-7284;8f1fd793-8468-c103-7166-9d0ef55f629d;45.137.211.132
mmadden@example.net;697.598.7503;54b483ab-720b-0951-9e50-e05ee91fd322;105.225.142.183
lucasjason@example.net;(456)404-6771x103;e627f9a0-7318-24ad-367a-8d35b790b125;141.132.192.252
cody23@example.com;759.259.9136;776806e1-ba98-4d15-b540-f032d8007736;214.144.171.175
jodiward@example.net;+1-985-600-5684x9471;b9ddae67-9eb5-6ea6-7e93-26fdcbef903b;160.206.119.112
nancy64@example.com;335.456.9650x279;2b7b0f40-93bb-fdc2-df2b-a90284df10e6;202.121.195.39
colemanangela@example.net;(356)557-1617x806;86c21e6a-3338-3705-d01c-9933d6235510;195.255.193.91
brittany03@example.com;(236)810-6030;232290ce-ce5a-68f4-c9bb-7fb0af8a0ddb;99.136.219.74
brandon60@example.org;(831)722-3451;bd838f8e-eb70-2843-5e7d-8d0a6feb0985;152.144.48.120
conleyeileen@example.org;981-904-5337x8592;7da9da94-a6a1-5424-0b25-6dc3a7a624e4;186.73.251.62
colleen60@example.org;557.437.6625;5163f40d-6561-99e1-cc73-0dd5e9abca73;5.162.73.156
patrick65@example.org;357-750-8246x88494;6eeaab5a-2fb7-3bb2-2fdd-ac6983d7912a;169.141.40.153
alicia20@example.org;(580)762-0604x959;a379decb-e6e9-4940-35a7-3293f3c6dadc;135.249.110.130
courtneyortega@example.net;839-890-9564;1e94c4c7-ce55-695b-9256-9814e622f72c;77.24.4.254
bradleydixon@example.net;+1-729-527-3648x2971;f33f4c20-dc65-39e6-6132-c81c5c431e70;218.118.210.220
terrellstephanie@example.com;(213)893-6360x3104;16fbc8d5-94b2-12c8-c7e8-892b1befac6e;196.111.81.99
pjohnson@example.net;+1-828-599-4208;a8059e78-d0b8-9365-1168-ba5a87505a3c;201.24.137.55
vball@example.com;(430)722-7100x37043;a3188490-363e-8b28-6649-1c1aaeeeae94;185.14.22.137
melissa43@example.org;665.747.4650;18f89f86-6095-bca5-e392-7f2a767d0112;20.119.31.214
mistykent@example.org;001-993-358-6040x9247;6b6a3979-adec-0b23-1ace-5d27d820881e;85.2.29.180
millerkevin@example.net;678-390-1966x60995;8b3df9f5-428f-8ce7-3046-d9f64112824a;110.181.173.95
ehill@example.com;001-245-292-8633x37224;6a1c9ef3-16d0-409c-4885-8910d12253cd;71.231.195.205
thomas48@example.com;587.871.6740;2018d584-44bf-4376-6905-7731cb103d18;158.60.9.40
gilbertrebecca@example.net;(749)778-8538x42078;5cdda36f-1725-1f23-d0e0-90bdb7a0908e;138.115.182.117
urivas@example.com;650.375.5586x0393;1d17d102-77b7-7b99-15d7-9b2f649582bf;38.13.67.153
jhunt@example.org;001-850-422-5090x54252;0e3e309c-7538-6032-bdfe-b7fa541a8db9;59.37.114.13
holtsusan@example.org;001-467-408-5824x938;f08238aa-0378-156d-5fb1-09244a779904;139.87.125.34
zacharybradley@example.org;(793)413-0982;b28ddd09-c200-b7e9-724d-6b5465875436;185.139.255.11
kgomez@example.net;(746)912-9862;56dfbcf6-4695-be70-4f1c-ffb9dfec6c43;213.68.113.87
spatel@example.org;9275844239;10ec16bf-820b-4b2e-6943-12c4d3f0f434;201.98.133.190
haleyshah@example.org;223.737.8720x82452;083cc362-384d-b022-2051-a7bc70ce7d5e;75.234.41.34
julie05@example.org;(665)943-8735;a729e04d-3fc0-b1c4-05d9-ed3752714134;204.38.150.246
colealex@example.net;001-289-433-2831;3e173ffc-f17f-1f32-48a0-188707907421;153.163.204.41
johnnorman@example.com;001-218-256-1985x504;6c15f798-1bcb-13aa-2bde-02b42b8d37a5;219.212.253.172
lroberts@example.com;+1-870-399-8744x20557;43561056-9023-70fb-40c1-c4c33a601ce9;175.139.168.253
smallbenjamin@example.org;428.631.9132;a291050f-9c01-6ec5-cffb-02ef07ead794;108.156.225.189
craigshort@example.com;942-855-4446;d024abe0-af0a-b616-5940-a10d93a63f02;212.154.126.96
heather90@example.net;(769)767-8843x96689;a4a4d70c-f391-b253-d20a-2f60fc11c9a8;191.134.249.248
kimberly56@example.com;310-627-5687x933;9090b8e8-8826-d0fc-b97c-3bdf48ecf8fa;134.242.226.130
jessica22@example.org;899-942-7938;64a1d492-30e9-0d78-66e6-068ad2438487;122.37.45.251
cchavez@example.org;294-946-3183;0d8618c6-1e55-0013-a3e7-b6a99b3fcd03;106.217.140.101
douglas60@example.com;343-587-9895;6e6baa1e-89f0-521e-b1a1-85d3540fcf1c;160.231.210.158
fieldsamy@example.net;466-655-4565x09021;f1542ea4-19ca-2844-d1ef-44f507463a9b;1.80.187.142
dominicschaefer@example.com;+1-753-341-9336;ab87bbb5-0031-510f-2999-598a03a3bb79;151.21.154.230
linda02@example.org;+1-248-395-1132;e84a2e5d-fa08-280b-41e8-c60a3e924a90;107.169.97.111
josephbush@example.net;8908733108;30aaea49-2a35-b7d4-fe0b-00cc855013da;210.212.179.100
jwalker@example.org;597.879.7892x42144;12be3109-9a4e-4b41-1f41-2e7b3dcef274;214.201.245.127
galvarado@example.com;321-858-3082x960;97123a96-b219-5967-c135-0251dae521ec;165.28.144.206
richardwagner@example.com;001-782-974-0552x6077;b595aedd-ed58-e309-37a2-1de1c4dc08e6;79.68.91.80
laurasmith@example.com;001-854-900-9382;857558b9-ed1f-feb9-0de2-002fc03a4cc1;193.251.244.155
abooth@example.com;(770)216-6430x912;1c3f9857-3ab4-a1a0-e869-d25ce0187a0d;14.104.21.45
kerrygardner@example.net;+1-288-723-4766x38260;e9a94b93-5464-61f8-1b4b-82acd9e304e3;181.21.37.77
matthewnorman@example.org;378-582-6676x26731;c0952f5b-48dc-5ffc-8917-a4b4d479e65b;83.136.77.217
kim79@example.org;+1-540-741-7102x7076;333fc5d5-25a2-9957-013f-613a04250234;204.135.196.118
christina42@example.com;4267027669;4b4299ed-2759-af94-abc8-3102ae6a2716;181.242.89.222
vsweeney@example.org;452-982-8656x35726;0ebcfbbf-837c-26aa-3a20-f0d80c4fd650;212.198.182.225
anthony42@example.com;+1-892-838-3736x30120;35a63bab-ca6e-d7eb-b017-3451a33a7fba;213.67.151.107
markwagner@example.org;585.575.0756;80eb1b4c-29c2-79e6-82fe-65f5503b6c66;49.165.245.143
ugarcia@example.org;682-329-7256x606;a736dfd3-94fa-9a27-457d-eb6d8422c87f;208.119.55.189
moyerjill@example.net;641.942.0375x4014;f1e4d88a-54fb-dcc8-7896-8ed372adf33d;131.47.181.227
byoung@example.net;785-896-8850x342;00a4561f-1651-41b3-7a06-72c9bdeb967e;163.1.21.246
heatherluna@example.com;954.762.2768;605351c1-f0a3-2cb7-3fe6-6db6a426b5ca;159.165.96.35
brandondixon@example.org;969.644.0855x69347;eceecd13-e376-10b8-b879-ddf9218d3e98;182.155.41.30
oconnelllisa@example.com;+1-590-240-0442x350;16d3a6be-17e6-00cb-96b6-6886947985c1;152.111.0.61
shannon11@example.net;6789444349;901db041-6760-61d2-4597-aedde302af72;99.41.154.27
craigstanley@example.com;+1-660-917-6188x62917;48361d81-cf63-8edc-d51b-0d06fcc5a7b0;195.188.178.16
lynchkelli@example.net;(602)401-5979x044;a72f63d6-5dcd-1e60-72f6-a0aa7bea7fc9;140.150.138.218
nicholasthompson@example.org;784.536.2464x014;58257fc5-0808-9e22-492f-20eedd2a4d1b;194.187.163.130
jasonlucas@example.com;274-529-2585x241;6493167a-85c0-42a4-d161-e4ab1c595fdf;204.11.165.179
jennifer43@example.org;+1-553-803-4488x030;dac0b583-63aa-6495-a694-480ab3a28370;169.61.163.123
wking@example.org;779-204-2728;7e147677-4b8a-83d7-86ba-421bde60b887;202.127.26.61
silvaariel@example.org;740.292.1730x4360;03e3a7e6-b591-a6dd-f440-041477b66146;68.64.13.69
lisaperkins@example.org;373.302.6934x79616;b0d989d2-074c-4bcd-fdda-dd02914b07f8;198.207.108.209
nhanna@example.org;4055688753;ce9446fa-5cf3-b383-7a5e-80f53b808d66;198.172.100.95
halemegan@example.com;909-509-8024x10564;088de75b-486d-f1a0-a871-f47a322ab0ff;179.212.223.188
huffmanregina@example.com;529.776.8682x961;bb303d2d-98b4-40ac-382b-9daad973be3b;19.137.238.141
fosterelizabeth@example.net;001-828-968-3560x3992;26d000ec-534e-fa5d-83ce-c5643f87eb32;211.44.25.105
mindyparker@example.net;815.992.8687;cd017316-2107-fc4b-f171-43a0f6cbb3cc;192.195.132.130
uwilliams@example.org;+1-303-458-5155;4075204d-f6b9-dfd1-2394-42462a530a50;11.16.126.140
ytaylor@example.org;986-854-6740x872;94dfe1d7-580f-e247-cd98-795788ed0485;6.168.168.119
marksthomas@example.com;329-870-9194x796;8b4913a5-042a-3484-8a69-ab2215c97d17;145.31.94.134
christopherwilliams@example.com;(824)745-4048x511;7fe79d3b-6a8a-6535-8231-53a55716c0bf;132.84.77.174
itaylor@example.net;3963978420;75948e77-0abe-0c98-b208-e6402c6daeb5;214.176.4.154
heatherpatel@example.com;403-809-1775x06316;7bd4f3d5-7745-5486-9d2e-b57dad12ad56;203.171.70.250
amandamcdaniel@example.net;518.284.1167;56938c99-3ef4-d6fe-ebcb-58cddc581ccb;210.136.155.72
hernandeztammy@example.com;001-723-367-8310x756;64aa9f56-5331-cd0e-c15f-702b59966432;181.159.239.83
stonejames@example.com;(794)209-8117;405cb1be-d9bc-5d02-cdef-326c15057056;103.230.87.169
kaufmankristine@example.com;001-577-916-4370;6b362711-e0a3-24b2-c744-7f83c842bdd2;99.98.93.140
stonejohn@example.com;(822)782-9384;a103c330-1ecc-ad29-ccc2-fb042e294803;120.22.217.85
keith96@example.net;+1-296-722-5691x276;8a3cee65-fdd1-8c8f-dcaf-fe8e4316b1de;118.97.21.98
alexandermcdonald@example.net;+1-879-690-7103x29270;a101296d-cd85-7826-8ad0-21511c247127;211.138.106.253
matthewnorman@example.org;441.873.2359x109;3a31c8ac-75c0-8f19-58c0-eb869e89ae3d;177.36.95.104
buchanangina@example.net;001-903-301-5911;04b99e0b-1d7a-7eda-1e19-83e96a57f34b;2.223.213.100
nicolascampbell@example.org;933.740.2308x464;1ed0d248-ce76-014e-ae3c-cbe5ecd8fdb0;182.17.182.66
chad81@example.com;718-582-1820;f1855e06-80fd-952e-a49d-56378cf354ff;210.119.184.232
charles07@example.net;6769129793;a19d9e7d-87b8-28b4-cd2f-90fe49f8d2d7;164.61.33.158
brian83@example.net;220-573-3706x14443;987f96b2-2d66-c136-7093-1de05878b727;220.25.205.218
hmoran@example.net;001-373-881-4120x05547;4f15f718-64ae-c39d-0b58-71707a92c9d5;160.200.71.38
jonathan39@example.net;3632988358;c9785298-6160-2ddc-e5d5-82ad63bb50e0;199.30.19.141
rbrooks@example.net;001-222-558-3034x8035;3f13eb01-fb8e-de0d-aaed-263533bb6600;204.152.85.71
lovekathy@example.net;530-330-3732;905058c5-aa90-0e8f-6b72-cb5e0ba4cf7d;150.225.12.193
tanner72@example.net;432.453.6025x298;e1c29e92-a61c-d3ff-81c7-9391632683cf;138.51.48.26
judith53@example.com;646-380-0734x9740;a151d73d-e8a4-c2c7-c713-360cb84c2607;210.41.183.247
spencermichael@example.net;001-900-312-7906x905;5d7f3f58-8877-8498-f1c4-fa888d4b20fc;134.193.50.68
pagekelly@example.org;2653253208;a6be4260-7162-a0fc-decd-3d16de929dba;4.9.143.210
angela56@example.com;(579)269-1381x42002;f529b6a1-a3cd-4dcd-6f14-bfe9754ef24a;131.36.215.0
hickmansarah@example.org;755.663.1602;01f544e3-6b29-6c79-7bcf-057c7bab02ef;146.19.120.75
alyssapark@example.com;251.256.8850;d47116bd-1e3d-c419-0f26-eb1521080094;160.78.65.82
michael04@example.com;5852560626;8bbbeaa8-baa8-1ffa-28d4-8ace5458933f;217.154.72.109
darinsingh@example.org;001-577-627-1966x06605;6b85026a-5bc2-2143-7c5e-6e17941ef52d;149.35.118.46
adamsjonathan@example.org;+1-483-438-3798x856;80792f78-de48-2b26-0f8b-ead38c8ba961;177.128.20.119
jamesnavarro@example.org;+1-504-578-0570x390;ceb7d5a2-bff6-a3a2-13d4-7234ff562b79;155.69.134.125
lisarowe@example.com;001-397-564-1888x69472;07f81de2-c9c9-305f-c1c1-387b0da2e71d;155.141.173.25
robinsonanne@example.org;467-659-5542;bdf05c0b-a0c6-1136-59c2-224109570fda;125.208.214.42
tmoore@example.net;+1-357-279-5910x559;f9472a50-0421-92f9-f927-55a9a8771aaa;220.237.163.73
williamselizabeth@example.org;001-283-664-9383x370;2200e087-58c2-7d6b-2562-055d26694feb;206.232.190.140
alyssa23@example.com;8079721851;28a068f8-b9e4-d121-7792-18746cf89e2a;211.98.170.192
amurillo@example.net;001-818-780-5408;f1b14753-02d6-1ed3-e7d0-da723163e869;218.153.3.84
yatesangela@example.net;(546)552-3192x26925;f208c120-ee3f-06f7-d385-055ab77409f2;123.95.82.106
thompsonchristian@example.com;575.920.2503x4534;a894c6c7-18ee-924b-659a-e86b57d764b4;223.104.131.95
fwright@example.com;001-384-844-3222x82073;16bd1af7-b4ba-5e7e-5216-0b7111e68ae9;218.119.213.254
cassandrahernandez@example.com;923.413.1694x04472;0037b500-d8f3-71ea-a9c2-4812ca5fe72c;214.106.172.236
kimberlyporter@example.com;+1-273-918-7895x3104;7a08e478-c854-5c65-57a1-b3e76a62490a;216.88.157.117
jamespatel@example.com;999.261.6658x04938;0cd3693d-3d1d-592b-65db-223ade8a1bd1;204.221.43.68
wallacemichelle@example.com;713.994.5912;c7119c49-563f-7ba3-55eb-a3f3fdf9b3ff;108.16.247.163
christineramirez@example.net;+1-512-653-7493x143;867473df-4334-1dda-d375-14b32d12554d;182.71.182.125
flemingbeth@example.org;+1-928-870-7267;46799f16-b3c3-74c9-db9c-872a450fe6d3;157.193.49.115
rubioana@example.org;001-615-638-2596x849;f95ee4b2-28f8-cc52-53b0-2822eb2b11d8;200.127.107.8
colonmichelle@example.net;(247)365-2580;0986b64d-a2a9-dae0-4617-e61ab8ebb17b;217.90.227.117
jamesryan@example.org;7575260955;061d842e-5741-25bf-9810-6af900e6e842;199.90.211.188
amanda33@example.net;812-681-8711x167;75f35ac3-2580-ce00-4e1b-d6257ea83848;38.63.207.76
perezmegan@example.org;+1-619-873-7358x558;8d4c0a30-ae75-0456-eea5-36313f6145c6;180.92.106.136
danielwilson@example.net;+1-228-933-6684x881;3b1d23fb-2993-f3b1-0da1-d6274cddbd7b;194.4.10.153
angela08@example.net;896-526-1181;e77d0913-851d-2705-fdea-42a3a2c24b0f;145.139.240.241
diamond29@example.com;(901)896-3350;b8c7481a-0c50-58bd-e4b2-07e4263fe4fd;130.60.233.244
nanderson@example.org;9848595181;5b4b215d-5895-437b-0599-69fcad11a952;203.7.103.84
amykoch@example.com;841-779-5840x5895;d463eba4-b4da-9396-23dd-1e964eaa4a3f;3.204.76.165
carterkiara@example.com;001-233-913-5363;66d1a549-5265-3e8d-97d8-1d981dd0236b;197.200.192.153
ellistodd@example.com;757-836-4240;5e6c42b9-fa63-d4ee-aa9a-413eb33138d3;11.187.182.232
leahlee@example.org;(764)787-1126;972602f9-2122-056c-7d65-665fbdba82f2;143.98.166.121
keith50@example.org;(971)274-6727;18827a47-a658-d85c-f1ed-bd4519e93e46;35.216.105.65
bmays@example.net;+1-585-789-1578x79669;e218be38-0fcc-21e3-442f-73c2edd47167;112.92.17.99
emily64@example.org;881-357-2098;b72a566c-959f-aa88-ace0-692240e9af0e;208.171.243.203
maureenberry@example.org;445-775-7257;8ba102d6-f02b-f0c7-e344-34b202d68760;59.11.33.114
davisjeremy@example.org;(391)386-4750x98554;79280184-2873-f1c7-8793-ab83b017531d;125.145.21.135
noblekayla@example.org;8723853565;d9893e46-9660-42ba-fdfe-86af02fe71f7;211.211.64.21
david83@example.com;+1-544-820-7651;80bd35e0-99af-e27a-56ca-73a3474a3b8b;147.186.183.3
edward34@example.com;(665)233-4900x53439;9100c505-7414-92d6-3f4c-2932ddbdf502;128.88.164.81
qmcneil@example.org;001-324-652-7153;106ef911-8cc9-a133-ae9a-4e8cd9f2276a;159.77.135.46
wmiddleton@example.net;751-607-6637;c5042810-eea7-e008-26a0-d829c8aceacc;33.252.78.77
jamesrose@example.com;766.564.8643x9064;7c1c5340-91e3-fade-1d09-599c86f2e75f;83.37.217.40
williamjordan@example.org;935.748.2490;aa222b81-8534-eb86-33d3-05be799959c6;97.202.7.103
donaldholt@example.com;(707)435-3076x065;29bcbb50-1329-d577-2274-74697fd52e25;192.112.65.229
ryan54@example.org;(538)641-5519;78b3ec3d-753b-a0f8-fe9c-bdc28a0fe15f;113.107.190.168
nathanallison@example.org;(309)474-9146x58515;4b2f7d86-31bc-8e33-5fd8-427b8c137b31;133.64.63.65
rschneider@example.org;+1-330-773-5311x805;5d87ff87-7971-f16f-4bc1-77c7463c4f48;7.225.63.236
denisevang@example.com;+1-621-886-9210x620;e5bafdbe-2c13-4d96-e140-5f774a241bfb;130.205.124.130
jamiehubbard@example.org;001-386-821-5520;bab34285-d7cc-486e-c7f2-53a17fb6c6bb;163.240.40.239
rachelbell@example.org;(573)521-9737x488;43bfcebc-376d-a169-0415-5a5ca1107392;206.130.245.25
amber60@example.net;944-454-7528;5938204b-c3a2-8f02-af69-3259fba4e075;207.11.80.56
johnny91@example.org;698-539-7112x1227;e24430a2-1500-e799-467f-8a39c0195779;122.212.0.121
leelarry@example.com;+1-354-857-8936;afa5e4a4-2352-d275-1165-e66f5afaf222;217.226.4.248
benjamin35@example.com;221-289-4671x344;31a8a9a7-0fd2-235e-877a-1b404a40f68a;213.164.167.35
goldenbrittany@example.com;391.597.3464x796;168be3d7-0c20-681e-b121-7f60bcf5b250;8.251.134.68
mhanson@example.com;+1-671-392-6859;9879dff5-ba5e-e055-754c-b2104184ff15;62.106.113.52
larry06@example.org;751-826-9345;11a96841-027b-c8b0-655a-15e576c9d03d;220.120.22.58
vpham@example.com;773-730-2513;18a7d0a5-6c27-5557-4812-7d48a0fa6315;50.179.96.193
angela09@example.net;001-231-793-9661x641;94746f32-d49a-144f-e43d-86ee2bd58feb;25.198.143.249
xbowman@example.com;(306)451-6098;35e7ad13-eb5e-52ba-1bbb-2a3b62ff7352;74.104.9.250
sabrina75@example.org;(879)515-3734x7939;047e3777-89bd-c02b-f5cf-14c2e41a2982;222.226.76.219
jeffrey02@example.com;297-219-4479;d1083854-4266-3888-f247-6b5c2f2689d3;141.68.5.205
jennifer04@example.net;616.686.4054;a052d2fa-ed4a-109c-0917-3bb49f4ee558;201.231.54.223
wklein@example.com;8474867753;d5ab20b2-f330-4675-a632-d2315454f03b;143.94.74.239
wendy08@example.com;+1-223-249-6591x90407;d0c93efa-1960-99c3-13d8-af956b95e495;15.205.248.178
rachaeljenkins@example.org;680.952.3050x16385;2eb201a7-5cbe-5a9f-5e87-3bbe75c20156;15.165.6.207
ricardo38@example.com;521.961.5710;9f50aab6-ba85-83f9-3e8b-523d7cb916b2;213.86.109.61
schmidtjustin@example.net;641.993.9353x84060;b9dcd4b0-a732-cd64-07f7-b714635a1fe2;167.52.27.180
john45@example.org;001-553-212-8395x1401;c1606492-3582-9d34-0de3-8c1c4dcfb0b2;15.99.228.238
anita43@example.org;+1-947-801-5050;bcf307ec-2745-eeb7-d49c-714cf5b7f680;198.57.51.74
codyfleming@example.net;910-949-8006;5662b2e7-6fc1-6956-884c-7f7bd8f2aca6;19.41.127.136
harrisonnicholas@example.org;001-310-341-7570x6487;5c3e8ab4-6fe4-6115-d8a6-a818f1c447bb;201.98.28.254
sergio61@example.com;402.485.1748;e1b695f2-9186-5d8e-527d-403700c9ecda;213.201.147.212
ashley95@example.org;+1-415-252-6354x7575;ce6b984d-7cb6-d1dd-2bb8-57912ec24d9c;213.118.250.176
amber70@example.com;(448)979-0541;9b4b291c-30ba-95d5-2ea0-9b807464d409;214.225.152.1
phillipsjoseph@example.net;2013487678;a5f4004a-0959-f76a-e161-586568d65a03;172.162.120.111
kevin51@example.org;353-723-5387x1327;e096020f-52e4-ca71-4fab-daa57d895167;216.238.217.159
deanna17@example.org;(361)444-7012x601;00bd5128-15fb-d97f-b9a7-0d0a118c8872;204.222.153.85
samuelhoward@example.org;+1-206-827-8402x465;692086e6-3f9d-bad7-9542-e1f35bf870a4;210.71.109.3
joneschristopher@example.net;(485)887-0584;9dc11a13-d6dc-be51-0ab4-22065de2bb0f;111.200.129.64
schen@example.net;369-286-9416;a1f45b70-9477-45f5-2abe-05acf731ea67;211.240.136.184
kromero@example.net;683-991-8224;6bbb52ac-5ffc-2615-41f6-302a7e93f09b;216.8.25.149
buckleysarah@example.com;(329)891-0622;c5928af8-38ea-1d93-b6ff-6827fae76c7f;130.116.64.180
xdouglas@example.net;(551)669-5195x2009;53307edb-6155-cddb-18b1-d792611559f9;165.36.233.7
oliverdennis@example.org;202-466-4970;4b77f612-0ddb-5d2d-c836-857db00fb8bd;158.242.202.105
reedjack@example.com;(284)211-5358x00076;973f2f6f-f44d-1b19-3d37-a9fcd004b8b2;67.233.103.39
chelseamoore@example.com;+1-532-982-6030x035;c5f74634-d878-0a4c-99b9-efbf48c16874;194.28.160.220
gfuentes@example.com;+1-599-946-2706;3950ff7e-bd9f-773f-816f-82f5f7500b7f;27.93.101.28
scott14@example.org;6077784526;4b07fcfb-5c06-ed62-83d7-d7c879d96034;182.254.72.26
tim54@example.net;555-965-2530x8560;4110d719-3bc7-8f95-db78-ce306165d03c;187.62.15.122
matthewwilliams@example.org;+1-631-410-4730x32434;f410b12a-4278-5b96-79c3-9797bf1dc0c6;75.34.39.224
usanchez@example.org;777-702-9199x92491;ca472643-29b1-c505-d9d4-13ed3722764e;129.121.66.202
arnoldbrian@example.com;(232)235-0773x589;0c7b8175-a006-8846-5b29-2af67ba50e97;207.161.150.2
gina43@example.com;828-777-3891x70610;9d7e1df0-f500-3afd-d505-98fb97cd1da1;202.19.67.135
heather19@example.com;(914)894-7261x615;2b991ab6-8c36-f68e-ede3-9465128ce0da;108.81.43.202
krausejay@example.com;(882)519-5745x05097;8ee9e74e-aa8a-e417-8997-907aea1d2ed2;206.17.81.54
ebrown@example.org;680-984-0141;06ce602b-7b05-9f36-7573-7baccd698a8a;211.35.206.58
riveraanthony@example.com;(785)635-6487;639f1cc2-58f1-d192-60ed-f2d92b478d0a;213.250.149.105
barrettfrederick@example.net;402.884.5876x4754;0cf95455-778d-97db-90ad-a60f3be45efc;208.117.127.213
kmurphy@example.net;446-835-4093x27872;0e0358a1-6f7d-a55e-f13e-df918623b7cc;162.76.160.11
jamesanderson@example.org;321-551-8391x19708;825b0a40-5f66-99aa-2e5a-565324e68f10;208.34.66.104
smithstephanie@example.org;+1-850-425-1216x26165;14b9fe71-097f-5911-2e78-02e0735db2dc;196.78.4.6
yfernandez@example.net;+1-268-556-9805x118;204e49e6-9088-eb58-5882-a3fc423b3981;199.9.147.222
hdaniel@example.com;795-242-8108x515;e6eb0453-404f-b402-f5d4-8fd8d462d11b;136.136.22.235
iblake@example.org;606-368-1198x46312;bc8156f4-9ce6-1b8b-becc-a4568bf145f1;98.149.125.177
petersoncynthia@example.com;383.963.0454;3fa11ea6-2404-535d-6877-7443b2ce3518;6.212.141.20
melinda93@example.org;001-347-782-1405x6651;5948fbe0-c70f-821c-c9ca-82a71aa137b1;219.167.84.248
hernandezcindy@example.org;399.406.0787x4757;9ab89cf2-5c07-dc0c-710e-dda083923d79;109.129.180.179
peter82@example.org;3662527506;ce9f031d-9833-b05c-8a6f-189b4c7a3a43;197.122.148.235
benjamin30@example.net;562-358-5533x585;88582a20-f54c-2982-b074-9f60fb249c45;129.105.26.32
jefferypeters@example.com;8196307817;61cb6b83-e1ca-dc84-86bb-6f9e2d4bb4ae;5.182.248.1
nicole48@example.org;231-415-4957x46174;3231c95d-a5c1-da76-43d7-b3593dbf5f4c;104.152.71.77
rogersstephen@example.net;923-653-2041x640;c9c27de1-6809-564c-da4a-b433282eab5a;188.234.131.182
katelyn28@example.com;692-272-8652;4ff82c0b-09da-7a1e-e1b6-b1d5b5657dfc;11.175.195.138
tcain@example.com;+1-701-552-7462x510;e80f8fb8-8bac-c1e9-5879-d5cd47233702;97.96.7.66
joneskatrina@example.org;001-694-499-7611x74385;d8aff3db-0106-e8bd-b491-3760bfe89bbb;91.109.19.81
rachael14@example.com;001-694-665-7416;6f354e10-be73-ff94-39fb-30fa78bccce1;82.121.242.245
danielsaimee@example.com;253.310.8058;10c08f71-06ad-915e-f499-2feb44876653;180.111.200.146
jonathandominguez@example.net;001-218-553-8281x228;db09f4ea-ff92-4156-96b8-941047b47dfd;90.246.14.103
sherry55@example.com;(508)518-8980;51fe43f3-6bfe-0521-99ce-18212c965005;156.115.211.206
cartererin@example.net;477.644.7176x272;ef373101-8b38-3559-9b33-a8f004d28451;214.25.44.104
william83@example.net;393.439.3650x262;a1b35277-4b3b-01f0-7ee0-c8e0f81c673c;172.194.234.160
patriciabarton@example.net;802.885.6786x85815;fde95652-24c5-5805-1037-139e3aca2a1b;203.195.172.82
scottcurtis@example.org;001-938-386-3065x80523;2914560f-ba48-3c7d-0cb5-5ecccf08b26a;166.56.177.183
heatherpatterson@example.net;+1-954-886-7405x5154;ee9f90a4-2cee-22da-0740-4aa52eea9b45;126.58.116.138
ugeorge@example.com;+1-432-464-8118;cb0e02c5-2ee6-4899-1bb5-4219e2053158;126.70.182.176
cynthia29@example.com;(394)805-7954x647;8f391af3-8350-6123-cde9-e99459755e1b;218.227.137.249
josephgilbert@example.net;676-249-9681x8187;49e4853b-2591-6b00-f120-13645ff382ed;169.213.198.54
adamsaaron@example.net;(929)541-5555;34114d33-3915-44a8-044c-5441cffd9774;201.117.115.119
courtney58@example.org;001-992-454-5145x9820;26fc8d5b-213f-8252-97e6-b075fbcca1c9;35.110.192.115
townsendemily@example.com;001-778-820-0882;de344464-74a8-079b-9ac3-bb07e4cec59d;131.246.183.218
pittscarolyn@example.net;+1-225-805-1626;f1eb73b0-e240-6e5c-7ead-c81720100268;221.100.86.246
thompsonjenna@example.org;899.706.3264x22894;5bfb260a-2eff-cdff-b8d8-ebb7c7eb4321;193.147.12.203
cgonzales@example.org;(620)565-4688;8b35f476-1a60-c995-f3cf-d1332bfa7890;164.234.169.4
charles16@example.com;+1-556-924-8261;c812f89d-a783-0908-8c79-04ff82b91e59;4.126.197.1
julie77@example.net;+1-461-747-7390;e9515a36-6bf9-ea69-2d24-7d58847d6ece;221.233.168.114
nmontgomery@example.com;829.552.7300x25193;a8ddfcbb-ec9e-f156-1d81-9292167aea56;145.251.148.220
vanessajohns@example.net;(477)691-6159x653;07b7c695-775d-a6f2-3c1d-23b24e0709e5;219.183.250.75
natashaschroeder@example.net;+1-444-771-2060x56883;a97fee9b-87b9-ed47-c83d-c945215de1c4;199.133.162.50
baileykimberly@example.com;001-644-904-6264x557;cd9221eb-e9e8-dd60-cc28-108e89cdfab0;199.35.162.110
clyons@example.org;(609)699-9047;d751d670-02ed-f11e-19d1-94dcba3c881e;214.29.90.71
brookepeterson@example.com;(479)891-6719x40600;99f247c1-2875-4fc2-0cd2-8d6f6b5edb4d;212.216.142.134
michael37@example.net;747-582-9824x7940;ed828ad7-6a37-e10a-4eb6-cc0cf9f7a610;48.139.235.33
crystalsmith@example.com;559-608-0004;2bda3ed3-bd9d-e772-fd74-ae16b97420ac;20.103.177.102
jwyatt@example.net;+1-454-493-1504x9897;6f164dd9-9cc3-c04f-745b-883ab7cf539d;221.249.119.1
tommywilson@example.com;6285426795;91976129-d0dd-673a-00fc-2195375d5c27;221.173.209.141
flynnangela@example.org;2217854495;7701f5a5-34ae-713d-eca3-c3b062fb50ed;204.81.100.97
osbornedanny@example.com;906.876.8771x5715;4c85471f-c60a-dcb9-d400-db714b47ace2;117.7.99.94
robert85@example.net;817-399-3789;3e0273cb-4938-0e33-221a-545c4a95ed6e;198.78.85.133
patrick83@example.org;684.609.6843;cc82853d-f055-843d-36db-f3ec99fc094d;207.107.124.140
susan13@example.com;345.372.0050;b631aaa9-db55-2b30-b2b6-2a24899fcce7;220.119.37.165
michaelfreeman@example.org;719-570-7394x8426;17661456-83b2-9c3b-c51a-fba7934365fe;174.112.33.141
lindsay17@example.org;617-842-7450;6d9e65d1-b2c9-d4c8-fef0-00b9621f0155;117.124.142.247
westjustin@example.net;(946)693-8577x2526;102e8075-0f02-94ac-fa12-710683e2bfab;218.169.169.172
jamesmclean@example.com;322.422.6806;f5ab1adf-f6ce-fb31-1b78-b04bb505217c;12.141.239.253
kimberly19@example.com;5529943834;8e4395bc-0b42-9345-6a81-20f86ca3826b;205.61.183.38
diamond29@example.com;+1-576-629-4265;4b30eeaf-3f43-1a77-e91b-6f9c88240263;209.231.172.44
claudia71@example.com;820-221-6762;e4f2f871-fb0d-f347-c536-6cee804cd134;187.122.140.199
johnespinoza@example.net;428.934.1535x0988;8d30739a-c047-55be-696a-449d86226e24;21.253.89.68
millerivan@example.net;001-853-860-8197x804;32f512a5-4128-ba48-2ced-01c961356581;171.91.221.218
jeffrey86@example.com;+1-686-236-7962x1174;2b95d257-3cf5-9dfe-a10b-cc8ae492d695;184.145.57.88
ewalker@example.com;001-423-811-6424;d440b2f3-386f-3493-3a75-65bb535ec42e;162.217.167.106
edward10@example.net;(430)312-8900x0279;58ba24df-9c2d-69d4-8695-0293799a0ace;136.176.227.153
david02@example.com;001-484-391-3166x240;15029583-8061-432b-68e8-8f2f41ad7bdd;195.114.11.109
louisarnold@example.com;(286)854-8863x728;83f07687-a595-0415-c2d5-17ee08c6e6bc;6.226.16.133
smithalexandra@example.net;6536571962;385b970b-df31-0c6d-4ada-535d62643dfb;5.116.175.27
sarahhouse@example.com;(628)300-1159x31067;58b01235-c95c-073b-5163-fe4f60307b1c;170.41.26.12
ysanders@example.com;001-858-881-0090x374;08a57c4a-51c2-cd30-5e38-d0ee1caa5f5d;219.163.136.174
craigjohnson@example.org;+1-220-473-1842x6132;aa9bf7fb-b97f-9454-3abe-292a72431468;135.40.181.173
nwiggins@example.com;768.840.5426x8345;dc5d93c7-7896-ee7a-2fa8-ed4b7f816f41;179.227.166.57
matthew22@example.com;001-362-683-0206x83329;05a9a7f3-64c8-c498-1f63-67f433fb4a53;160.64.58.235
hendersondaniel@example.org;419-586-8603;06d92fdd-3c32-607c-391d-7086f0b32c04;207.41.9.14
christopher27@example.org;647-603-1009x18858;072b1624-3d25-4527-4672-e0b95b8bab1d;136.6.55.142
millersue@example.com;970.915.8026;25c5d51d-0564-a713-654c-6a01a5464b40;28.129.113.42
gabriellamacias@example.org;917.436.6423x549;241e1b8b-0cd0-7fa9-109d-87f35c82e353;195.173.180.178
joseph71@example.com;949.869.3160x6803;e0f28871-1f94-0f39-fed9-e62f2d359db3;147.142.86.182
brownjohn@example.org;(376)544-4704;c203f9fd-3a0c-cc49-ceb2-92fc2b3908bf;196.253.128.160
pearsonchristopher@example.com;+1-956-815-0282x88010;7ff15c87-43a0-689b-4bee-e7f8ca877cd8;113.157.228.82
greenetimothy@example.org;539.696.3768;000dd224-4e2e-3def-7d14-0ad7034d416c;9.128.171.11
crawfordjessica@example.net;8355274103;2c34dc31-268c-151a-a373-b4b49ecb7ff3;23.150.246.37
jessica42@example.org;375-469-4720x94457;415ff71d-929f-099b-86cc-9474e2f49c20;146.12.14.165
guzmanrobert@example.net;258-428-1302;60ad064b-6a76-46c9-277b-d21688fc31da;121.176.92.240
ukrause@example.net;406-487-3645x688;a70620fd-0749-bca3-16a2-fecd2f4625cc;212.71.117.178
angelaschneider@example.org;776.274.3810;02d75f46-fbbe-47db-07fd-c15d13c10406;208.195.5.207
christopher71@example.org;798.294.4735x54994;9b8dfd65-5d2a-f1aa-1760-b042962b901f;76.19.25.46
uwright@example.net;+1-837-815-0420;2935df8c-aa8e-d8ff-08af-c63c8b64e19d;208.39.134.188
robert69@example.org;410-897-5577x966;b3af4f0f-ad66-c558-0219-67686ecbb0c0;169.212.63.6
dylan99@example.net;315.989.0474x1029;9d6bedf7-35f7-8f59-c70e-4382e686a37e;161.131.227.8
sara08@example.com;(509)646-0764;675c0b72-5f89-35ad-e743-83ad44614cef;191.107.68.71
drios@example.org;(313)684-3300;d90af7b0-bc6b-f2fe-2bbb-8798cf82b9aa;209.199.209.41
sabrinacarter@example.net;647.814.6890;61735073-0afc-1652-cb34-e70b469f281e;196.128.139.21
rossangela@example.org;5107185389;c051c7d7-729e-94cb-225d-e3e245e512fb;14.8.167.145
nbowman@example.org;+1-822-539-1448x921;d8d71d9b-449e-596e-ce28-ab1a87fb27e1;206.162.22.190
aguirrejesse@example.com;(806)797-9077x3950;3c3f80c7-3c8b-9da1-3df4-2bbb4773d79a;140.102.95.21
keith84@example.com;263.766.7773x40544;880a33f8-23fb-836b-b918-0c4869e763bc;135.174.175.48
usanchez@example.org;+1-801-705-4691x88883;ca472643-29b1-c505-d9d4-13ed3722764e;202.60.54.107
thomaschristopher@example.com;(436)423-3216x58697;40df8af2-564e-893f-e9b5-480997259ba9;63.163.65.200
ymartinez@example.com;486.219.8839;cd458692-c78b-1071-d18d-45d8fb07178b;105.235.143.182
daniel23@example.com;880-565-6891x876;5114e8cc-66f2-4d7b-516f-789e765b715e;216.218.94.111
tpierce@example.org;+1-467-939-5195x5928;50ed956c-ef9d-b6ae-9507-8084ca52b657;28.134.163.215
brianswanson@example.net;001-367-265-7590x3283;2b98f683-9f11-a898-59ae-9c377a98241f;223.112.197.187
amandalane@example.net;9045186959;eccba3b3-9e9f-72a6-ab43-43dd59bfaf99;191.41.126.203
snydercory@example.net;001-743-983-7558x8605;1441a58f-192c-6ff7-a1e1-7c69dfa41196;131.44.126.165
blackashley@example.net;(825)900-9735;9e84acf9-dc9e-31f1-18a3-ecc1dbb23c80;206.202.9.61
robert28@example.net;500.269.9450x854;03a8e18e-3945-fade-647d-5201b37e6803;107.132.225.216
williamsandres@example.net;+1-594-961-6429x651;38837f1a-8f08-64a2-de17-09cab79f0409;204.124.64.156
natalie66@example.org;(352)837-8444;9c836cd0-f31e-a372-993a-db7b6316c229;195.114.11.109
mark69@example.com;619-898-9542x9240;e75218b6-7aa5-5f86-cf54-8504bd2183a5;219.152.90.139
marychaney@example.org;(315)628-2472;aa14680c-95f8-1726-d264-d08c1516b90b;69.115.146.238
kphillips@example.com;(838)309-4911x51062;2b053f25-a355-2269-3800-9f7869ad82f0;183.3.145.90
seankemp@example.org;+1-902-343-4302x27413;015b43da-dd5f-7c07-4070-370134d71441;212.139.125.87
stonejohn@example.com;836.840.9060;e08e4e04-25db-6d88-9751-cd6f40ab4031;167.65.50.184
michaelbell@example.net;613.834.4008x2667;acb41a65-15d3-6d36-d8f2-70c48e98ea35;190.103.146.151
laura83@example.org;5247706142;201b8614-0ab1-3a1a-c334-2116048dd69f;1.219.162.5
stanleywilliam@example.org;+1-357-554-2718x1646;216b1e6d-531e-95d8-bbbf-35b0cbc432b6;217.200.147.79
ccruz@example.org;439-973-2054x029;b721c789-c82a-5661-f002-817d26cc8499;203.71.164.108
jeffreyjefferson@example.net;001-741-829-4501x6780;22b37b03-0886-4f93-7536-67682f405746;217.233.247.92
ramirezcheryl@example.org;001-237-717-9557x2001;45c86e6e-eead-f199-fd3a-054f7a7e501e;193.165.207.203
brittany39@example.org;788-424-9802x79231;d7860d1b-23be-1c85-b116-2f6e8a95f784;85.53.172.158
mooreryan@example.net;790.249.6359x076;87bcdd32-aba4-c1ad-5ac3-6837c81c2a3d;5.234.255.101
hammondzachary@example.com;+1-241-385-2083x823;899af0da-4bff-456d-c014-49248b5c75f4;217.85.122.25
sheilajohnson@example.org;260-307-5127x0687;8e7bab81-b2e8-adb5-97f5-cf3012cc5ad0;120.168.174.70
john98@example.com;980-912-2494x994;3ce5a62d-d33c-5b3c-6c74-9ebb85699222;40.182.254.254
amanda08@example.net;(941)339-4359;b8305c69-5991-35d6-03ee-c03fe5c25107;185.248.89.105
jmarshall@example.org;(574)499-2689x170;ca22e1a7-ca0a-7e3a-7ab0-6cfa21e78b57;184.108.153.10
erica96@example.net;7734804498;2d9e9890-79fa-6aa8-729b-c6b8cc587023;216.248.233.74
jessica19@example.org;001-955-808-7891x0942;0b5914e4-c4cc-d25d-69fc-4576e8a2b099;177.99.145.73
robinsonstephanie@example.org;4537899515;5335c7dc-094a-4bbc-8269-f0e2404162b8;168.195.163.123
julie17@example.net;+1-439-724-2733;4f5f43be-31b5-7e65-7faf-3c55d8188ff3;39.70.148.181
jeremy36@example.net;+1-859-215-5508;4aa5dcfc-d391-dbd0-58de-d2be9235da40;23.58.93.92
herrerajacob@example.net;751-253-4497x45331;26065d7a-125b-682e-3351-2f8da523b5e8;161.116.91.68
figueroadebra@example.org;+1-810-653-8870;e4932f10-8152-e64b-8b32-4aa7fa565f35;42.80.163.217
kduncan@example.com;001-346-612-2794x0588;523529d3-0566-792a-74b3-91cb723191cc;119.56.165.213
jamie31@example.com;001-336-534-4791x276;37dc38f8-0328-763b-8ea0-d3a3e5505065;166.185.55.171
lwest@example.com;635-554-8783x4361;9f18bb8a-55f4-64ac-8780-6fb24db42b94;111.69.129.134
sarahthompson@example.net;401.339.7479x55790;879348ef-5487-67d1-9736-daacd71a59f3;141.181.209.238
donald42@example.net;+1-932-409-4652x737;0455a43a-1f91-d474-458e-8f8861d3e9c7;45.214.185.15
keyjames@example.org;660.236.0149x22072;3e0b40d5-99bb-f320-4522-4344eb499a54;218.76.254.26
kevinross@example.com;+1-859-215-5508;4aa5dcfc-d391-dbd0-58de-d2be9235da40;23.58.93.92
jesse07@example.net;+1-753-340-1758x2467;891060cb-a34c-0731-5238-5f0786d8b7a1;47.181.120.136
eho@example.com;(827)256-7721;046bbaf6-5b65-a5d9-66e2-a7e2447dcd93;204.242.231.12
harry48@example.org;372-559-0626;55cabbcd-62dd-7d89-a832-f863c719ff93;34.243.38.192
ntorres@example.org;(481)813-6721x991;f39e83ae-272b-75de-b866-2528be977371;80.137.125.5
allison54@example.com;(248)980-4827x9424;43e98d9a-62c8-c471-6b32-2c1ef3ebb6bc;191.41.126.203
justin32@example.com;942-400-2538x3162;12b2b3e8-e926-c717-631a-122d25900819;3.227.239.83
brownadam@example.net;617.501.0795x9700;8e3cfb15-83fc-de82-50be-0d4e0cc27579;29.126.46.207
tabitha99@example.com;+1-825-304-7889x81154;02dc2f3a-5fd3-9063-5ce4-26e4d8a2c3e6;150.254.127.233
shannon70@example.com;929.252.1068;a7f4e619-745b-b8b5-5b44-6a663aedbd9c;207.45.67.253
holmessean@example.com;697.544.2567x5230;47d816c0-0fac-59a3-31e7-03e5a007dbe5;158.209.182.208
phillipsbrianna@example.com;723-346-1772x9245;5644cd8d-31eb-9889-4280-3288e918da9c;193.61.37.51
bridgesmichael@example.com;753-952-6871x9278;5aef8acd-3de2-3d8b-64ca-0c283e52fa13;216.20.9.38
reyesjoshua@example.com;727.853.3071;21ad7347-ddf5-38af-ea1b-56261a4a5a1b;214.145.4.77
howellscott@example.net;(916)749-2036x99799;c2b2c976-7762-c3ae-b5f1-960987a3249b;219.131.242.37
elizabethbishop@example.org;428.337.0499x18603;46e4f6b9-dc7a-36a7-9e72-2cd16729f552;99.47.173.234
kyleolson@example.org;(928)923-4393;c066462e-ccd0-e2c4-11a6-af7f698e940b;145.247.193.14
nicholspamela@example.net;001-408-840-4438x6853;a59260e5-2564-4a60-76bc-4c9fb4607d00;119.12.251.214
emmalloyd@example.com;001-254-582-5182;7b362fad-94f5-0e46-a05d-eff17a9d3181;178.200.67.34
kendradavis@example.com;326-854-4930;f075f268-ce4a-4579-4ec9-92b56cdcdce2;196.112.91.88
jeffery49@example.net;001-585-755-1759x949;ee799d82-1aff-e658-ad43-d9e4733875cf;25.86.47.23
hillsusan@example.com;001-944-543-2138x96360;1a6adf99-d1ef-37f8-252f-d64873586da2;48.17.77.183
vharris@example.org;994-560-0432x80242;fde7d739-fb7b-5a76-ce97-8c0c8e720ffe;151.136.68.3
nelsonmichael@example.com;329.209.1362;b1d4cf79-22ee-4ec0-fa58-45670696f415;121.22.189.29
jcrosby@example.org;659.647.6982x871;acff0f25-d676-e820-773a-1996dd23fcd0;214.35.205.91
smithnicholas@example.net;+1-500-411-8498x538;91062297-ae53-2e05-1d2a-b481aabbb5df;63.81.188.144
vincentmartin@example.org;001-202-757-5926x44507;0d7199b5-ae6a-fe5c-a937-f26c4b701c3d;133.248.116.1
phillipsashley@example.org;851-822-2765x060;e04f4b46-245e-27b3-eada-95fe059ad301;194.226.53.152
scott16@example.org;001-638-580-2851x2816;7cb2662b-fce8-3756-7c93-cffc72996a51;197.51.44.15
emmapoole@example.com;496-852-0253x53420;e26e4773-08a4-2c6d-528a-a77e916d97a0;170.191.63.125
michaelgarcia@example.com;313.795.3258;78a8b062-58a2-4df8-6a59-8adaa34b6565;116.195.129.29
ashley69@example.com;555.285.8954;6441bfee-798d-02d6-e467-7dc25e4a4f37;59.2.67.59
barbararichmond@example.com;9867634305;578c6e71-750b-5c49-54d5-41d27c3d5687;53.65.145.216
dcortez@example.org;001-999-453-3889x1371;2ea4448b-106b-e92f-55c3-6522cf9f31b2;212.146.97.92
corey05@example.org;(755)269-0139x76865;51c3cbd2-5d1e-7fa2-e977-c7d1a66ce3bd;218.173.3.133
livingstonmichelle@example.org;001-925-599-9872;94880e3a-4d84-a21d-6cb3-33096685df64;147.251.18.227
markschmitt@example.com;4093915765;6f71d430-c23d-5fa0-b58a-bbe844340e8c;141.179.80.74
josevaughan@example.org;(269)655-7787;027fb653-0756-d4b2-498f-201cf2b8fd13;151.156.98.129
collinsgarrett@example.com;(973)862-5494x366;251a0735-3259-b601-cfd0-6b6dea0a602a;16.127.21.207
jeanette98@example.com;(994)469-7612x214;5f1b42dd-1d3f-02dc-9266-b1ebac875590;142.8.124.55
toddnguyen@example.com;7428663736;00e8c62e-ebf5-5cf7-f93b-2d090bc3b6c7;81.82.105.190
christopher63@example.com;752.664.0112x94794;ebd21076-c2c2-87c9-1b54-a196c8df65d3;193.223.51.42
pamelashepherd@example.org;+1-453-921-6749x33947;0d4db23a-e366-55ea-1f51-78201ce59ef0;143.171.3.144
christopher31@example.org;978.871.7426x5906;533bc889-ce22-adcd-f1d3-62fc382142e9;8.41.232.168
tamaragardner@example.com;854-787-7046;3ed7ba92-775a-5a58-e258-c65333a7ee52;106.138.108.171
bradwarner@example.com;001-206-816-6574x74119;7cb32dfe-e0d5-5e75-cc73-db7df895d827;194.234.206.191
dominique24@example.com;715-517-2017;fd50e581-59fa-0b8f-bd40-78359b9c87af;199.64.163.107
emilylarson@example.org;567-775-7004x007;875f7a83-d635-005b-4adf-5de29b87d2ca;66.46.225.59
rebeccayoder@example.org;001-616-836-1977x6594;da6e2f07-fcbe-e61e-23be-8a6d62b83fb1;202.72.184.141
parkerlisa@example.net;2144467813;0c60e645-105b-2de6-e696-c1170ba6a3a4;192.125.49.40
galvanwilliam@example.org;(721)514-5811x19271;0fc11601-112a-dd49-be45-783398f4a32a;189.186.137.47
pcurtis@example.org;(626)799-9692;c2e53c46-3665-5aef-5b35-d782fb6a733c;74.109.229.249
gmorris@example.com;001-889-396-7181x467;cd2d857d-9010-7260-b0f1-29c8dafce35b;194.249.48.140
samanthayoung@example.net;332-747-9217;b401c17e-580f-6bc0-3b44-fad142620b32;156.205.211.110
tammykelley@example.com;535.607.7951x6879;6bee5ea9-b67a-406f-e0f5-96a3ac1246ce;151.142.61.160
dmcintosh@example.org;818.852.9541x6083;103bc598-7806-e50b-610e-788ae9140db5;205.221.174.78
wsmith@example.org;805.528.5088x9687;8aa2da10-ee35-3534-4b8d-9a38d2eae9f4;111.227.178.94
donnawalters@example.net;821.800.5184x714;3a94949a-e409-6bd3-a2ff-800c62468bfd;125.226.221.247
brucecrosby@example.org;(975)886-0700;dcc867bf-1161-1492-6794-57eb4f142f48;25.117.109.190
dmendoza@example.net;(938)475-3142x2486;9a2f8ee4-171a-789f-5632-c2503fff2258;153.34.219.186
tanyashaw@example.org;(762)561-9712;ca6ee21b-77b0-da33-71c9-7397a01e0c29;150.117.172.240
eddiespencer@example.net;558-894-8453x093;65f3c78d-962c-3955-8ef9-87c942d06637;153.53.247.107
lisa94@example.net;700-421-4072x868;4e747048-3e87-72ac-d79e-10d74e74b418;193.98.153.77
jerry09@example.net;(587)805-4341x3666;6980a727-1a8b-e6d3-e693-348a5bdf4966;196.58.38.97
tinawright@example.net;294.660.4689;9ed91521-3f23-11c6-1962-a0bd265eeb26;195.144.74.124
jenkinsthomas@example.com;(816)774-5813;94c5730a-1e6c-ed4f-43cb-d48f4603c944;137.152.144.234
elizabeth03@example.org;(763)753-9269x518;0e901f1a-b0ac-c5bd-90b6-4e2f50b9e37c;126.150.196.44
kevin49@example.net;(459)351-5054x2344;3a6f019f-4cbc-1835-396d-66abe533b8b3;187.51.128.229
kristin82@example.com;(274)642-2290;b1ce7c25-3e37-f655-9d4f-789573b179d1;22.77.77.91
qlucas@example.org;290-850-7774;f4930a9e-c5b4-437d-8366-9eabcdb1adb8;195.151.36.216
cole85@example.com;624-724-7771;68fd0761-6523-5ebc-b22c-4a08e002165c;16.58.125.42
clayton01@example.org;624-699-3075;7fe3594c-f907-b26b-417d-e09cab8829bc;128.47.24.252
juliewhite@example.org;001-723-764-9701x3489;f3abc532-1e3c-065d-4b94-885c717c0484;209.174.168.65
danielmorton@example.com;001-697-862-9574;a82d7cf1-3d44-a174-0d4b-1a8c43122755;180.47.232.104
lgonzalez@example.org;923.484.8722;4455585f-6cac-3cc7-4843-7aa63fc48e26;108.47.241.223
cookbrian@example.com;(531)620-5505;b1a2d9d7-5f62-79a2-1b96-f4f30574eb25;132.23.110.201
stephen69@example.net;001-827-779-1454x02819;11b010c3-2413-7a71-8821-3986be377020;204.175.80.212
elizabeth23@example.com;945.830.2889x349;154e5837-541e-2f89-5f71-9025f5124622;194.182.166.36
smoore@example.net;825-529-8342;8ed89a86-96bd-bab2-a917-e2500b14249e;203.172.222.121
riveramark@example.com;3472844701;b5f3c53a-0971-b957-1956-dd95beb97b6e;179.126.169.185
troyrobertson@example.com;(423)938-9442;50eaf19d-d696-9e23-da07-c1227610a57a;167.120.104.78
gjordan@example.org;3655401343;8b4133dd-f469-53ca-f122-7f57842879eb;212.175.127.5
obrewer@example.com;(210)536-8449x559;a70e2701-cea4-cbca-a660-7c606f1c841b;141.62.137.102
kpeck@example.com;560-687-0169x38340;cadc876d-53e3-cd75-e9f0-972e1d05dcdb;177.72.6.100
marshallnicole@example.org;589.613.1153x0541;5b8a2ba0-9b1b-4ccc-7a03-10921c661f66;205.94.194.86
andrea27@example.org;+1-287-471-3390x2887;691033d9-e391-127a-f9fb-738ac7aa3965;134.144.146.98
jonathonmora@example.com;217.297.8316;bfa49fef-f534-4073-8109-a0b7380ab4ce;215.239.186.177
juliapowell@example.net;+1-673-942-2955;a679af1e-dff8-e105-2aa4-39dcb268d149;196.218.68.4
michelleclark@example.org;(266)786-0950x0275;738a6d61-8b10-b8d0-4e63-5e32dffd25c2;53.219.244.157
oliverjeff@example.org;2668632508;5c352090-b650-5eaa-f555-388a3c07b63f;177.73.73.81
robertcrawford@example.org;(646)607-0917;787a95a1-7e39-d877-5f16-6a55d6342dd3;193.50.51.28
xmatthews@example.com;966-603-7619;35aa521b-c4f0-ea88-7a91-42b2e6911bc0;182.73.187.27
randybauer@example.com;213-330-8072x9008;df55df47-55d1-175c-28d3-a718f7a0e487;130.141.48.6
mrivera@example.org;286.828.4864;6120bc89-b9a2-00b1-f3a7-2b3e382290ab;140.58.54.98
wrightlaura@example.com;(573)656-5040x465;ec5ee3f3-f335-32e0-cff6-b7d9dc4d4c63;206.126.41.95
derekmorton@example.org;(672)764-6049x835;8a3d7c6d-a809-aa10-e09b-bb8d70b91c08;217.194.57.47
tracey00@example.org;467-629-7680x78517;aa070d9e-3ad5-0786-2301-55da7a15c346;174.5.39.99
paige55@example.org;(630)649-4730;5d0d4d4f-52b4-f384-3307-1b025e21edf6;220.140.140.52
edwardstimothy@example.com;372-314-0649x759;e3f4ada2-994e-d677-5ccd-1a9926a362f0;216.96.125.15
hannahfrost@example.net;+1-797-341-7959;b1edf047-de62-4130-0864-b1bb12ecc8be;158.128.211.143
brittanykirby@example.net;(776)544-7315;12265a10-f55f-3b20-3b26-b33aa76e9d61;219.71.125.6
garyjohnson@example.com;001-417-213-8469;facee426-315c-a19b-feea-cabc0f4dd8fa;181.142.19.18
willie30@example.com;001-953-524-6446;95851695-9bc8-2975-d16b-13d0962632f0;197.159.18.149
stephanierogers@example.com;(596)605-5355x814;71832e73-7710-c061-6d7f-325305ea4eba;176.71.146.254
jenniferbutler@example.org;386-416-5312x49769;fe15cbab-2535-fc88-1148-93907699f7b7;66.67.147.204
elizabeth17@example.net;906-834-8880;310aae2c-7033-5b7a-28fe-bc8ed118676a;213.160.148.179
kelsey07@example.net;+1-826-405-8871;8f57dcaf-f8e8-7171-462c-0ab6fef76230;124.211.189.102
wallerveronica@example.com;+1-713-619-4856x97563;6a8ee538-2e98-ac7b-811f-664a05c3b2b9;131.170.129.43
hulljeffrey@example.org;001-433-765-2341x1958;03c3aa09-b877-1b3a-97f7-a6ad6aafe2d2;174.39.229.252
tayloraaron@example.com;432-521-7915x64769;f3f06ca1-98c3-2eab-5e92-1b182af2e109;166.24.204.106
ttaylor@example.com;4782163227;7828f352-20db-4cf0-1b1e-a88843edc8fa;206.173.171.157
megandavis@example.com;001-814-427-1101x594;93455572-edaf-8337-4a48-4b46b671a00e;181.152.102.165
bromero@example.org;498-837-6426x1547;61d38561-c9d6-aa29-1883-9cc5135e941e;108.203.121.41
chelsearamirez@example.net;(301)420-7826;8f95d9b3-bd01-d2b9-5c4e-e381bc64e099;222.24.247.235
juliaperry@example.net;648.568.8268;30d7e220-cc96-b2eb-0758-96333fb03730;165.157.44.103
hamiltonjoseph@example.net;7786778063;0211f645-fc81-b720-e2f1-8145c99c2a77;203.125.67.57
philipcunningham@example.org;(602)455-0032;e499f8f8-7a14-a5d1-ee3f-832b1201ac0c;197.241.3.86
rblack@example.org;887.786.7630x32495;d5bdcba3-3919-3320-6d5b-a1bd334b867a;58.167.197.96
devon33@example.com;881-615-5881x6870;97286f9b-566c-8d97-d674-8b1a376012fb;203.76.54.9
kkrueger@example.org;+1-258-709-6612x134;6b33e180-0935-2fce-6073-971a45164eda;68.115.82.95
espinozadonna@example.org;485.605.2851;ecc0f7ee-4c8f-d2fa-4e27-1fdbe920438c;196.88.163.172
carlaespinoza@example.net;+1-653-545-5650;48d5fd82-7f27-230a-cf0e-c282d3a302fa;201.77.178.213
deborahthompson@example.com;001-804-423-9155;c003344d-d0c1-005f-8137-7fe4a2ee1436;200.203.254.60
rbishop@example.net;(840)499-0701x2474;cfcc8544-f542-6e75-a687-f010fb75f58a;219.243.112.91
amandakennedy@example.com;869.954.6306;5951a6c2-4358-9645-a626-9e9b3ee9f428;159.242.239.42
richardsonchristina@example.net;976.494.8167x933;859bb5b9-484f-713f-2e01-c69c23330e90;38.181.95.188
paul10@example.com;(204)219-2604x897;83f3c9b9-b7ad-a24d-3424-925eb51f40e3;153.238.99.157
usaunders@example.com;001-715-505-6391x692;d407be42-8b2e-a191-3ed8-2aa73058fd4c;151.70.116.200
harrisrobert@example.net;458-469-6853x32604;291e7847-466d-e2f8-d040-cef855ffdc30;105.135.159.202
marksmith@example.com;482.378.6875;a401c3d3-5733-1bdd-7993-683d258f7138;42.120.115.203
ricky72@example.com;911.346.1107x3821;27b67666-f7d4-609a-af26-df03b7d1e20b;212.70.7.74
jenna65@example.org;363.334.5299x86505;fbaed62c-3bcd-59ec-41cb-d39a0ecde416;54.33.173.143
qsullivan@example.net;(801)991-0919;5ba446bf-d46e-d7d2-2ec6-84337e41dbd4;192.130.69.211
annette56@example.org;(775)419-6640x231;026574dc-811b-97f8-c257-ea7d289669cc;92.135.159.29
bridgesmichael@example.com;+1-734-774-7891x2586;658d3471-4122-64d4-91cc-686cee0be46a;216.20.9.38
carolyn01@example.com;630-228-4217;f8308bc9-beea-c66b-3950-4481c6412feb;29.5.193.78
tara69@example.net;001-238-286-2586x468;5b77ea79-a839-8d23-f23d-1b9add76a783;150.242.225.37
marycox@example.com;853.980.7161;44375ea3-970c-17a4-95c8-a1a063885041;203.13.150.36
james43@example.org;(924)764-1936;c8c84901-549e-ff9e-00c1-fd7a59326b5d;144.243.206.166
jacobdavis@example.org;651.969.5335x1865;054f2df0-6335-493b-6b94-e9fa8d81edcf;86.20.246.94
brettrice@example.org;6872528942;82311bde-d126-0bea-9184-06bb96f9b5a1;181.247.85.86
dcox@example.com;(562)989-6924x780;b74a7803-c380-8e00-e7b7-b88378ac81bc;96.244.93.133
anolan@example.net;+1-304-983-9891;6cb3080a-55bf-7c5b-5351-f1f4d283e8e4;223.174.4.153
jay62@example.net;(611)254-0352x93622;d463eba4-b4da-9396-23dd-1e964eaa4a3f;3.204.76.165
xfrye@example.com;001-912-295-3004x351;a0af0b5a-8481-8d2f-a3c2-a7ddd11d6c7a;206.125.87.139
ghawkins@example.org;001-466-335-7764x824;660a2d4b-04a0-7f4a-ce81-2f0f1f3061ca;53.84.199.45
nwood@example.com;001-563-815-0176x772;cae785a1-258c-f3c7-5633-0ed8542ebd14;200.162.216.57
saustin@example.net;(419)223-2306x24925;ad9b1f53-c77a-5798-9ce8-f4193a8c0590;189.13.93.34
tonya71@example.net;9602938597;54442932-209c-9264-7a85-20351aff0a30;178.119.144.97
chamberspamela@example.net;001-585-755-1417;51417e8e-fa8a-3dd9-f5b2-78a51cd2b5ff;76.163.40.119
joyceblevins@example.com;466-296-9861;66479f30-2c40-f86a-998b-44a264803c13;169.17.192.164
hamiltonevan@example.net;5834505111;9853290d-1ace-3955-b1b0-3746a5701645;200.94.170.223
jamesmoran@example.com;211.273.7741x83668;290437e4-ce44-cfb4-d066-906b10cc76b9;100.212.242.83
christopherbriggs@example.org;+1-573-309-0045x7836;84703af0-0b02-9c19-cda4-7d32bfb396db;195.219.69.35
jesus40@example.net;261.509.1697;3a6b1750-68ba-b8f0-74b8-a035dad7ebe9;172.120.178.7
frankkristina@example.com;4485312495;7fcf2a58-e3c1-2c0a-5927-850f788cc9f8;27.116.9.157
william21@example.net;+1-462-722-3938x6403;77e61fa7-3334-8c1a-65f9-b3d7b0811ee3;131.149.71.237
johnsonandrea@example.com;+1-837-815-0420;f86c7284-ab35-ff65-40eb-7acb2e408198;194.169.230.197
karapaul@example.net;+1-902-563-0345;ed3c0dac-86f8-4207-eef2-cc6b131d0eee;133.234.191.206
lrodriguez@example.net;960-774-5040;3ed2e560-170c-ca17-3fe4-4535a5162ad7;192.194.108.82
kathryn92@example.net;570.382.8906;3b0ac03a-496a-2060-d8bc-48b28e422478;12.164.214.72
markbrown@example.net;+1-555-970-3544x28961;6e81a026-e1d8-6d19-f203-ddb603f0f751;194.152.156.159
shanemorrison@example.com;001-706-853-5067x429;6c630afa-615f-b98d-6e90-6b9af06d8db1;121.32.80.161
williamsontimothy@example.com;+1-695-511-3399x6466;ac52c350-41fa-0006-1874-e9d14ff7dfc9;186.43.20.80
dholloway@example.org;3128065191;519346c9-81ed-770e-e027-5fe8ade319b0;215.52.6.230
bhooper@example.com;+1-550-624-4143x4746;e28677b3-86be-972c-6562-a37fd455c45f;113.91.173.202
beckemily@example.org;001-576-662-5826x3593;29f7aa63-c965-6efa-22f7-07e188546da4;92.5.149.219
dyercalvin@example.org;+1-937-324-2018x17957;021fbc9c-4f98-bad7-98f5-b64f897b7a51;216.92.47.15
sarahcastro@example.com;8662431858;8adaf443-9102-0081-3f4c-8e06bab2a9f9;205.251.166.233
shannonwolf@example.org;(331)555-1321;acd9d3d6-d0b3-87f3-aad4-24df668df323;189.52.243.123
htate@example.com;(406)411-6811;77555233-2e6e-116e-e5d4-a32bccd8aa61;115.209.203.98
cody73@example.com;+1-858-374-0045x4167;d94cbda5-2104-393b-d942-993cbecbe7f7;23.75.23.138
zadams@example.net;589.211.2310;fa5ca483-f22a-f6c5-bc8a-4fbec0c3cb5e;174.170.253.138
lrodriguez@example.org;3412194703;94159912-3895-c51c-1f1e-117df488f289;212.170.96.171
brownlindsay@example.com;001-248-379-5185x346;3de59010-9789-894c-f3ed-5eaaab30e4eb;198.161.186.128
lopezchris@example.com;332-609-7792x2049;07f91607-bfa9-f99d-2ca6-08e0b0b01dd8;102.66.249.79
brendanfaulkner@example.com;795-427-6724;7fcb9de4-68b8-3372-13e5-ed136082408f;202.181.222.89
james82@example.org;+1-286-862-9947x986;69b4549a-48be-0a52-7393-fb3cbf8ea521;166.115.60.171
marcus51@example.com;983-493-6740x954;4b1f87a7-164d-0259-cf0d-04fccf3fcb83;77.246.222.94
lisataylor@example.org;+1-203-795-6831x460;915afbc1-7fc8-1662-999b-345b9de530c1;209.236.164.209
bhansen@example.org;429.830.7669x275;3fb59ce3-a797-843b-c399-1a1f1e95fecc;188.210.226.102
ggarcia@example.com;964.951.8836x092;227c704f-4b49-c6f6-5572-d377106663a8;199.133.173.132
gina67@example.com;7152375759;091e32bd-0820-bc71-864d-e8527b2033a4;137.78.203.62
hparker@example.org;001-352-459-4381;581abaf5-6f60-ed46-6c78-3511a097dcdf;77.219.208.118
claudia71@example.com;820-221-6762;37d9bcdb-8c44-4d47-c357-c2a4f462dba2;163.42.107.188
brian74@example.com;701-736-9512x560;2e325142-6bc3-ee80-7993-484b494ad57d;190.241.153.214
levymichele@example.com;001-621-622-5948x17589;abd442d7-f65a-9ee4-c884-3a7bf0c73df4;223.171.39.98
karenmueller@example.org;881-357-2098;b70526a3-9480-9d26-cc8f-8771aaf395b0;170.22.115.217
vwalters@example.net;754-656-1753;300f21eb-eaff-98f3-cd8e-15a8457bb3eb;220.243.22.114
timothy93@example.org;(725)440-7933;2bdc7acb-ed36-3501-b14e-1f475249302c;180.146.80.154
nicole14@example.org;+1-517-855-2897;6c65d7a6-96a3-408d-e13f-f41af903f2bb;51.235.150.42
jeremywilliams@example.com;(866)870-3012x430;8637ee60-9085-bd05-a346-3f8a0b2717bf;109.16.89.157
tcraig@example.org;001-445-738-3645x823;f9b4f8a8-c8dd-5781-9b9b-975c5bbd56a9;221.107.49.71
kristylutz@example.org;001-411-411-1741x1754;54b9f7ea-50b6-b48a-7c73-3675d606f148;175.243.174.12
denniscarroll@example.org;445-519-5160;a3646c21-4781-d7cd-fa8b-d34b9862d0b6;118.177.84.144
coxthomas@example.net;229-597-8968x9114;fd967506-15a2-4927-0279-14744e4fbe43;135.186.97.187
nicoleanderson@example.com;001-338-318-1519;0a9bc38d-ebde-12d6-47ec-3f09daaf3629;193.4.201.231
barbara08@example.com;262.315.8756x12337;cae051dc-9625-d8f1-0d5f-788884f1e2b9;178.33.29.180
whitesarah@example.org;+1-780-727-0312;9b85dd54-d8da-de1f-4409-e20238ad7a12;82.178.122.208
michellesmith@example.com;(885)266-4682x11050;4c3b2a5f-83d6-565f-ad37-f1af1fe0edad;108.59.228.190
ryan23@example.net;(549)718-3294x63761;22624464-4937-3b3c-e925-8bc9a80d270e;178.226.224.29
barbara68@example.org;(935)443-8359x854;1b055c26-22db-2ace-954e-7d45fd69a7f9;135.177.7.146
ashley28@example.com;300.704.5364x01960;2062ef38-f5b4-b12a-2bff-4f505d6c41c7;40.182.254.254
stevensonbruce@example.org;(249)304-2191;a53de50e-0dee-8294-3e81-1e971d931d65;163.227.33.190
muellererica@example.net;296-959-3837x6695;c51be92b-553c-cbb3-60e1-22ae7b633212;1.14.151.109
zcollins@example.com;(828)554-2555;6cda85d5-0789-fa46-afac-e362983db494;95.146.146.56
brandon80@example.org;661.523.0989x118;5ac0901a-3db6-c336-11b4-2cd8e23b5acb;190.49.108.217
william66@example.com;+1-568-734-3119;f04a32cc-a25d-7fb4-7d35-87d4654862d4;201.11.218.189
millsleslie@example.net;494-891-2987;72107d1f-2bb5-4965-2dd6-e4a295cfd1d0;175.91.89.52
brian41@example.org;+1-541-847-0756x167;b9dd546a-22ae-8b57-fd9b-bb9ae3f5bf20;209.85.233.193
yburton@example.com;524-927-2485x2893;ce1d80a2-dec8-3369-2ab1-093d8bd32f43;135.221.246.147
edward70@example.net;001-220-424-4630x43875;1c1d9b72-9b43-4f95-5dc1-f470e6d52b0d;184.238.6.1
jacksonjoseph@example.org;(595)395-9151x034;08c60097-6190-df89-bd38-18309cf80ce7;158.43.250.20
patrick93@example.net;+1-713-365-6031x787;de3cd48c-a008-4464-4038-d58e17c0b8e3;218.190.81.36
juliewilliams@example.com;+1-255-374-7270x0949;6bf9cb8f-e210-e1df-e385-7ad18efb8357;193.140.115.167
jose79@example.org;(382)884-9753;3db684ea-0e9c-9c0f-d197-f00787e69876;151.74.125.16
uclark@example.net;001-769-464-6078x11048;d6691ef2-485b-f766-b077-4a8c79696557;148.248.93.101
glopez@example.net;6124549001;8051a9bd-2385-2161-3521-4b6550e59ca4;29.61.49.189
stokesrobert@example.net;666.375.3275x9164;87a3d912-2bf2-18be-988f-c26acc491fb2;125.189.32.93
camachoann@example.com;774-274-9684;f8eb27cd-00bb-d0ff-4e18-9f5368a1c9c9;57.81.101.5
jenniferorozco@example.net;715-647-3638x66622;cdefc1cb-d442-61b5-dfea-adc8ccfebb16;206.237.233.95
camachoann@example.com;532.267.1969x5864;f8eb27cd-00bb-d0ff-4e18-9f5368a1c9c9;213.78.8.255
jessicacarr@example.net;(734)831-3192;1a6d14ff-9868-86e3-d89e-bbf00774e3cb;192.126.18.124
rodriguezisaac@example.net;001-547-374-7262;5fc2b569-aa83-1ddf-1103-7771f18e2399;109.169.134.163
ricechristina@example.org;+1-245-444-6659x5263;71947996-9b67-2521-e882-7db7c49e639b;213.216.97.89
robertpena@example.com;504-747-9185x15566;a6f0889b-4b30-2869-b490-33314c1a68f2;132.2.193.169
julia55@example.org;001-229-848-4444x55645;4eb327dc-1ab0-267f-3f64-29e9c013aa09;182.177.56.2
montgomeryzachary@example.com;(559)352-9728;e8fc38fb-aaba-8cfa-bcec-43085785d13f;133.242.211.8
patrickjohnson@example.org;+1-979-949-7713x138;9a555e34-7ee7-306a-390d-92991fb78ca2;166.53.92.231
reginagibson@example.com;(910)399-6281x027;b29e1234-46c6-71e3-d11e-2b0a66088059;204.211.206.186
lisaspencer@example.org;+1-607-373-7480x52553;db942a35-06b9-8365-d381-57050aece0e1;152.114.171.242
rodney17@example.com;476-875-4497x12726;9f888559-770f-d268-3fe9-33be982b77a4;140.11.150.98
hintonscott@example.com;255.495.5428x4094;845f4e1e-240b-a84b-dfb2-65f59646b698;182.132.123.135
cervantesmadison@example.net;001-975-639-9686;c66542df-b94a-2017-bf39-9ecff82f4543;197.236.28.23
rebeccabarnes@example.org;839-595-9462x0488;60c666cb-cc09-80e7-0098-199d22967f1f;208.7.0.4
lwalker@example.com;(287)282-7850;c1102b2b-eb3c-ca55-bd52-dc5ba0bb1398;139.53.201.219
paige64@example.net;(373)408-5848;47bb725a-3ca9-e7f9-8de0-62040bf9230e;176.22.12.22
jmarks@example.com;001-542-674-6684;58ea5a55-7a85-7f97-6bb4-228daeefa477;182.194.143.55
shawnstewart@example.org;9845170104;e200101e-ea56-455e-6c2a-3f53d59de2bb;223.207.131.190
abigailmoore@example.com;+1-323-475-5404x769;a379decb-e6e9-4940-35a7-3293f3c6dadc;220.169.82.79
torreszachary@example.net;896.493.3599x6007;adfeaff3-c002-261e-b1e9-41a63d275802;34.142.19.178
garybowen@example.com;665-253-0152x7749;f72f3994-a9ec-3f48-7315-e15b4bd3dd4e;75.34.95.33
angelasmith@example.com;846-871-7343x0370;34ffd012-56d4-e561-fddd-3f0843f8da3b;213.65.4.153
duncantyler@example.org;001-586-515-8377x60272;e711770f-9757-e9bd-e398-a52844c204c7;47.242.164.31
brandonpratt@example.com;+1-267-544-0092x77418;8572b9ce-e4c3-166f-66f9-be73f2c6016d;111.243.241.141
mwarren@example.com;741-356-5943x8730;a2911324-54e9-819c-e284-bcdcd59cc92a;105.61.238.238
christina62@example.net;3412194703;94159912-3895-c51c-1f1e-117df488f289;204.203.31.199
kwalters@example.net;518-662-2965x335;e70c9cac-37a1-9456-248d-d063d2523516;198.171.102.39
timothy32@example.net;+1-637-682-4080x735;3a09ba58-1b68-5036-50bf-b3e8b0b7b0cc;129.203.253.98
tara69@example.net;001-238-286-2586x468;5b77ea79-a839-8d23-f23d-1b9add76a783;150.242.225.37
vanessa58@example.net;001-379-837-7163x827;3c7bf499-d1fe-e8c9-a032-5c13b4f45f36;189.186.106.17
tinawright@example.net;294.660.4689;fcd6ecb9-4a3f-9127-1f00-fba9cffe6ec9;195.144.74.124
astanton@example.net;+1-845-885-5647x871;22a9b805-a22e-3459-b0e6-f1289a591b00;98.113.77.166
fcunningham@example.com;+1-808-251-0855;91c9b7c0-e87d-b1b2-f1a1-8143640fbe0e;139.106.212.37
hughesgina@example.com;7332418964;8be79067-49d2-5093-53f9-78143a4e5912;183.98.196.232
wilsonsarah@example.com;(241)666-6197x278;a177d95e-b7e3-04f5-4250-30e24a262166;220.155.182.94
valenciarobert@example.com;787-791-5928x696;44ab03bc-9914-84be-3c82-4c1afb5831a5;149.74.241.251
jasonbeck@example.com;535.607.7951x6879;5ae67880-eb66-a686-c42f-a10d1b0e33cd;89.78.140.66
dana67@example.com;307-317-8648;69f3a9bd-f077-3c95-a862-c6209979dda2;158.203.82.135
xwilliams@example.com;+1-426-617-7729x656;898c249d-a004-43f8-9f86-37af16df81ca;149.128.33.179
kalvarado@example.com;366-495-2328x9522;e46ece85-e012-ced1-04a7-ee42031d037c;123.216.181.33
qmartin@example.org;001-600-509-3524x807;a59b7229-d622-894e-671b-02786cfcf5f3;217.203.73.131
vicki68@example.org;001-956-803-4904x2068;445fc72e-4bce-14d0-9488-80c1d2b08077;216.212.3.198
avilamelissa@example.org;+1-713-282-2615;2e5a4549-f403-6cc1-697a-03e6b2fba385;211.202.237.218
victoria57@example.org;(624)922-0555x513;75b00d18-559d-629a-bedd-cc669cefca60;141.241.249.100
leejeffrey@example.com;857-264-7417x42204;1a79e9a9-78f5-90a9-28b0-de7d8bdee67f;166.192.94.29
cooknicholas@example.com;9733413819;cd1dfb66-c689-c6f7-49c3-f2ab84617bba;205.241.6.35
billy07@example.net;642.559.9552;203517f9-0876-63c6-dda3-1ccde372459a;195.187.220.160
aliciamyers@example.com;5597849017;5dc26f3c-3c39-873d-6169-d487052b585f;193.245.224.17
carmen25@example.net;+1-682-504-1221x657;8cb0219b-3528-d86a-8a77-442b1d571e49;214.249.99.166
dbaker@example.net;001-942-323-8230x0748;f4321a6b-fb5c-033f-5c48-e28ec473799e;55.249.152.136
maria16@example.net;+1-570-631-6906x31130;4c8e34a9-fbee-01f2-ab60-0621148bdd69;91.71.8.154
dmcmillan@example.net;792-854-1092x104;7f49bfb2-e2f9-8a1c-3c28-d2147c4c20f8;171.210.202.219
grayjessica@example.net;570-397-5092x257;bc34001e-30ed-7858-f598-f4f3eac07412;40.60.6.112
robertsjames@example.net;407-695-6278x56037;a14c98d7-681a-23ad-2fd4-7c8eb8dd8dc7;154.254.44.241
william94@example.com;5106868447;360bc411-e61f-a074-5b0f-ef79bbb4230d;176.118.98.82
grussell@example.com;514-705-9141;500bbc90-d3a5-fcbc-26fc-c7d81830ebd2;125.252.123.175
nhuber@example.com;759.913.1760x80055;4e5b89d5-758d-b66d-3b7e-d06309a5d694;198.86.112.60
cwarner@example.com;001-724-753-9632x036;0d7a3ca0-2435-a5dc-0cf6-f0d39a6c880a;220.182.133.45
toddjohnson@example.com;783-564-9132x91203;ced54408-12b4-2a57-69b9-7a31d66f71e4;105.95.126.92
ncalderon@example.org;001-724-652-0517x08687;c3959674-a6fd-db1e-322a-91d1864c5035;140.37.167.207
sabrinacarter@example.net;647.814.6890;a6ab5e56-0e26-e503-b924-caa0ef87e8b9;196.128.139.21
petersonjose@example.com;+1-733-915-3604;aa48dd48-837c-6472-ee90-ddf2d2001e99;142.7.189.25
darrenkramer@example.net;621-527-3672x651;592ac38a-9ae4-810c-25b1-70041659f99c;51.105.119.5
lbrown@example.com;839.301.5528;bfaaf7b4-dbd6-2141-9d83-b705547f93b1;131.149.30.158
dcastillo@example.net;(882)749-5335x83745;0d50eea1-d170-096d-9cc6-0f905041ab5a;146.187.90.97
dennis31@example.com;(775)458-3110x76894;6620c498-a4e3-6097-2415-ec1821b4db08;153.143.42.126
ohobbs@example.org;(372)656-2558x33622;d3b75cf7-7c36-c045-13f3-b4fd3df5ae38;132.39.107.223
michele19@example.com;+1-855-443-4659;9e459f65-64fe-4f14-38ed-1279e8655832;142.175.109.154
brian24@example.net;(410)829-3419;d3b9ef21-eae1-95e4-83d0-a2af6501bd12;187.197.121.160
bpatel@example.net;001-423-290-3619x73989;50363d90-0fed-b9bd-9722-c100348cabad;186.165.11.9
ijohnson@example.org;519-631-6819;ba61ac0a-111d-40c0-5f76-653844cd7ea0;51.247.124.13
floresjessica@example.net;(590)848-3119x185;ff7dda7c-0afd-ea9d-5e16-6c1a264f03a3;142.249.103.198
kristiejohnson@example.org;001-587-592-5262x6662;5b6aaafd-e347-9942-42d6-8dc5fe31226c;213.154.253.161
wanda19@example.org;213-978-1450x657;0d73a1c5-3b73-95af-9320-49d98912b392;43.47.155.196
sonya81@example.net;(787)762-5935;7b708d5a-b90c-4aae-0a43-a2ac6adfca9c;17.22.175.159
catherinehayes@example.com;(306)249-6030;3a6b2887-7cb0-7987-cb94-6fba5e1adc58;50.94.84.236
donna87@example.com;2545237872;d0729a1b-1f32-0cc1-7f3c-ab50f381abf2;32.34.24.172
david20@example.net;001-200-370-4058x582;c2ab3b8d-5a61-ee38-4b2d-26a3b7fc96ef;74.108.206.120
jessica24@example.net;397.602.8628x2146;2cb7c4ce-15b6-2206-20e4-4c067deee556;149.158.116.86
anthonywood@example.com;(398)342-8895;ab3e378d-73c9-74c3-0cb2-81156c2e124b;156.20.162.106
upeterson@example.net;+1-717-214-1025x382;8cbe5d59-79e0-df97-3f38-195561bd58ad;156.91.16.104
keith68@example.org;648-262-3385x22472;c4cef75a-2270-73b5-2140-6b6acc6acc33;20.0.241.153
bphillips@example.com;+1-909-783-1293;589ad5f4-b275-0aa5-471a-52a60e2563c9;83.81.208.251
punderwood@example.org;815-954-7822x51260;a1a3832e-25c9-d817-11b7-f8b6598e72f1;14.207.154.53
dunnbrandon@example.net;001-382-323-3184x61260;170038aa-1af0-94f2-8202-95fb120ac3e2;103.133.166.121
russellsutton@example.org;722-928-3200;36b0d90d-7c18-9dc2-0a31-c0416b309719;138.230.99.214
nolandaniel@example.net;504-346-5111;80283276-251f-b9e1-54ea-3bf6010fe63b;160.142.154.69
kimberlywood@example.org;+1-361-534-8604x4286;b3b2f6f2-eac3-bc1e-ae3f-7b013576cc8f;162.244.182.167
michaellester@example.net;342-322-7024x3020;8ff03a3c-c6e2-3ea0-0b29-c40b0a8384af;73.131.22.214
melaniegrant@example.org;891.831.3764x40717;9742b331-fa48-bb2d-cefe-91332f81b020;208.254.138.1
ygibson@example.net;+1-614-381-8795;2ebc4302-1f9e-598c-00e5-331347270a17;192.130.185.189
hannah48@example.org;+1-646-554-7364;e660adf7-1c9b-47be-60d4-837a52f11aa4;217.38.123.149
harriskerry@example.net;+1-304-418-2858x0595;02e4a7aa-8d24-b56f-bf84-c61768091ac8;170.18.236.185
bowmanchristopher@example.org;4494141275;d9794b27-3177-e052-98f2-10dbaa126df2;168.22.180.224
robert23@example.com;001-773-477-3246x1059;dd729b2e-29a1-b6ef-2f6e-5d857619b750;75.191.8.201
tuckerangela@example.org;749-576-8494;6d270d66-90a4-389d-d64f-d05296d9572a;111.79.77.223
edwardparks@example.net;8699642901;f7076b5a-f207-4130-6413-74aca87db22a;198.205.52.203
gstevens@example.com;001-247-948-4702x3916;1136087d-642f-1d9f-8d4c-b8db84b78e49;171.231.0.76
richardturner@example.net;+1-575-776-9001x51514;1fade13e-0cfd-bbe7-9d24-4d3bc51926eb;200.92.169.185
nicoleanderson@example.com;001-338-318-1519;ffc131c3-5b7c-b288-a4d7-18aa01ba29a4;193.4.201.231
frivera@example.net;500-454-6036x713;b2f98547-1be4-1921-def2-c4ebebb1af3b;222.30.12.216
drew65@example.org;770.992.1171;65e7fd0e-502e-7b21-9b22-27b2f70d25d8;162.118.215.239
daniel56@example.net;001-742-660-7944x06227;f0180552-5f0d-37a5-cbbd-47ee452dcaef;31.53.46.58
jasonspencer@example.com;401.265.9754x467;a4ed40fc-b866-36ce-dc9a-01edec4a92de;54.90.143.169
joyce50@example.com;(478)423-2158x42328;62905350-033f-9c02-2b0b-45d1126685c3;55.82.135.244
oburns@example.com;982-940-1852x56372;ee6be5ca-ae86-7344-4f92-194cfafd2b22;193.184.199.234
stevenwalker@example.com;+1-559-928-7521x5804;b89f4d9a-a8a4-7b5c-2744-9db93d967abf;132.229.206.230
zgriffith@example.org;240-654-8237x969;203c36e9-6c2f-0f1c-f864-0de091e3584b;162.100.52.171
anthonybush@example.org;001-757-720-9470x81289;7568aedb-01dd-917d-f6d7-a9cd5542d8a3;195.167.162.46
sherri70@example.net;772.994.1502;aa5ac248-20c8-e226-c1ec-7595adb17bdc;89.52.2.244
ronald55@example.com;659.994.1713x5112;b8eb94bf-d53d-7588-1c48-68fae4a6972f;219.138.82.178
ryan28@example.com;782.430.8756x57407;39286f2d-4ab9-7b0d-c421-34786eb2deb6;32.52.246.129
justin77@example.com;482.739.2503x89571;9cf97b86-d987-2b40-2f15-02ee9c5b0b82;204.121.245.42
gordondarin@example.org;995.981.8915;4ee9409f-4854-914b-f863-e3cdb6d001cb;106.59.99.242
stacey36@example.org;8326931202;575f609a-0f83-af09-0634-d222db6c677e;220.227.33.217
kimberlymontgomery@example.net;571-619-9031x14086;c96e3ad0-2b5d-7162-033e-fac06ede7b95;124.220.144.147
tinameyer@example.org;(908)286-2816x12570;5e2d3304-6f47-dda8-15e5-e6802a37e69d;216.155.47.60
bcarter@example.com;001-409-354-0304x68614;bfa49fef-f534-4073-8109-a0b7380ab4ce;215.239.186.177
dmartinez@example.net;926.576.1034;37d00670-7d12-5793-821c-a455012b8cb4;199.23.104.44
heidibailey@example.com;968.452.3106x698;8cb1e7d7-bff4-ebe2-1b6e-4ab655409a1c;217.138.19.132
david72@example.com;(681)357-1089x758;0892305f-99e2-89c0-1630-3abd74143bd0;43.18.160.68
lgregory@example.com;959-485-6156;4db2142f-7bf4-18f5-b04b-ddbb66704845;206.130.78.144
kaylasalas@example.org;(426)355-1103x641;5dfca08c-883b-d8bd-fba3-33c638cca535;148.162.9.196
erikramsey@example.com;+1-504-578-0570x390;ceb7d5a2-bff6-a3a2-13d4-7234ff562b79;89.59.252.118
tware@example.net;233-455-1006;2f88f696-dd30-f114-6110-d7d1cc44d54d;188.14.127.243
pamelabrown@example.org;(937)813-6731;461d5955-9144-8558-a91f-b760e9e51673;199.18.66.131
brandon90@example.org;+1-419-252-3073x9213;4fae8c41-4f5f-c54f-7275-bc939d35f5bd;198.240.85.10
klee@example.net;001-470-659-0643x3858;279d63bb-3feb-ed0e-d6a3-d3d19eb61856;158.51.170.248
cjackson@example.com;+1-462-286-7350x435;ddda0bbf-eb5d-3b5d-2f65-9ceb19f3dc50;196.114.70.229
projas@example.net;(710)454-5859x110;ad772fe8-4835-79e9-c56a-989ea36c9f01;12.169.101.183
wendyyoder@example.org;745-315-2440;379fadfa-6e2e-0b71-6736-ac85dd190091;173.105.216.80
bullocksophia@example.net;309-618-7586;104b2cde-fc5a-cecd-901f-a9bf3665106b;146.66.103.192
joshuawalker@example.com;(827)448-6546;58de7ff7-127b-628a-47dc-db11b3add896;104.143.252.106
nturner@example.net;679.937.7442x09196;31c81887-e0e2-d985-a7a6-2a0397b91238;98.46.173.48
jessicacarr@example.net;(754)323-9191;5684143b-3f7d-f3e1-3083-e43484f2e2e0;192.126.18.124
garrettandrea@example.com;823.930.6568x4780;fd1fdfde-f503-99c7-9035-9715bc6ae1f9;195.242.76.203
todd82@example.com;001-923-862-4157x125;b8800411-6f7c-cc4a-6df1-3bed6441a6e3;187.229.141.166
smithbill@example.net;001-603-911-0111x727;fe95a9ca-2c98-2a55-5b86-4a4b59b428a8;137.40.20.173
omoreno@example.net;881-704-2530x610;e65ab940-ae84-d685-c364-0508b0004991;104.12.231.26
brandon06@example.org;+1-666-271-1021x281;a5190831-e10e-0702-2b3d-6312d0a6a456;215.6.196.9
mlewis@example.net;787.526.2726x70580;130d6198-8c39-90f3-8013-f3551494f03e;13.30.191.174
lawrence57@example.com;(529)701-6365;6ae31ceb-9d0b-23fa-5639-fe9c757785f0;221.103.149.172
stacysaunders@example.net;001-326-718-0431x402;49b498ac-a677-0999-ee24-8db42f5b66b8;219.219.228.133
deborahbender@example.com;425.281.6687x70805;47845551-a445-065b-cb51-0c5bea5248c1;204.44.66.89
taustin@example.net;731.765.5672;7a7712d0-16dd-dcd4-1485-c46e12f0ac00;196.65.229.250
vanessalewis@example.net;+1-420-968-1483x12100;fb4dfb62-cd5d-4494-e757-5102f18d3e16;36.110.63.42
fdrake@example.net;001-732-558-2050;93c59705-bd6a-2c6e-b50e-f9e386b2d321;16.228.78.215
brad72@example.com;001-756-837-0670;a7274685-088c-ef53-49c5-6aaf76547d7f;144.198.218.106
chanjason@example.net;(388)593-0028;e5cd4fda-2693-0fb3-ac30-e11b09626761;203.217.121.142
mariomorales@example.com;868.833.7144;1bcbaaea-adc3-53be-36c6-04b523c1fee8;158.88.31.18
collinssean@example.org;(980)602-6897;62d77fc4-b4b2-2c9e-e97a-d8904af85627;156.78.203.120
josephbyrd@example.com;(525)589-1738x490;a2a1206d-938a-a15d-2e14-b50b666975f7;195.91.104.104
sarahgonzalez@example.org;+1-340-520-9754;7b7a8c89-ef35-8f66-30ed-aad79db23c01;173.39.14.112
rebeccapeterson@example.net;+1-828-623-8956x0732;42b781b9-e4a3-627f-60fc-7a74c9a47fa1;128.103.203.241
sarahnolan@example.com;(499)790-1923x50089;e64c151b-42ad-23b3-6a47-eb26513dc931;32.51.197.81
gregorysilva@example.org;587-854-7527;a6ab5e56-0e26-e503-b924-caa0ef87e8b9;167.116.23.146
martinezedgar@example.net;(529)756-3269;eada5ff4-15a1-9d87-ce42-ee6933f1c315;101.155.215.167
ylloyd@example.com;520-612-3382x92543;a708da33-7330-ee5c-797a-4d8cfa780a00;151.6.119.95
mwaller@example.net;880-305-8701;4b02ec51-2407-aeda-4003-d8734f86a630;122.89.100.187
william89@example.net;8453511850;6d3f14fc-cdb2-61b1-05ab-1a0178e73913;16.43.25.187
rreynolds@example.net;(968)851-0556;77f25ddb-cb7d-6f4a-ff89-721e96eb558a;167.81.195.64
jimenezrobert@example.org;(822)554-1865;300f21eb-eaff-98f3-cd8e-15a8457bb3eb;107.178.183.21
lindagarcia@example.org;588.957.8908x476;4250b5b3-b47c-7732-5b8d-a0261ca601c9;217.50.143.111
jason08@example.net;9159474586;00eb6b41-a8be-7ab4-f9d8-4dc70b3dc453;220.208.228.107
eric77@example.org;6112555399;1ed44273-0b28-7b7f-bc51-8997b1da284c;192.30.238.142
amy24@example.org;541.696.5304x80015;35b14025-7818-f8af-4fd8-871c59065970;114.173.45.15
shannonpalmer@example.com;001-392-327-4636;ee799d82-1aff-e658-ad43-d9e4733875cf;25.86.47.23
ana24@example.org;001-758-820-6581x991;122f4bd8-c29c-457d-2c4e-fa44b5cf3188;208.138.33.16
jasonjenkins@example.com;(881)245-8912x70641;ee5dd2c7-9076-f372-f4be-0a94c50452f0;196.83.95.36
nmitchell@example.org;001-787-641-4180x27972;fdeeb999-cfc0-2a7f-70c0-5c652fed9715;141.226.81.156
utorres@example.com;561-799-4380x549;976c74d9-1e90-d4c1-0676-6add79c3b2f1;192.233.236.219
thompsonscott@example.org;677.612.7098x10540;8b0ae3a7-2328-fb63-f673-289358b2ea4a;167.253.91.154
lisabooker@example.net;(846)403-3878x391;14cc3466-dea6-93c7-2d15-c9f80886b2c1;75.163.225.230
matthew55@example.net;212-492-5459;3b6174e0-7f80-fdc4-2114-5930014cde98;113.37.140.99
egarrett@example.com;001-883-457-6408x75097;354a872f-f967-3787-bf40-516cad5c16df;150.83.166.120
smithmary@example.net;274-348-3531x8233;4fb2d688-2913-f9fe-6b0c-ed3cdc51dee3;55.195.65.116
ronaldmartin@example.org;757-836-4240;5e6c42b9-fa63-d4ee-aa9a-413eb33138d3;11.187.182.232
victor05@example.com;747-533-3205x5093;dc10cd0e-b8dd-7a39-2be3-7563807e0741;186.75.10.35
mikemorgan@example.org;776.865.8227;4f8002c9-6763-4be9-e319-1303e0ebd911;209.151.227.28
charleslloyd@example.net;001-459-882-7945x56950;a30ac741-4236-79f3-e3e9-907731e3efc9;51.51.8.37
wendy46@example.net;415-933-5274;44565c77-875d-8ce7-5664-f9bd2804a44a;167.9.200.105
timothy96@example.net;+1-949-275-4805x808;10473076-6d12-101a-810a-5f68afe05924;28.220.93.22
joneskimberly@example.net;750-978-1911x186;315ab0af-3d09-15e0-e2f5-08c56c27baa7;139.39.93.162
rosekelly@example.com;467-729-8968;ae16583c-b461-7c20-a383-f771050e4d58;209.93.137.194
kevinparker@example.net;(923)981-6021;5c038bc4-b726-e340-2798-999181d28118;220.97.241.157
stacy46@example.org;291-842-8937x5314;52d357e9-5144-60f8-07b9-2d453aaa7bee;206.125.198.35
adrianrobinson@example.com;987.316.3838x085;68f87219-74a2-e069-3e0b-02b9cb6bbf58;139.46.56.47
rachel51@example.com;+1-343-720-6068x5261;9770ea76-3e44-9230-9396-c2bcab976147;147.46.125.254
david71@example.net;9638936700;b4ba023d-3ead-4a90-31be-ba1c0807e2d4;206.92.71.110
michaelvega@example.net;658-845-4130;053822da-cf18-0747-d28d-650cebb0f9a2;137.51.132.105
nina37@example.net;213-529-7245x809;7e0716b5-a919-4aef-53ea-80a89cba9dee;188.99.27.207
cameron50@example.org;(846)768-6665x244;5cd01853-f6b9-cdd0-be33-8a2e5ebcdbab;29.161.222.91
michellegibbs@example.com;(842)537-4931;7625c885-6233-b620-da6a-0addff4d3573;187.24.235.51
josephholmes@example.net;001-902-513-3461x56329;3a98e286-0f7b-0974-a509-c3139580a805;203.164.55.133
cbailey@example.org;001-602-306-4738x923;d118bd24-231d-66ec-38e2-fe99f724249f;18.135.195.10
lopezdavid@example.net;(404)997-5551x098;2f217249-5c53-41b7-c608-1611a14151d1;203.249.19.168
xjennings@example.net;926.576.1034;6eff253e-f84f-081f-0907-132d5ca25302;151.19.22.158
singram@example.net;+1-826-384-6047;76e4bca4-4146-3dc1-0835-505a3bf1168e;186.2.50.34
karen18@example.com;386.545.5621x475;1b2bb54a-6b1a-87ce-1a7f-883e53dca5b2;180.239.20.213
fwatson@example.com;(585)728-5787;2ac3a614-4b00-4592-bd68-aa7a24eed962;214.137.242.128
shawn58@example.net;921-708-3565x84606;b52f8c96-bfcb-f118-40ac-63a7d1065536;212.224.217.19
larry06@example.org;(627)738-7448;bc58ac2d-b066-691d-a4b0-3b28b5ba9a7b;204.253.101.135
john68@example.org;609.661.1554x601;5485703c-1213-4667-efe9-ae8f4927e829;208.194.212.217
juan24@example.com;3885298547;63769db8-dfd4-f34c-03c8-a621537dc392;78.95.248.53
thomasrachel@example.org;001-701-721-0648x46396;94e50ec9-f58b-6108-ca79-807c635a863e;129.216.137.236
christina43@example.org;613-424-6987;99c40829-33f1-15fd-eae4-e95e329e157b;64.33.166.246
kaitlynflores@example.net;+1-621-395-9111x7000;7faf796f-e6f0-f026-12b9-a70d36a0819b;107.30.20.166
contrerasrhonda@example.com;001-274-535-5808x247;42a53c2f-79c6-6dcf-e2cb-a0519723a5eb;179.180.40.117
tjohnson@example.com;472.450.0822x9353;a77d6974-3260-1338-a94c-4c052c11c165;197.96.169.136
qvalenzuela@example.com;420-962-8636x6383;1cf50608-8b0c-dac2-fbc7-809db7b8ff39;47.19.47.198
boydtina@example.com;001-365-439-3822x3303;3517bc12-fbd2-95b1-5f01-1f0b453d94f2;150.117.172.240
jcantu@example.org;777-406-9820;148dd6df-cbd3-2781-a407-38394fe87d1d;51.3.103.7
haynesmatthew@example.com;653-640-4959x0297;168e8334-5b83-56f3-0d98-3692e23ef576;137.1.81.16
alexisthomas@example.net;583-782-2477;c5d50ddf-e5a9-4fed-1665-031f18f2fad2;152.125.88.72
phyllis22@example.org;+1-241-951-2302x67406;fa1f69a6-bee9-7f3f-4efb-fd72168eb3c7;179.183.112.240
amandasanchez@example.com;(402)344-7830;45811b9b-be14-b5f6-f1a2-3e62612d457e;200.203.80.111
lindsay73@example.com;446-858-7093x49843;88347c78-9d00-21a1-aafb-80e34b80a917;5.87.20.82
morganwendy@example.org;856-765-9952x0301;43de4a60-e91c-29e8-8662-36c0b78b275b;211.188.240.24
ashley86@example.org;274.682.4130;c247929c-632b-fda4-7076-60df7e9eb9de;221.26.101.73
amber70@example.com;252-261-4751x182;ffcf726d-e876-79c7-ecb7-2d2b7f11cb23;214.225.152.1
worozco@example.com;001-914-650-7319x045;cc9afb33-93ad-5351-9de9-ae31585a5a16;133.37.249.52
martinezmichael@example.com;(962)910-8376;f3a4fb3f-070a-abd0-2338-636f46e7646a;156.30.47.235
stephaniehall@example.org;2107320948;3068e64c-c337-16b9-1c4e-a362c06d2214;138.190.147.131
tammy00@example.com;804.752.9220x919;b79b5925-70e4-7c51-8846-ad4aee27bf61;130.195.189.59
idavis@example.org;+1-890-267-8946x979;a918897d-a723-55cc-4ead-c5d573ed0400;133.237.107.247
erik17@example.net;209-941-2044x144;487212b5-f43f-5893-9ba3-b0dfbf4b6710;159.126.25.203
austin51@example.org;8056335208;195cead7-e9a2-33c0-52d1-85f088c6e601;175.8.251.111
adamstimothy@example.net;4116619795;78736ed6-9bb5-08ac-d505-afb78ac3939f;203.73.6.125
wendy15@example.com;+1-690-318-3927;cc4b2a3f-e3e6-cb54-cf2b-7fcae6de2427;96.9.91.59
pmcneil@example.com;+1-428-324-8380x9892;bfaac418-90b1-acc7-9f20-d81b81a750e1;205.106.124.245
westjustin@example.net;(451)398-0113x960;3c7e27cd-7312-c297-984a-22f5e414cde8;218.169.169.172
rebekah72@example.com;001-888-853-0036x2039;5fdff72b-57b7-e7be-19a5-0d5fd7598d0c;50.55.126.177
shellywilliams@example.com;537-206-7254x1306;6bc8d507-4c4c-2592-adcc-1099916add35;32.108.108.20
johnsonann@example.net;(681)962-4364x26382;2997519d-f38e-621c-016e-59d5e5b4414f;87.249.189.75
ellismichele@example.org;001-796-405-8357x16766;d78e04b8-4b45-cdb5-a708-677cdfeab93a;202.117.123.117
vturner@example.net;886.689.7791x8773;79a4ffe3-3716-bc5d-87bb-3569cd8a012d;154.74.104.55
morgan52@example.net;5186296023;206c76d0-f548-ef1a-cc20-a1b288854330;131.223.186.188
garywilliams@example.com;(374)220-3673x086;f6ba76be-90c8-03df-1d41-449e61ddeb96;12.51.214.248
uvaughn@example.org;404.799.0630x7830;35a75a61-1d0a-51d7-5c37-3593da1fbd1e;211.70.0.67
marvin81@example.com;374-365-4297;cb7683d9-5a60-7f4b-a7b4-c31ca206250b;206.156.185.54
victoria66@example.com;7656249004;c5abe823-aa4a-004a-2e93-e88f806314d8;221.239.201.81
mercedes05@example.com;259.880.2563;605aac32-d81f-33c8-4bf6-fca651c713da;19.230.229.9
timothymiddleton@example.net;+1-241-746-8655x416;27eae397-8e0b-6dea-ad8f-b6577de11b2c;98.15.247.74
whitney23@example.net;4128386229;f9e5e82e-d293-fe55-0027-942e8be7a4f7;139.55.38.88
ybaker@example.org;780-547-0311;5d9b93be-bd0d-aea4-cc21-f2a76c95712d;215.24.107.246
april02@example.net;(752)391-8896x95217;816a6a79-f0db-9c3d-12e5-5e40ffda5825;178.195.142.58
michael60@example.org;685.711.7734x310;e50785de-3b6d-0615-7fa7-1c6c367fc915;170.221.145.142
imcdonald@example.com;(956)627-7310x17050;c8f466a6-a66c-39e1-800f-669f00401b93;205.21.124.145
jessicafrey@example.com;(547)788-3958x00245;e83f7979-8986-9453-deaa-2de22f11fc57;183.210.215.185
ascott@example.org;001-283-454-3960x84112;90ffa29b-a2dd-fcf2-1120-f03878e095e3;220.167.106.85
jlee@example.org;+1-407-237-4499x1045;0d994a84-63d4-8b78-9f50-e9e98d645c9d;202.203.22.166
ricardovazquez@example.net;(731)770-1422;10a06638-6cbb-47e6-6025-5f35100b305b;218.168.0.89
griffinjames@example.com;001-885-786-7332;b0094e84-aff3-fd36-91af-1947c08ed13f;167.192.65.246
vegajoseph@example.net;358.493.1953x3598;13948131-5ba9-7463-5b97-6e97d9815702;215.192.177.210
wstrickland@example.org;001-391-281-7131x418;1abd1645-4202-deba-182e-74a6b90116c0;217.16.250.84
galvanwilliam@example.org;618-453-4700x4132;0fc11601-112a-dd49-be45-783398f4a32a;189.186.137.47
fcrawford@example.net;+1-622-404-6347x966;45272650-bcb2-c9fc-008e-8b8b985cb48b;33.218.231.73
patricia86@example.com;001-946-720-6597x2732;17e38ac2-5365-4e3d-e700-27a02added4a;61.33.158.221
markstout@example.org;926-957-0927;a70620fd-0749-bca3-16a2-fecd2f4625cc;148.90.199.101
agonzalez@example.net;526-622-3949x991;c29cd555-53be-4b71-a392-2ad99618d35c;5.5.99.147
moniquejones@example.net;225-771-7892x287;9f715063-4949-123c-6969-f4b6c1a2b7d9;181.201.32.43
hinesjulie@example.com;385.346.2158;6a85eac8-fdd0-1ed5-6710-136ec9c4a781;221.104.37.170
andremartin@example.org;(663)858-7871x44332;5c892465-20ba-099c-416b-5834ea8f1dd3;180.191.131.227
bwilliams@example.com;+1-636-891-2732;ccde2347-f289-93cb-d8b4-f69eeb19bb65;84.27.205.53
solomonwendy@example.org;(604)566-6758;1f4b6ae4-437d-226f-854f-d78eff61968c;209.117.55.202
heathermiddleton@example.com;753.346.5720;d7c99355-2bcc-8af1-12b0-7d440ce9e619;212.174.112.252
valeriebennett@example.net;001-447-564-5482x727;064a2200-14ac-d1d9-4028-4f0a07c09b1e;139.36.22.125
millshannah@example.org;(250)305-1788;dda25a9c-69bd-2488-d0a8-3111d63e6ac7;181.26.239.85
stevenandrade@example.org;(401)365-5163;7313041f-2183-3fb3-ae8d-4f30631bdf43;156.126.239.235
hannahbaird@example.com;(426)899-0290x06526;e3f6d1f2-7776-740d-535d-bc43d850f5c1;85.126.107.220
emilythompson@example.org;(952)987-4298;24ac6a1f-c3b7-fdc8-27ea-9be973f12cac;222.70.204.13
katelynbell@example.net;(966)527-1516x654;02437823-0831-9d99-18a6-f6082ab63384;222.95.240.228
oliviastafford@example.net;+1-581-698-4653x691;7b1e2f86-8193-99d8-681c-b8cfc2863a39;220.102.12.252
rogersrichard@example.net;9217417723;82becec3-b60f-c484-8046-dba9132a3156;194.93.97.89
scross@example.org;(308)682-6947;13e22429-5ef5-65fa-5a47-289e5804b67e;213.183.113.127
lindahernandez@example.net;001-530-741-2004x085;b74a7803-c380-8e00-e7b7-b88378ac81bc;125.181.143.58
travis93@example.net;001-308-452-7554x87599;e8c2d25d-7841-1192-079b-8b6570600939;102.105.16.244
ygonzales@example.org;6965717229;461855b2-78f6-b46d-4ae3-742fdb1d8c49;121.17.33.250
samantha73@example.com;+1-275-944-1789x5275;781dd457-d283-c8ce-8880-da8042d35307;62.24.20.178
coopermichael@example.org;427.637.1365x0592;3556ab7a-0418-7758-d2a7-9cffe0e1d2c8;128.241.215.228
aedwards@example.com;(860)980-2368;9a4cf301-56d3-a0ce-a94c-8692cfdd016a;111.156.50.225
nicholas88@example.org;+1-238-974-5389;b5bf3efb-712f-49d6-81d7-b424ccfd44e9;15.212.247.25
ashleyvirginia@example.com;(493)766-0312x10082;7fb327f4-2d79-0ff4-4b31-0c5afce73026;192.218.37.53
christopher31@example.org;792-818-7000x70505;9a39658e-46f3-3c09-e86e-835e2e631500;157.176.31.110
justin07@example.com;(511)319-2161x71280;d850fbf1-1ade-c450-bc1d-64b7091c2c35;146.94.67.40
djacobson@example.net;624-883-1582;371b84ba-6180-07c3-a7c6-c993dd90b046;155.80.189.17
svargas@example.com;001-755-749-7500x9891;910a2c58-8f95-9992-1706-a84c5bff4422;219.105.210.108
amyscott@example.org;205-624-2347x35202;c1f65b5f-86e6-81c5-339d-684a92782936;163.42.107.188
harellano@example.net;001-331-770-5751x62727;f891c6df-e7e2-4d74-b856-c89027683ef8;206.209.200.221
crystalwilson@example.net;(695)875-6072x6156;264e1ee4-41d6-eeee-6453-6994bfa5cd90;144.150.215.81
melissa40@example.com;001-706-515-9379x62944;58cb290e-d58c-3bdd-8cd0-31127a56fbbf;145.192.243.219
rflowers@example.org;2312430890;03041d24-bbb4-ce84-9044-7457ed42beae;219.91.67.76
joconnor@example.net;411.501.1636;851093c1-c772-8b3e-8057-df51ad41385b;140.15.105.241
whitney13@example.org;274.423.0316x03820;caedf62b-1ca3-947a-0450-c8506166ca11;214.208.53.251
jacksonlee@example.com;(373)913-1094x133;8bd8a69d-9445-b041-6d91-07a8e58c8e46;201.33.207.81
dunndonna@example.org;283.318.4304x64337;d66b6949-2b14-77ad-3433-533d773d4814;160.19.163.165
drakedebbie@example.org;+1-988-706-2447x890;02ff464a-930b-8be4-d514-ee03775e8207;152.194.158.57
briancooper@example.org;(676)532-2487x3665;3fd83b4f-81cc-56b1-7c03-dc3ddc918061;201.46.116.17
dvalenzuela@example.com;(421)816-4087x55004;3662e811-6120-daa6-7762-300adfeb393f;2.96.77.43
williamanderson@example.com;7013744052;6344c480-5131-cbd8-d4c5-cf3a98992bc4;96.58.37.146
bhill@example.org;762.823.3437x8002;9f715063-4949-123c-6969-f4b6c1a2b7d9;181.201.32.43
adamsryan@example.org;(874)433-1419;d8a3e2e5-1f7a-059f-ae74-339ba9a7c502;213.159.168.0
hubbardharold@example.com;(850)910-3565x956;18633a7c-fa3d-da98-9894-911420a60697;193.110.250.126
ricechristina@example.org;+1-245-444-6659x5263;71947996-9b67-2521-e882-7db7c49e639b;161.205.169.199
janet91@example.org;001-211-238-8933;3d47f3d1-6fcf-db2c-d461-cec5d7ac9b43;38.245.74.203
josephchen@example.org;788-278-2184x13254;225f7b67-baf9-6e7f-8ec8-9b11376db7be;216.104.157.247
eperry@example.net;491.290.3287x7967;16b0dc94-0bf0-1c28-5468-519a64cbc70d;213.3.173.40
iduffy@example.net;+1-275-662-6958x69126;1f37d3a1-9e84-a7ed-ef9e-4c5a0b3f7874;212.183.80.211
kylepearson@example.org;388-670-8864;88c6b7a8-66bd-1330-26d4-6fe636ebb675;56.60.200.138
hwalker@example.net;989.284.6071x05585;e1a8678f-c788-a9de-c0ca-1e5b98674e1e;11.9.117.148
xsantana@example.org;001-818-514-8856;55199002-92e1-60a0-04a2-8634d30c3496;162.100.52.171
carrollisabel@example.org;877.508.8049x397;e6ec06c9-40fa-d9cb-2252-bc3e61f05689;204.107.158.146
wayne01@example.net;001-955-277-8300;22d69b6c-17ef-84d0-c4bd-b14000af8c92;219.74.43.162
hinesdanielle@example.org;001-293-200-5369x6340;f2e088b2-16b3-f561-0211-6fe7a023b774;161.205.169.199
paynerachel@example.com;001-315-395-8391x521;5c30ccb0-9738-4165-fec6-051faa6b91b0;82.148.213.58
debra62@example.com;461.303.6769;0ad7152d-4595-8a99-66ce-e721e74ec843;202.46.120.202
ksullivan@example.com;001-483-543-1719x670;f6fc3b5a-ef7a-8bf1-7f09-aad4a4ad1d94;109.131.237.24
brownjohn@example.org;(376)544-4704;c3aa9283-33f2-6fac-c8ce-85c8b249b0bf;196.253.128.160
millerjennifer@example.net;780-826-4561;9a793bf7-ee4e-6bb1-05bd-bb0e4f311ebc;221.118.226.72
alexandermelissa@example.net;(361)226-7184;e21d6ca7-4436-c10e-b223-618f06f1805d;115.37.91.185
wrightkimberly@example.net;221.251.9196x40000;6bf2fb74-baee-b892-96f1-bb34d1a3faad;199.218.20.135
madison45@example.net;871.523.4775x1793;048e4bca-7f4a-98b6-c9f3-8f00c726fa0c;202.198.220.194
mcmillanwilliam@example.com;2275827231;377ad6ec-1302-8af5-286f-e5212dc7ec34;198.32.95.217
carriemelton@example.net;533.302.1146;679b1ede-4a5f-374a-2ca4-b558e6dc6fc6;70.62.90.239
lisanoble@example.net;+1-685-435-5491x7894;0b07124e-a134-fd59-31e4-882068ca17a4;59.147.109.67
dylanalvarez@example.net;(696)989-2227x29857;586de9d6-1c5d-9b5d-9f2f-4ce7f80f6cda;80.227.104.210
nburton@example.com;+1-717-602-0625x5418;1f95264b-7927-fd13-c008-ac277c3dfd12;61.183.81.43
maurice07@example.com;+1-341-501-8778x6702;790228f2-052b-6ca2-bb7c-82a6f4d0e221;126.183.53.132
smallbenjamin@example.org;428.631.9132;a291050f-9c01-6ec5-cffb-02ef07ead794;145.30.101.234
michelewalker@example.net;001-660-760-2842;92c9c90f-0853-f3eb-76f7-339d39728886;200.127.107.8
brianna77@example.org;+1-647-330-4281;89143890-8c70-142a-a248-0c610036fd65;129.92.221.129
dustinpatterson@example.com;+1-579-782-1789;39c1da73-8bdd-6cf1-ea7c-ee68cc58ba17;145.27.53.197
nicholas82@example.net;235-587-1405x4610;cd13ff21-55c8-15f5-d2af-c53290b42c9b;213.223.166.137
dennissteven@example.com;(776)684-9286x4908;4e122252-08dc-dd43-5d8b-b830a37d90f4;132.180.81.39
cfuller@example.org;+1-608-807-6215x5444;9d752a02-a443-018b-2669-3e42378adef6;175.138.191.51
smithjason@example.com;847-267-1496;6779356b-76c4-6ddd-6716-b9ca6acb5fbb;210.146.134.149
andreabeasley@example.org;+1-637-682-4080x735;3a09ba58-1b68-5036-50bf-b3e8b0b7b0cc;64.172.27.22
edward10@example.net;(430)312-8900x0279;58ba24df-9c2d-69d4-8695-0293799a0ace;205.166.255.215
fwright@example.org;(564)220-9410;aa3342db-6186-7c59-3a18-34bf6d2d355c;201.34.214.168
yhensley@example.net;+1-967-649-0168;c8d7a8f3-ea97-ad82-d51c-bff2c2b474ca;218.1.242.5
scottandrea@example.net;457.559.1216x662;f50f4fdf-5378-9ff3-05f6-296117d5e432;188.248.62.113
morenoamanda@example.org;6219110784;810e3de6-47f1-c2b0-9b8a-89f43a3788ca;29.210.63.222
patriciahanna@example.org;(350)864-5814x2384;cd93fd28-1dff-3173-c8a8-68815f81f476;183.213.156.140
colson@example.com;(572)706-7546;0d80f3f5-8af8-cb11-5ed4-464a54fd91da;141.249.148.247
adriana62@example.com;(297)928-9796x6663;865c2283-44ba-0e9f-8e69-5ed160a0d44c;211.128.226.28
moralesmaria@example.org;381-511-5024x59082;728a9fa8-e620-e338-cddf-b0aac5fa79d3;176.66.177.142
veronica44@example.com;(257)963-2653;4eb6bf5d-27d0-2701-98ec-5aadc6f349c6;135.113.152.156
kelly19@example.com;644.311.5853;7d39dac6-b003-29a4-536f-16f4372761dc;35.145.121.4
james93@example.com;(982)505-7995x7600;56db5da8-9c39-0711-befb-e03953300bec;39.214.255.202
randallalexander@example.org;+1-681-593-4115x9597;4d2153b1-63c7-e48a-ac3d-102bf3ed970c;12.233.209.125
rmejia@example.com;001-841-847-8030x2296;a5003176-a9ff-a5fb-816c-04e6bb305a57;192.107.82.179
singhalexandra@example.com;(230)898-3529x260;967e951f-65c9-b395-8c9c-8e5f15351f42;77.18.2.147
laura28@example.net;681.816.8971;dbff585b-0994-8346-6475-61e846709ada;17.64.94.129
corey04@example.org;(363)984-4987x287;c8f1f65b-3610-3a80-57b9-cf267a35bb40;221.74.17.162
lcole@example.org;801.852.0048;4b36f4d2-7a56-991c-430e-a3a57fa9877d;192.196.116.153
jacksonlee@example.com;407-453-5685x94930;3bf64c47-6875-fb25-1cda-8eb6decf76c0;142.205.211.59
nsalazar@example.com;866.665.4379x5226;dee43119-123c-5911-7a9b-a146df79072b;198.149.225.194
mitchelldavid@example.org;519-517-4857;3dab98f2-a9a4-ca65-f43f-f9f7d54b9d90;128.0.23.230
thompsonjenna@example.org;+1-875-249-3821x165;5bfb260a-2eff-cdff-b8d8-ebb7c7eb4321;165.128.217.17
grahamjacob@example.com;338.842.3099;424a6318-9cc5-69a8-ea3f-028ef3187d5e;183.46.50.32
yramsey@example.com;582-988-0126;f11bed27-c441-1c49-a7fd-d52f7a738af9;173.16.174.203
andreamyers@example.net;597-661-2989x50358;af1e92a3-0bb1-9e20-3c20-b3d6f1e31e4d;152.39.67.67
qtrujillo@example.org;578.538.1403;69b347c9-b0db-f405-e31c-29671c952a34;131.75.200.114
john52@example.com;(864)643-3846x634;7b2b1233-a8da-963b-ee88-4007b0b16fcb;194.104.222.222
ctrujillo@example.org;+1-932-418-9096;090da71e-2d5a-8bb3-6a1b-42005cae10f6;219.249.178.88
aball@example.net;7883576778;3ea6fe01-2b4d-0c4a-d10c-b7ff44293e50;221.156.85.84
sarahcobb@example.net;909.240.7863x499;1425bbdb-e9ff-4dd9-f4cf-7bef5111dfce;196.22.170.87
nwest@example.com;001-842-894-8562x4427;c11148f4-7b73-b338-c92c-1ed8825e809d;63.60.4.110
lroberts@example.com;376.982.0570;f2ae9eae-5654-8d9d-a8a6-568f2c782674;175.139.168.253
schultzcarla@example.org;(495)987-9878x6926;e57c7d99-d383-6c29-9015-fa880f86ef6e;218.20.146.170
charlene13@example.org;493.501.9948x605;db00a224-5add-3bdb-137c-6991165740a3;209.253.131.140
pnorris@example.com;596.612.2697;c858fe40-ea73-4148-ee03-3e098f5a76e5;34.252.199.192
lawrencegraham@example.com;(714)876-7159;49540a76-5f0b-dd7c-ba18-65160c48ba10;198.149.225.194
juliemurphy@example.com;812.683.4750;df023117-7cca-357e-d407-86db7aba11ce;161.249.122.179
gary38@example.com;515-382-5670x74261;6f7d4bd5-0f22-ecda-a80c-40c6112db690;183.107.157.67
georgegonzalez@example.net;(523)588-1713x56232;8f5274d7-698a-5782-0de0-faca3b36ed0a;150.49.124.222
kimchandler@example.com;474-880-2496x1354;b8498683-3992-55f9-7bdc-bbcacc0e8454;55.186.190.66
ashley03@example.org;498.398.1269;e6004213-d0bd-e426-9974-7df4519481f8;201.94.104.117
anna38@example.net;+1-363-718-9637x4890;43c9bf63-a087-742c-89ae-977eddff4178;15.10.141.64
timothydunlap@example.net;001-610-268-4305x1334;63bff2e1-6e06-c4b7-8765-39e713d4a05f;130.212.210.224
nancymartinez@example.net;(900)929-6944x34028;34d01ca4-860e-546f-bbfe-79b3e6462374;125.37.35.64
freemanwilliam@example.org;972.269.0823;c4b8758c-60a5-bb32-2095-fd9318d45499;192.19.69.112
christophercampbell@example.net;569-494-9089;8638874e-3245-2e89-e84d-5d4340b6d664;101.47.254.65
sierra17@example.com;001-361-866-9198x72238;1749e4a7-73ac-8065-8c81-14fe01ca5aea;213.240.188.89
kimberlyevans@example.com;961-536-7866;ec702514-3be8-dc06-319d-67d34e25244a;202.197.128.110
davischarles@example.org;239.560.1960x27057;a74e7dfc-417e-5ae8-8249-251eecf49326;199.94.117.183
laurendiaz@example.net;856.235.4690x445;7f80b2e5-9269-6f16-2102-8a850b52fb09;145.110.130.184
lisataylor@example.com;219.491.6995;e87ab243-8d0a-6595-71a8-34baa2f811d7;217.106.138.205
uschmidt@example.net;(794)396-7257;d891844b-8bb7-63d6-4528-1e3d218e1ce8;193.170.137.44
nichole15@example.com;+1-552-775-5707x05456;11451d26-1ad9-3722-61d1-e4b99d0fef4c;67.168.8.137
samanthaschmidt@example.net;770.766.0555x4437;661953f9-b395-d682-05d2-a731c5543498;110.229.144.28
medinatravis@example.net;(910)277-0881x275;a2878190-523f-a416-fbbd-1cd3eca7458b;215.67.144.250
manuellee@example.com;+1-759-945-2775x2433;c3c82862-9027-34dc-5d6d-48320cf1186e;198.210.196.203
robert68@example.com;+1-725-865-3311x595;1993975f-5652-4104-6be4-c8479d65ea09;160.22.153.155
morrisstephanie@example.org;001-323-739-1612;7a7e7713-a642-c772-7475-816c7f7f8cec;171.250.245.153
tfernandez@example.org;+1-778-487-2520x8425;711dc763-1fa7-0679-03ea-9ba7c003f140;196.8.33.220
marknewman@example.net;(321)452-5378x6876;1d62f12b-9f52-ad81-1586-0b7134259b68;215.50.212.100
hensleycarol@example.org;796-525-2165x27551;6719c1d4-e0c2-3168-342a-188082cf8541;36.245.108.107
owenscarrie@example.org;224.477.6393;36dcc909-46db-25ec-a455-c893011a5c32;199.78.151.81
smithrenee@example.net;548-841-2183x60985;a9cb38d7-0a6b-b7f2-da7c-724148d50ff6;17.230.97.47
madisonyoung@example.net;(602)401-5979x044;f55b7b20-4881-83ef-6b37-e8000ec89d41;35.203.8.225
jessicagutierrez@example.org;5772126599;e0205c45-4776-31f8-d8ee-8404be55adb7;206.161.178.77
rwest@example.org;001-913-560-7897x677;6d49cf20-ba46-ba24-42a9-6f87e67c23cb;190.32.17.74
reyesjoshua@example.com;479.508.5255x8801;b23401d5-3202-c3df-ac97-9fab069bb7fb;148.106.243.62
kathleenwright@example.com;001-745-411-5722x66036;fa1016ae-290b-2417-a9fb-3d306f0fa1b8;196.194.25.44
josephjohnson@example.org;001-227-425-2016x0133;7f54ef3c-ca56-2cc2-7b81-c278b16d3d67;166.105.217.247
guerrerokaren@example.com;001-923-862-4157x125;4eb2731c-185d-c369-e4ea-da7419fc7cc3;187.229.141.166
josephgilbert@example.net;001-259-802-0331;51f44604-4cb3-84b0-4e33-79cd944ce6b4;143.143.106.173
hestrada@example.com;408.414.9707;bd06ddde-47ee-e538-8386-1d46e22fa69a;116.27.25.128
chelsea05@example.com;571.294.9406x618;a51f9b63-5627-484c-3098-943f0a9d14c1;195.70.233.68
linda06@example.org;258.698.8738x16804;5544555e-18d0-cd59-aa76-12d9913ae940;145.112.44.143
jason62@example.org;+1-666-271-1021x281;a5190831-e10e-0702-2b3d-6312d0a6a456;216.192.211.240
crawfordscott@example.net;730-495-0592;b6d07f44-947c-5472-11ed-599cb03e9030;179.54.93.179
lhudson@example.com;860-266-1365x804;7db2a946-34aa-9322-10ed-463cfcb01cd1;216.148.220.121
stacyhaney@example.net;(583)597-3414x301;0e3e57e6-cd53-0f5a-47bb-630976dc902d;150.97.164.15
hannahmeadows@example.com;(780)446-8155x145;72604450-b363-6177-70ed-68a3f5d973cd;213.220.99.243
djimenez@example.net;001-366-736-6145x086;4b9f2043-1b3a-b2e7-58d6-bd19185befe7;194.227.227.130
jamie51@example.org;001-798-787-7995x47576;1eb24150-5b64-6555-340a-fdd2e9a93f6e;81.19.86.152
dford@example.net;365-908-7712;f803d7ea-2130-bb6b-79f3-bda3f69614c1;94.71.234.250
troygarcia@example.com;6476197905;53311c53-976f-0100-6af5-3cb523f19bfd;169.238.35.19
harry48@example.org;001-662-948-8180;c9de1d57-5244-50b9-6a92-1b0bbb4f0d5c;172.151.207.55
ggutierrez@example.net;+1-531-713-6814;c45566d1-162f-2c3d-619d-f9b451ded46c;99.180.238.202
janet70@example.org;960-601-8538x19728;d41c463a-bd11-a667-ce83-ee4ecafdf6cb;200.57.102.8
bullockchristina@example.org;001-849-204-8749x0635;7419c1f9-fa6d-3a2f-6de3-fe67e7c65de0;214.110.11.65
rhodescarl@example.net;(650)247-6383;b188301d-681e-3c26-d9a0-753852aa6f0d;207.109.67.248
gewing@example.net;231.297.5048x939;72c3fb4e-fe61-9e92-3ff8-0c5f28f2224f;136.194.168.15
browncharles@example.org;+1-595-788-4645;725dd8a0-ef02-5884-4b4d-14ff42be1040;198.37.31.46
ftorres@example.net;001-953-823-4826x7755;80cc62d1-51d9-65d1-3e4e-78f38c053b25;20.46.202.40
bedwards@example.net;718-905-3836x8454;c7fc4fbb-4c79-a372-9f2e-47f3a228533d;219.50.142.108
christopherstewart@example.net;5319405137;c1606492-3582-9d34-0de3-8c1c4dcfb0b2;15.99.228.238
qgalvan@example.com;(754)511-7967;c059861a-5d9b-ec2e-ef88-d7114c56b91e;177.122.45.203
jarednelson@example.com;+1-302-454-0346;0eb45eaa-4fd8-3c88-70b3-4cbbf28b2687;84.101.58.245
townsendemily@example.com;806.365.7064;de344464-74a8-079b-9ac3-bb07e4cec59d;131.246.183.218
michellewilliams@example.net;(469)511-5525x3896;e57c53db-baab-76a0-3fd3-9ac7721091e9;210.113.19.36
jenniferfrench@example.net;326.781.0720x8292;2731e31a-57bc-fc9e-0c4e-9851d1e4eaf2;4.203.131.232
darryltaylor@example.org;(699)748-3507;a6b8fbc2-57fc-5f9d-af20-efb53f57c0cd;138.76.101.186
russellholt@example.com;001-522-379-5169x601;56309ecf-5ee0-516f-a827-398fa8d0a70b;96.212.22.83
ramosstephanie@example.com;569-367-8713x80500;a63f6933-f4a0-964b-b64f-fb8405d5ea82;177.214.0.234
johnsonsean@example.com;875.892.1982;0240fdf6-6eca-5f17-1de6-fbade6d0b2f2;207.124.122.193
sarahturner@example.org;(956)888-8502x123;668b4c29-8d08-86a0-d7eb-7c6facd938a6;143.105.169.159
dmartin@example.com;345.844.7907x4438;02ad123b-35f8-57f9-14bf-f538903e92dd;152.84.19.61
kristenlevine@example.net;437.918.3358x68099;98cd0cab-7ad3-8dd6-3dfd-5352bf361b74;218.76.6.175
xlynn@example.org;001-679-978-5023;34f2d51c-1a3c-e2a8-e7e1-14028d7e8458;66.134.157.49
herreraangela@example.net;(305)802-1579;cda5dd64-4d41-800b-80be-232ad07577c4;179.223.71.249
samantha27@example.org;+1-905-564-4475x20678;c36a12fb-6878-b3f3-250a-15506c8a8140;138.31.200.84
rcruz@example.net;403-354-6749x834;3d563b45-8281-a18a-ce77-9fb6622e4a2f;150.122.244.60
jamie05@example.org;815-231-3703x01739;fb9ce79b-5597-d17e-0dd9-12da14660ed9;90.178.144.87
michaelvega@example.net;(883)251-6111;81e5d92a-3f71-c272-4000-ffe7be9e52bd;137.51.132.105
kimchandler@example.com;474-880-2496x1354;b8498683-3992-55f9-7bdc-bbcacc0e8454;201.183.102.105
john62@example.com;249.690.2643x0787;b85545dc-0b53-40b4-c8ed-5836bfcbc8f4;215.136.217.201
hannahhood@example.net;7996100358;48e426c0-0ad7-f009-5d54-9d77b25919f5;206.226.175.5
vaughntammy@example.com;+1-285-297-2286;4fb3ec22-d341-5bc2-d63c-dd8a7bb22d0d;156.233.65.114
curtisjustin@example.com;+1-555-748-7608;ecc34b21-3ad1-a47e-1b78-bf7f490d16a5;206.242.87.27
ronniebradley@example.org;+1-490-450-2485x422;67572daf-2d73-b159-4a99-a911da7804b2;174.160.1.21
griffinchelsey@example.org;(936)939-1226x46455;6759b017-5331-03cb-50e7-029a3e6be9bc;19.57.177.238
heather04@example.net;983-969-1207;53f33f20-264a-f9f6-6941-6ed31fc3fd51;9.116.242.158
michaellee@example.org;5389374375;5a8cab09-0db3-e776-bd64-b5060f3259aa;119.100.151.107
kimberlyjones@example.org;358-491-5905;f51f0a65-02f2-da04-16a0-bcf86122b739;179.71.1.232
zevans@example.net;+1-373-290-5247x3460;fb37bfcd-2ec9-9791-b2fd-9f77b3559ff4;149.4.150.126
georgegonzalez@example.net;(716)453-5300x3138;8f5274d7-698a-5782-0de0-faca3b36ed0a;213.50.90.163
cristiandiaz@example.com;001-550-429-4930;ed18c075-1760-9a82-a3de-22c035ce2ec2;148.186.95.222
yalexander@example.org;877.744.4560x16400;e8911343-3f3f-a967-a60f-25b9631bd62a;214.7.113.230
fhenry@example.com;877.876.9570x94021;3f4467c0-9610-42f2-894c-f2a34daf27a1;137.72.171.192
courtneyjohnson@example.org;9602938597;d2e9ba46-e537-64c6-df2c-427c54fe5ff0;178.119.144.97
mitchellstephanie@example.com;+1-992-994-3952x87738;b15b00d3-85ef-6c00-a8b2-b5c65ee2ca86;165.41.172.20
scott13@example.org;405-264-8359x189;59e18ed9-30a0-1a7e-c263-163f57113897;97.178.240.29
fhopkins@example.net;+1-983-493-6318x589;25bce014-576a-aaa1-c0df-cd2dd01ae3cc;72.182.53.158
victoriawilliams@example.net;222-963-0317;31e33591-a34b-855d-68bc-52028bee9049;23.204.54.64
ehaynes@example.org;(943)221-9150x50044;f11d3529-19ca-fb4a-0b96-c13207a55452;85.150.130.240
sarahhayden@example.net;226.598.6553x4616;168be3d7-0c20-681e-b121-7f60bcf5b250;166.79.135.239
byrdangela@example.com;(917)826-1603x6545;8798be9c-53de-66a6-77bd-7b4fe857f466;133.37.5.244
ian26@example.net;676-867-5090;6a3cb442-7dcb-382e-d675-af472078c0dc;221.140.164.132
brianharmon@example.com;348-592-0307x8561;ed3859b9-a678-1057-e69d-00dc537d253b;223.129.22.82
vfernandez@example.com;630.989.7047;66936add-2b75-0216-cdca-f51342d8ed3e;205.82.191.176
jackleblanc@example.com;3932883421;43729599-1aaf-fc26-1a9f-34fe272a8456;213.188.107.111
fitzgeraldsherry@example.net;+1-539-542-6145x4998;7ee01e41-b36c-9861-e7d8-0abe7ceeba4b;190.136.143.178
aliciaallen@example.net;001-690-784-7742x049;0f7d1b76-c736-3f9e-9fbd-ccdbb82c1540;208.181.104.172
sanchezlinda@example.com;941.441.7969;81f6849f-38ef-5fda-ba63-812a87d675f7;78.1.9.9
jerryanthony@example.org;+1-593-977-0783x148;fd0ffae4-ae19-7254-61d5-ff6454a4186b;30.0.165.3
billyhamilton@example.net;001-720-573-3959x212;da376661-0684-595e-8aa0-bedb050b2177;141.239.71.120
ntaylor@example.net;001-842-675-1264x67458;3c33d5e4-e49b-cc5b-fe59-e24704736d99;154.164.85.155
diane64@example.net;(699)748-3507;ce9e64f1-1630-a9cb-1104-baf2baf68824;174.176.100.191
suzannecampbell@example.org;746-759-2865x8550;1374aa16-a152-5898-5ba3-7f672ff815bd;111.136.68.241
elliottchristina@example.org;879-860-7734x23707;415775da-2672-75f5-fe88-0a118143a151;143.22.209.5
gonzalezmatthew@example.net;527.652.5787x80626;d768ab6f-51f0-26fe-3a34-f9d022d40fdc;217.115.246.63
michelle71@example.org;274-867-1126;0e1e8fc6-5ff5-7509-3b35-f40b7f06a9fa;185.141.222.254
patricia68@example.net;+1-880-696-9202x106;14987a53-e6b3-9ff3-a932-a3226db2bbb4;100.253.187.196
debrawilson@example.net;443-233-4684x730;fd6e9c12-2a14-14c5-c6ae-4f67652b570b;120.125.58.235
hernandezchristy@example.net;+1-524-523-8201x251;4451726c-8435-5101-3127-0e1c4c79f687;13.125.169.7
lindseypope@example.com;001-723-379-2260x06542;7f98faf9-764a-e991-7785-ace8688322c5;178.132.199.76
pauljohnson@example.org;823-440-6765x6102;489b59d5-dd03-c12d-80a5-fe6d8878fc59;217.92.202.13
solson@example.org;632-863-5847;52498c0e-37f0-4029-aa6b-a605e6316d19;16.188.16.26
oross@example.org;883-675-1343x060;bfc85d0b-e33a-c293-e146-9239b513c08b;160.249.145.58
timothy56@example.org;(677)646-4683;42b04a2a-f27c-68c2-c8e6-b9d750b6156e;218.212.119.192
karalong@example.org;(785)844-1170x2493;77d8e13e-422c-41a5-e55a-96aca7421e7c;70.30.159.196
david71@example.net;9638936700;22887323-2ca8-4fd0-33e5-01e7f665b046;205.171.100.28
scottdestiny@example.org;(616)795-1789x47516;556a8809-3b28-0b09-e1f7-f3c58ad41598;187.63.43.118
scott15@example.org;(505)907-7624x3805;f7d62e65-e6ed-05e3-acce-2eceb161ea34;175.42.148.0
nicole06@example.net;752.664.0112x94794;ebd21076-c2c2-87c9-1b54-a196c8df65d3;5.7.28.37
markhawkins@example.org;590-901-3924;fe685e89-43d1-1ba9-a7e5-ab04e2c84ff0;221.139.204.232
kyleclark@example.org;524.208.7450x275;242683b6-347a-62bb-be7b-aaea85c69ca0;186.8.253.107
brett71@example.org;001-420-872-9714x254;853eea9e-76b9-0759-619a-0a13206176db;109.8.113.151
wattsomar@example.org;936-482-5328x43541;a2d11f4c-544e-4bdd-4c6b-9a67fd8dbfa0;68.216.86.64
heather15@example.net;001-454-345-2630x05369;9e5ec39e-1f83-ff4b-fe23-7685001df239;48.81.172.96
terrimorgan@example.net;768.840.5426x8345;8bd69880-96f1-6077-8279-2496a6b1368d;179.227.166.57
charleslopez@example.net;675-868-1918;16dcb202-1e1f-743d-9105-e5749aaeb921;154.173.230.217
michaelrivera@example.net;799.848.1613x785;61e8c5fa-9ab7-560b-56b5-9a3c1653e619;96.180.135.209
donna23@example.net;973-765-8082x7431;dfeee05b-d215-ecf4-9513-84f9cdd7f22d;18.243.199.100
yvettesilva@example.org;(396)378-9910x80272;f69336f3-c453-e14a-368e-a967790c6391;217.126.135.219
richard66@example.com;454.975.6600x950;1423e8ee-e87d-a028-798e-585a616d7d7d;43.26.248.68
smithronnie@example.com;872.860.7019;1bc04925-93ad-5d43-d38b-a5211fb8f6d7;22.93.107.64
pauljordan@example.org;+1-792-754-1431x83155;c53a54b4-4694-05b3-70f5-92aaa6cc73df;140.222.182.226
wilkinsonmichael@example.org;766.688.1429x53155;a1872b97-0154-d784-47c8-e2d16e7118db;134.94.140.134
lauramitchell@example.com;001-766-694-6247;03d40313-219d-a8c4-e595-1b425f93894b;18.86.158.225
ehill@example.net;845-608-6996;66e3e409-0849-b9c7-d107-1ec68215c962;206.20.54.243
brucemeyer@example.net;(656)333-1626x938;c4cef303-edd4-6740-a70e-f78624d1133e;40.248.157.21
leahharris@example.com;899.560.9066;490aea90-fe8f-b4a4-56a9-f27a3f216240;194.141.38.72
xgallagher@example.net;+1-448-971-7317;d1566d26-1aff-2533-747a-6ca564f35046;35.102.253.33
bbrock@example.com;001-787-641-4180x27972;fec41f08-44f2-9db1-833e-51cf40d21706;198.167.48.170
turnerglenda@example.org;001-437-571-1098x1994;4ce7785c-7063-54a6-8783-3f37ac029983;163.185.30.3
buchananlauren@example.org;773-730-2513;36145aff-cafb-c25e-75a3-ec6bb3a458c5;50.179.96.193
rodgersanthony@example.org;(278)584-2828;8c76f6c1-e4d0-5c00-656a-602a70324723;145.126.36.56
burtonmatthew@example.com;455.536.0786x835;b11071eb-1ca0-2a45-cf00-1ca7982f99ca;179.237.126.226
lauren85@example.com;857.974.2646x5782;e39930b4-192f-fe57-71d8-d66941ddc799;209.47.8.179
snolan@example.org;001-487-624-8655;d3be548b-d465-5b49-d98b-026977541c8a;135.44.73.100
anthony39@example.net;871-554-7370x402;77f53745-908d-3980-7463-8789252d50e1;171.9.201.67
wesleywilliams@example.net;(206)505-1868;6c33a8a7-82de-65c8-c103-57ef8d53d762;202.244.253.15
trogers@example.org;239-628-6785;2e79077e-fc29-22f1-1c7f-041db5b8c252;122.38.84.204
iwallace@example.com;001-267-889-9662;129c345b-1ad1-eb2f-1747-80acfe50743f;149.194.148.201
tmitchell@example.com;938-723-1239;00a66601-6109-42e2-ebc2-ee8712d0288a;207.136.128.128
cherylpage@example.com;792-548-3251;df51e21f-31a6-6729-19ad-172d393e6e9a;218.128.227.25
qwatkins@example.net;709-268-6286x58014;e981dda1-85d3-e6aa-7e41-5e765a6b5451;176.253.121.114
npitts@example.com;001-482-733-5273x739;ec25b4c3-8b05-9f7f-5997-c7685b3f3184;48.26.72.209
qmerritt@example.net;+1-534-382-1999x403;81fd4570-3817-c980-973f-ebbdd470e054;43.238.215.83
robyn58@example.net;6282474259;4899a3d7-4b06-9822-5ba4-ee86edfd1550;161.225.5.77
griffindiane@example.net;7483655945;6e2111fc-a730-88e8-68ea-ad79e3cd35c4;140.229.244.95
vking@example.com;(597)525-0454;3ffefea0-9c87-ce4c-99d4-304d6a394aba;135.99.38.13
nicholasgeorge@example.org;001-470-659-0643x3858;279d63bb-3feb-ed0e-d6a3-d3d19eb61856;186.96.190.254
david03@example.net;200-501-5196x76795;52b5afc2-da17-043d-668b-db9f45be58f3;66.67.89.84
gevans@example.com;558-520-2726x268;3f37f195-ee82-9ad0-b848-fb8a32f1258c;69.60.221.85
william38@example.org;+1-952-693-7655x99419;2d36a7c0-b2da-4727-5026-af5e18d9aa74;80.125.93.172
jacksonrebecca@example.net;+1-566-592-4569x564;87cd6e62-afce-c908-514a-2146634cfc33;96.220.194.198
billykelly@example.com;001-380-548-4606x4995;a0744fc6-22c2-2924-5b11-a74ede8d5ef7;13.64.17.220
manuelwalker@example.org;+1-580-381-0710x6517;34c9a26d-a8d8-7f8c-aeeb-7c8ef8e6c24b;57.238.249.67
jennifer86@example.org;756-981-3051;33ea1f2d-a53d-3306-2b77-834fd5f1e8d5;203.106.96.64
cwest@example.net;(438)311-4406x57607;fd9fee9f-7b60-c552-6127-e9c2d2617fad;32.142.215.215
benjamin92@example.com;+1-495-597-8828x1683;5f4eb3fb-d535-5374-5af2-0e0e3e728eb3;18.108.31.93
pgarcia@example.com;(799)852-9161;1a14e3f0-d2f7-ee83-5e35-f016d7188b36;102.119.214.252
christopherrussell@example.net;263-716-5891;21af3699-f1b0-ea1d-58cd-fbaf3d0375ff;118.229.255.20
margaretwall@example.com;737.747.6267x99679;97822e46-423d-65a5-b0e6-82fdb8e12845;16.147.122.124
william29@example.com;883-675-1343x060;80e84b2f-4feb-15fb-1053-cf314c292e32;214.6.11.255
oliviaburns@example.com;+1-497-730-4018x6528;97d779b7-d540-195b-97a8-e1a7e879b796;209.175.183.151
hoodderek@example.org;245-344-3711x6601;1a27a88c-e83a-54be-9422-7818332eac18;196.115.210.206
meaganwilliams@example.net;+1-287-872-1100x4694;79886920-0cb8-07e4-5e0a-0e221025cadb;195.242.76.203
ealexander@example.net;001-857-361-2496x119;ec2cb113-e4be-b6f6-5bd9-e261a8646b98;195.77.201.147
jimenezshawn@example.org;+1-844-547-7346;84132443-4db7-5e23-a454-ca959deec9df;143.188.229.185
lynn87@example.net;001-303-416-5275x689;e83fbb7c-000a-3d48-e01b-f2fab89fd13c;15.192.61.130
hansonkathleen@example.net;(847)290-6247x5619;c8c84901-549e-ff9e-00c1-fd7a59326b5d;151.164.126.227
matthew13@example.com;+1-454-395-4947x8697;586de9d6-1c5d-9b5d-9f2f-4ce7f80f6cda;116.196.154.116
jessica63@example.org;+1-867-576-8757x8188;075fbc9e-837d-efb9-11e0-cf0e4f46aa17;70.249.83.165
vnorris@example.net;+1-863-759-0875x21891;a60c2686-07de-a707-f311-85fcc4906c52;187.238.2.224
leejefferson@example.net;9382768602;99e5bf3f-4f4d-8020-917b-0cc5c9969a59;56.44.57.3
tiffanywhite@example.net;204-603-9510x0507;02322a62-8cf5-433a-2797-78603b45188c;156.158.157.174
morganalexandra@example.org;338.241.7316x903;cb4cefb5-5a0f-d39e-67d5-24017ee99413;117.51.189.113
uschultz@example.com;(646)900-5809x2488;ba9a7833-0dbb-bc92-9b40-918a19d73449;16.250.4.255
robinjoseph@example.com;+1-601-323-5310x9825;c7dab25d-60df-a07e-3da2-89ed189a51aa;200.76.193.65
tranmelissa@example.com;+1-639-915-5505x0382;cded6152-80d4-f078-6e0d-88b3497370a6;187.122.113.136
maysjoseph@example.net;001-460-583-0545x96001;59256f2f-fbfb-ca0f-2264-d6054c97f88c;205.246.234.176
johnfox@example.com;(204)892-0451x927;23e53e7f-bf00-2981-565d-88ff5db9b1bf;37.28.194.154
christopherlee@example.net;(860)531-7259;aa1e4f00-4106-571a-a758-0ef73e33fd50;34.157.211.39
solistimothy@example.net;(208)768-6605;32c0ff55-c396-3855-e141-ffc5e424e2fd;99.254.112.185
jamesparker@example.org;322.732.4728;7765f38e-8444-9891-dae0-bf0fac98438a;210.70.81.62
chavezrodney@example.org;+1-443-625-4911x163;6233bc4b-7c81-1cb5-a969-79c35c914241;154.124.118.86
lmurray@example.com;746-363-4779x2835;4a9b12bc-aa79-5759-d93e-5fe58a85d70c;216.136.168.28
lgriffin@example.org;791-896-3779;84d90963-0b38-8381-6b3a-9548024fddba;174.110.196.158
lisa92@example.com;806.432.5929x30307;2f058def-2bc3-419b-0928-cf3be5a45776;103.190.3.248
dennissmith@example.com;297-901-3742x750;f85f49a4-d922-a7d7-ae69-a08284437aa2;219.0.241.134
rhodesjeffrey@example.net;001-991-564-5077x16922;9a788b95-bd1a-8fc0-f618-2212ab13d5a4;5.54.109.192
matthew19@example.net;988-673-7080x955;9f3d92c8-6c99-76f3-a96d-655e6192be6b;162.133.94.170
ngomez@example.net;001-654-364-0792x536;40417042-113a-7c28-bec5-251e3fb69a28;204.109.104.133
parkerjackson@example.org;+1-556-825-7953;0e67c58d-3c05-7bc3-2018-c2bf394811bb;180.252.56.182
kriddle@example.com;5758106586;3534639d-bec5-f821-0dcc-05ebb2cfa69d;60.111.58.71
emilyjackson@example.com;992.780.8799;b6f33a71-d5fa-6aef-9622-20d40efbcce8;116.75.180.8
nicolecoleman@example.org;+1-545-283-1487x565;76a3a4f0-a1b0-5275-b5d8-76f1f9f42f76;114.77.186.148
falvarado@example.net;348-657-3308x792;437951b5-de46-73ff-77f9-53176838604c;208.228.218.71
jacobhenry@example.com;+1-825-211-0498;f1de23a5-0c1b-f78a-cebd-ebc752c99b51;202.52.46.67
lindseychang@example.com;305.842.8699;85893073-b8fc-d53a-ce26-f05ef41ea29c;193.67.236.113
tracy88@example.com;764-967-9262x91753;6689fe59-508f-dd40-fb34-c30e1af33e24;135.15.134.35
kmendoza@example.com;906.584.6066x0937;a7845ea2-d98e-b13f-b1be-6c9f19a4c6aa;19.170.250.250
qwilcox@example.net;(527)925-6797x06178;4daee245-4f5b-527d-31c3-825d2f23709a;180.167.22.87
tina65@example.org;+1-372-341-5827x63580;e0dad615-fb86-098b-c48b-2a730c88c193;140.56.134.113
conwayeric@example.net;+1-674-453-5594x8083;97f56a00-0aed-9d32-dff3-f20701ad02ab;84.197.81.129
ucollier@example.org;278.852.0111x8019;562ff061-5f82-089b-a972-a0c9150e000f;55.139.231.25
naustin@example.net;669.921.7941x8887;e8bb1646-986e-3435-dd9c-7c207ff39f93;124.161.80.122
steven41@example.org;9438382564;a6ea6c00-593e-3832-eddb-4880c04696c8;206.98.5.49
qguerrero@example.org;(734)841-0646;0d6de815-8ef3-a04c-b456-ff83df601cfa;218.26.239.205
jonesgeorge@example.org;622-780-8988x406;ee488846-1edf-5ff9-6c1e-a28ae5143d99;126.83.142.28
gina62@example.com;+1-413-766-9965;8b596e45-d883-6082-39eb-47871ac1c5f7;218.72.65.208
duranapril@example.com;988.238.4098x60048;42c28c18-d212-294f-b94a-d8541b44d2f1;175.233.11.176
richard40@example.com;001-931-502-5816x134;f1ac5fc4-157c-53bc-d6a1-de52eaa6f45f;198.193.201.10
jaymiller@example.org;+1-598-858-4336;8a2c6fe7-b485-4668-e7f4-cd370c02671b;114.84.168.247
laura65@example.com;(844)863-9812x0269;018003a3-1c8a-df0b-8689-04fb8f9d657a;51.7.209.89
benitezsarah@example.net;+1-228-547-7121x338;c0325e3c-5f24-1aae-83f5-52bf51bb1675;195.107.200.169
eric26@example.org;2653253208;a6be4260-7162-a0fc-decd-3d16de929dba;4.9.143.210
tracylane@example.net;+1-513-693-3079x05708;e10ab1b1-55a2-e5f2-636a-35ef7246a232;200.22.67.187
leslie30@example.org;001-507-211-4908;069d4d49-871e-36fc-5708-5df9520c474c;148.9.31.71
nmcintosh@example.org;(998)241-5679;2f2f7d03-0c61-4218-4168-6290c405cff8;65.88.160.143
abrown@example.org;5802399070;b2fe3a7d-dde7-91fd-855d-296102ff5e48;205.138.2.8
vanessa17@example.net;+1-855-864-2552x042;694fbec6-bc12-c635-d7a9-668a0b0b4380;129.213.1.161
henrypatrick@example.com;+1-955-464-7188x0735;a8758817-a6ad-8029-57dd-93b8acde5007;122.208.255.169
beth94@example.com;+1-480-213-6866x0293;ff2315ea-62e9-639d-2f5f-0b3e3671aed8;205.50.91.105
rodriguezelizabeth@example.com;715-795-4504x5241;5abf6c98-7088-b95d-fe43-f7425404ac91;203.79.216.208
odomcraig@example.org;+1-646-658-8184x114;e01c2283-9635-4034-56d4-405cf7e8fe74;218.213.213.157
taylortran@example.com;(464)201-2953x24971;3283f1ba-dd03-43ed-7dd6-3a70646370b3;222.0.180.74
alyssa43@example.net;(883)701-4188;af460d35-4ee8-55fc-7ef4-c95060c85ba8;200.188.112.62
rubioana@example.org;001-476-590-8026x8134;f95ee4b2-28f8-cc52-53b0-2822eb2b11d8;15.74.249.193
donna23@example.net;233-362-0367x69089;dfeee05b-d215-ecf4-9513-84f9cdd7f22d;223.175.56.248
deborah17@example.com;+1-852-577-1854;8367c9d2-040a-e143-e54d-0a46a02a9009;23.66.12.236
griffinvictor@example.com;454-558-7750x5473;9f1c00a0-a9f2-abff-8336-a9f8b4384e31;47.55.137.130
ecarter@example.net;6519417265;1224308a-a4d0-a05f-6a03-2b3221c8a38b;58.21.55.94
rebecca32@example.org;(327)317-6573;d2e9222e-72fa-8861-e6ea-992b0cf4b727;146.170.76.118
ywallace@example.org;264.978.7486x36059;b5126eba-bb78-81e3-567f-2d8a47f6a732;57.191.215.237
donaldsonronald@example.org;273.433.6278x103;e1b2d1ef-d232-6ae6-2d6e-0b1faac88732;18.159.184.95
kathleencruz@example.org;4662352361;095300ec-3268-fe79-7ad1-3b62847fe77c;172.135.200.237
garcialori@example.com;(947)947-4584x387;654d46a6-d4cc-2faf-edb7-39d2cc9102a8;137.233.195.175
julia55@example.org;001-229-848-4444x55645;4eb327dc-1ab0-267f-3f64-29e9c013aa09;141.146.227.125
luismalone@example.org;(483)724-3996x511;6be6cadf-ee01-af88-085e-247f948de548;202.14.109.240
rweber@example.com;001-925-599-9872;94880e3a-4d84-a21d-6cb3-33096685df64;147.251.18.227
jamie07@example.org;(692)989-2291;7c56d1ed-405c-0364-ac09-67074476e11c;209.0.15.241
loriwells@example.org;+1-343-720-6068x5261;21496f20-7d58-21f1-47e2-39de5d155242;173.90.116.41
carrillomelanie@example.org;433-229-8497;bbda538f-dc11-5bab-8695-0654d83e8b56;21.177.121.204
daniellehorn@example.net;(314)429-1433;785eb27f-b13c-479f-2761-7e5062ae2ce4;203.237.166.170
heathercross@example.com;(744)931-3244;92675ef6-ff7b-2cf4-a0b8-931a984d8aa9;78.174.32.251
nramirez@example.net;413-461-0609x652;b9137c76-9bfd-9904-8acc-736f3accbe8f;209.65.255.246
aaron94@example.org;+1-708-879-6112x39417;5544faa7-ee74-71be-601c-c8d587ec1420;192.142.12.118
seannunez@example.org;662.966.2979x125;fb05979e-22af-e3ad-2371-ac9374fbd6dc;189.154.109.94
jessica40@example.org;+1-817-368-5865x601;51007cc8-6cf5-a212-beff-9a972095b930;52.176.155.5
jody23@example.com;(412)961-9380x21975;fc6dbcd8-89cf-d0b0-9299-2694aeef20e5;196.167.158.80
zgonzalez@example.com;+1-318-555-1040x88053;9c4f8a2e-bd4e-2ce6-b630-76957ed14291;174.72.231.172
meghanallen@example.com;001-834-951-5155x90390;5f5b39aa-eded-2ddf-f1b0-44d5ef9d8e23;57.32.150.128
obecker@example.net;400-679-1843x902;06f65318-5aff-4291-e3ef-c1944ed4d96c;67.212.196.61
klineadam@example.net;+1-283-712-0602x526;ac093f27-f546-e834-7acd-afbeae465056;51.5.81.208
hodavid@example.com;+1-200-702-3583;0693fdcd-4a0b-925b-55ec-41da2d9203b8;204.194.100.10
lrodriguez@example.org;428-468-2785;2ea4448b-106b-e92f-55c3-6522cf9f31b2;212.170.96.171
gregory17@example.net;(593)733-1838;902ad446-ac0d-47d9-21d8-1ace331ff23d;215.244.12.62
cruzamanda@example.com;694-783-9937x02629;f425a2aa-9fac-847f-310c-d2295a9bee07;131.58.172.163
bergersara@example.com;+1-987-838-8316x08056;477b84f8-80aa-c136-e443-e0ea7725eb13;189.204.107.67
mark80@example.com;566.821.6295;12025e30-e191-f170-0a5b-965cd02673a3;56.77.155.86
terry56@example.com;409-566-4455x9714;88f2b4d3-bf5f-fc5c-a451-0127d5d84357;130.232.180.53
wheeleranthony@example.org;749.339.9196x90307;578c3d7a-7b28-1eb7-f119-8604ea957710;113.206.173.130
parkermatthew@example.net;296-320-4891x7539;b3ea25fb-c89a-0f81-d4d7-9e3bd5992708;27.208.193.245
stevenserrano@example.org;+1-915-654-2051x9313;435bc8f1-f104-c2e2-0f81-33e51f56a63e;129.110.52.106
orozcochelsea@example.net;264-902-6593x793;4ffd8a7e-81de-e6ba-992a-b345d6742aa0;118.177.157.234
mpetersen@example.com;(844)863-9812x0269;c634f487-5aa2-4d4a-037f-71f8d456f459;123.70.53.68
sayala@example.com;+1-340-405-4439x338;8e1b478a-f4fb-4ed9-2f18-3dadd948eb3e;73.186.218.246
kingkenneth@example.net;001-947-406-3648x2223;a9e1c782-2998-88d6-dffc-9776969fd874;219.31.115.249
alicia59@example.org;479-814-2231;e3a01277-7521-b76e-c4a3-3a3995d0936d;211.153.85.232
huntsusan@example.com;(308)256-0806x109;e3ed4ef0-ce11-e5fa-b974-17e770138013;42.141.8.109
hurleycharles@example.com;(469)737-0929;8b6797d1-9548-35a5-ab0e-4574a5b9201e;192.91.98.246
lisaprice@example.com;936.831.8920x487;528b833c-09ed-9f69-d49c-5d0799be259f;200.218.86.128
natasha27@example.com;001-703-672-1268x55927;a07d4fd6-ab83-456d-be7e-8737dd5d9502;173.57.204.6
danielpineda@example.org;001-517-940-0595x549;ee1ab3be-e01e-aed2-3d12-c9d75a2fdec7;219.84.148.80
browncheryl@example.com;891.677.6642;546a06b6-c85f-dd8f-1f20-cae5db3ca18f;138.51.80.223
owensmark@example.net;359-386-0162;37a787b4-4b0a-ce55-9436-ba15db8f3336;199.162.246.165
edwardsstephanie@example.net;751-826-9345;2b463331-21e4-b440-21c8-cb1afa169479;36.125.243.126
scott60@example.net;300-353-0102;4aa885ba-9738-0223-0f2c-1d5e842fe170;18.21.135.101
jperez@example.net;774-876-3573x25210;e740a575-49b6-4f12-d4ab-850e920d363d;190.48.198.171
fritzemily@example.org;931.653.2553x4929;d068555b-dd66-2cb5-72da-94db22c24a68;122.186.234.135
hgreene@example.org;578-669-3604x533;23402fdc-1a0d-978f-a559-5de6cd196917;35.151.155.95
grimesluis@example.com;+1-450-449-1342x778;8686bfad-cc1e-c42f-263c-6540a9a2a3a0;207.233.165.176
parkerkellie@example.org;970-619-1804x4170;88e25def-bdcf-3b65-0b06-0d83180659d4;118.223.109.44
mindyolsen@example.net;001-467-603-8809x7834;bc783321-9884-d001-f19a-1b806c4095da;187.103.77.109
marshallsarah@example.net;739.630.5835x9066;ed8f1a97-454e-33b6-eb9f-22c6e7b64720;223.196.243.232
heather71@example.org;001-470-968-5863x311;f6ace283-6545-acb8-9234-00c81c566ea4;197.50.218.210
pratterik@example.com;(666)308-7230x41911;6f2eb366-51f2-4009-921b-82b361faf81c;157.79.254.73
william02@example.net;001-937-970-7807;6c4e9339-0b90-f814-31ef-8a8a9d11502a;213.108.171.123
davisjennifer@example.net;001-252-587-9273x9954;02cc2ae7-eb97-374c-d0a9-1bb6b3932e9c;34.12.102.54
susan28@example.com;369-661-5745x25021;a3b9855d-b2a4-8a5f-3e8b-49d4cca8c5b8;164.184.47.133
ryanmartin@example.com;397-443-9516;840fbd81-3c79-ceeb-b32b-c2380cd6b0ff;51.164.200.177
ybell@example.org;482.613.1529;bfbdb003-b665-1a55-e555-0d3e847c934b;197.73.125.78
fletchererica@example.net;+1-727-812-7554x586;61059e76-d137-bf41-6fea-a21dc217ed3e;214.197.132.141
natalie20@example.net;(559)234-7085;dc50772f-2653-e779-29ff-7d9145140991;131.216.38.89
johnkirk@example.com;001-354-483-7692x43939;27aea178-3933-a277-f38f-1370e940a3b0;204.231.69.134
amandamiller@example.org;(802)268-3169x240;3656ef47-9789-652f-a05e-a68049e62938;142.4.113.28
hunteraaron@example.org;001-690-629-3553x77934;85818bd4-7bbe-1428-f97a-3610c8098689;66.137.227.213
petersonjames@example.com;7425358761;e99627e4-e1f1-886f-d6a1-f1a1b77cadee;124.78.94.134
elizabethpowers@example.net;001-851-714-3987x9911;f9e0f4b9-d380-16a5-1f5d-7525f6186221;200.203.254.60
williamsoncody@example.net;981-738-6305x398;28acaf10-c134-249a-0b90-5081b5774bd8;70.75.104.237
dwatson@example.net;(267)634-9971;2164120d-5c2d-ec69-9bcd-d69cfea8a597;203.248.234.18
patrickedwards@example.org;+1-797-997-7993x75946;7b0af0c7-0e9f-2df8-da52-9779980b6d23;24.77.50.76
laurasmith@example.com;001-854-900-9382;426fb723-5a27-d550-206d-e4fc53eed71b;105.29.158.8
mcdonaldtasha@example.com;+1-553-215-0128;ba81867f-d462-ee22-c221-6142202cef77;57.86.21.85
montesdavid@example.com;001-233-913-5363;fa9e233b-e25f-0976-1fdf-93579843c5e5;220.1.147.57
thomas68@example.com;+1-988-706-2447x890;e34d475f-1f61-2d10-155a-a0c59854b67b;135.77.98.148
edwardslisa@example.org;(799)566-1572x496;63f3938d-4e0d-acc7-100c-c1668c691e07;113.109.41.12
anthonymcconnell@example.org;(673)414-3280x970;94d3495c-c481-ea24-e84f-cb07dbcd264a;161.91.138.54
seanortiz@example.net;001-387-725-2760x22022;47aab29e-4b3c-5e64-dccb-6e54db516508;123.118.239.229
aharmon@example.com;762.839.5227x872;10b79588-b6e8-6771-b93b-3035cade60bc;8.190.47.191
chad58@example.com;6428783882;c0daeaf9-9011-396b-1af8-35d6fc983432;92.211.245.87
christopher53@example.net;808-963-2065;e08dd242-6d0d-38eb-889e-dce759470e6c;207.204.107.187
colleen73@example.net;001-884-683-8026x3770;7657cdff-5525-a274-4576-89c8c75a5cd0;155.201.134.25
heatherlynn@example.net;750-663-0826;db910ba8-9c43-d745-f3b5-36497e3cf79e;117.196.148.108
wramirez@example.com;(754)323-9191;971f87e9-5857-270e-421a-4df435c87755;140.147.221.38
wbennett@example.com;635-794-9592;df38a4f8-e475-04fb-28bf-cae6babdbf82;205.168.89.104
moralesjacob@example.net;(616)639-8106x65710;6efb7b8f-41ab-698b-83ad-062e9306b44e;202.207.183.245
wendy99@example.net;(329)721-0664x7530;b4807355-0653-be91-b1e7-0067765349b4;198.69.0.79
joshua46@example.org;+1-997-221-7256;a6bc7ad8-9eba-2f20-ead8-4a25612e5504;51.108.19.185
andrea07@example.com;643.479.8565;9bce4c38-2ade-fa8c-3b2d-8d55e1b3cbfe;167.64.43.22
taylorrice@example.org;981.375.4979x444;308f1d90-2dc3-27a8-870b-af53fe7a187b;186.93.126.164
lucasrobert@example.com;234.976.8400x538;7eda8918-b1cb-cae6-136a-63ca5a4a606f;191.57.95.102
jhood@example.net;224.450.4943x15809;c86e818e-6f49-448e-e208-6428074294bf;154.55.27.126
lynchwilliam@example.org;507-392-1477;cb84fb85-be7a-f805-0e19-8c4a67c8dbbe;132.151.196.80
whiteelaine@example.net;840-632-2274x6470;c979e42a-520c-42c7-6e05-dcc3f7343454;68.93.81.208
sullivanbeth@example.org;5807362211;c9b4b6bf-8abb-9b04-2565-8474bef145cf;150.232.143.10
austinariana@example.org;001-230-913-5837x166;570c1c79-08fc-77c2-78be-a96d5d0524ad;194.14.22.245
madisonyoung@example.net;609.823.6359x413;f55b7b20-4881-83ef-6b37-e8000ec89d41;35.203.8.225
rogersmark@example.org;596.888.6389x175;43dd3728-d1e7-0d5f-c8a5-cc3ede9ad88f;198.232.54.8
sarah93@example.com;001-777-899-8129;e1d6eaa1-b868-675e-3d7b-76bc6332beb3;14.28.59.223
barrettjohn@example.net;569.732.1551x4596;db942a35-06b9-8365-d381-57050aece0e1;152.114.171.242
jaredgriffith@example.net;001-977-917-8782x364;2f2f5b12-d97b-ad59-9510-a04f9ab40a2a;201.88.231.0
canderson@example.com;001-755-458-7583x092;ea984a48-7439-8bc6-a97c-260699139eac;48.246.211.168
collinskenneth@example.net;707.755.4493x684;22c0fed8-0bd1-7c53-ae2e-0aac0d6ebd28;213.165.55.230
ibailey@example.com;2213585463;c40aae82-270b-8176-678d-eebcf9509a27;128.189.234.203
hardysteven@example.com;794-285-6602;c2252450-73b1-b76a-05dd-0232ec402ee2;69.239.225.37
sherrydominguez@example.com;001-319-796-4853x13221;9eab4144-8874-a612-49b2-21d3755ff238;55.193.48.65
adam52@example.org;+1-879-690-7103x29270;8471f324-7ef1-f6d5-a22d-237bd3596179;211.138.106.253
david21@example.net;441-280-0997x3776;64f135f3-9071-ada6-1be8-c26514582aba;216.118.243.51
allisonthomas@example.net;926.237.7518x7821;dc63f434-4454-a6eb-30c5-ed64869d2a31;202.38.237.197
theodorefoster@example.org;001-610-235-0050x679;1e0eaaa6-a03d-3d8d-0fc5-b20e9a3a176d;204.88.28.150
angelcook@example.com;478-297-8758x261;83090716-7330-e7b4-febd-eed7ace0a080;42.253.221.148
timothyzamora@example.com;543.340.7676;7c45b4c2-cf0b-63d9-c8ec-5982dabf8e97;210.231.133.197
andreacampbell@example.net;(578)700-6622x6028;fddd37c1-9e4d-f4c2-ba36-da668911e79b;210.44.80.62
joseph08@example.org;+1-959-356-1339x25480;4ef40ace-2202-d1be-a2ad-e3265f6e4f4d;186.199.244.106
hartmanstephen@example.org;(370)668-7186x19190;36371b61-cf5c-caf0-0140-e3b8be982b09;198.114.66.61
angelahernandez@example.com;001-486-327-4102x797;277d41d9-a2ec-6a0b-037e-1fe5976f2ab1;131.99.41.22
swhitney@example.org;4796880892;ac02af59-00b7-e373-9f15-13b6b1f0fa80;163.77.26.1
jonesalicia@example.org;286.493.1184;58cb8e7e-8520-073e-d4ab-36827edac987;217.69.16.161
nathanielwalls@example.net;001-369-750-2343x945;40d6c8aa-3580-d215-efa6-ccb11c85cc84;221.34.74.221
james62@example.net;(632)511-3987;6198ab93-09ab-ce93-b620-6cb5c0228a65;219.118.137.129
benjaminpacheco@example.com;001-915-834-8696x9419;26ca7c6c-b182-9fb4-becf-ae63d94401c8;222.46.203.51
mooremelinda@example.net;613.834.4008x2667;4e350f1f-08c3-3bc4-803f-7fd24472cd8b;190.103.146.151
jesus40@example.net;970.692.5463;57569a7b-f6d2-6e30-e078-6ada46fea311;210.193.182.155
robert23@example.com;+1-206-902-1297x6626;153df6e9-e7c6-70b0-0909-1839ea66daac;75.191.8.201
torresbarbara@example.com;+1-720-602-4808x14300;6395e205-e328-034b-7db3-a8c95dc74ba7;210.49.133.89
christy12@example.org;710.609.5937x17205;a6562891-4179-b41a-a8d7-7a9b24591b7c;220.191.226.237
rebeccayoder@example.org;603.793.8130;d4489aec-831a-62fc-9a59-5a35226c57d3;24.48.145.121
whitekendra@example.org;8276536413;2a27143a-cba3-48b6-a011-8a2c1ee2ea66;120.40.41.48
weaverdeborah@example.net;(806)892-6699;7d5a39d2-1e74-01f2-208d-a4f61112b70b;151.69.33.123
tlove@example.com;001-767-615-4514x0749;18aa2cad-f470-002c-3869-4a5e3c9cc986;206.181.159.46
teresa14@example.com;+1-980-870-9487;e46e2f96-be6f-5262-c84f-0519bb8665f9;204.196.201.176
joanna26@example.net;001-736-261-3280x281;80cd6ea8-c0fb-72fa-1782-b1c716b12594;157.58.238.133
ewebster@example.net;383-545-1348x0856;0bba9ddf-503f-c259-6309-8585b5e973b2;91.201.175.141
jamesmiller@example.net;(250)903-4595x6784;927af387-a85c-1740-debe-14673c41acc4;205.130.4.11
emily88@example.org;001-754-259-0661;e2731aca-d90f-250e-b108-2855ab8abfd4;138.34.35.15
klinejason@example.com;001-345-511-3987x4159;6ecd9c6f-a6a5-94da-a97d-134b1d02c7a8;89.15.201.218
franklinrachel@example.com;001-554-916-6065;38ceb90b-90cc-425b-f6f0-51a9b8dd51ee;144.145.217.198
hansonjennifer@example.com;638.496.9260;54c1100f-7ccb-da12-eb15-116723be3a9f;150.62.249.104
boothkendra@example.net;821-594-9807;25737747-e7c1-1049-94c0-17698a91f1d8;210.23.163.160
walshdouglas@example.org;703.457.6457;c84fe43f-fdb4-f549-eac2-d754d728c0d9;41.49.85.100
ewebster@example.net;(922)271-9483x45698;0bba9ddf-503f-c259-6309-8585b5e973b2;91.201.175.141
wmcconnell@example.org;812.896.5349x55573;c74b5643-6a9a-90d0-57a4-e1392a6e8ed4;182.108.42.197
lauriesmith@example.org;382-307-5787x732;27b0e5c6-f17e-5ce3-8b7b-1b12f993d178;111.132.230.247
mirandabass@example.org;+1-891-712-9296x87851;10578388-6128-69a4-d199-bbcdee926148;9.92.194.165
jamessutton@example.org;(407)907-3673x520;a626263d-0738-1df0-3501-a0340b8469ed;200.219.79.31
ruthcasey@example.net;+1-958-396-2827x862;db622efd-4d5a-286f-e763-137f62d0ab89;168.93.132.149
courtney37@example.com;001-830-891-9423x74962;06655e51-3cfb-fc71-8cdf-f11f28c00bbf;215.111.124.95
ryanbauer@example.org;(634)289-1221;8cf77f0a-761c-1379-85f5-f555a04e785f;215.52.241.152
xhernandez@example.com;482.613.1529;163591b4-86d8-9d35-7ffe-16dbbe84f464;197.73.125.78
erinlucas@example.com;(312)706-4267x1832;2daba3e1-f1ad-a020-ccdd-b44215d5556f;55.219.145.125
kgordon@example.net;(747)932-8405;ec6d3489-a6df-c30c-836c-842f82abf131;20.248.183.18
mooresamantha@example.com;512.502.7792x7721;e7d6f85b-759f-4b96-32de-87dada7adb9f;97.253.155.104
simmonsjohn@example.net;(959)976-9840x539;7b35a46e-f4e5-daa0-a455-3b5b46148532;213.236.212.42
raymond70@example.org;554.779.0913x0303;5a054729-f733-b8ca-bbe4-29a8e4df7145;222.0.180.74
lloydchristopher@example.net;(671)993-8929;004c26b2-5c04-3544-7e23-0c147969c205;23.35.58.199
debra18@example.net;749.293.6343x900;40812f66-6c62-e753-8c97-399f54028cb1;168.183.148.44
gonzalesthomas@example.net;(490)372-5299;008312b7-f8c0-518b-df9e-8fddc6526724;99.68.129.38
scott29@example.org;772.854.0541;9081fd41-b801-fc51-2753-4f74af136782;207.102.17.125
emilyburgess@example.org;593-246-9757x97141;7fc56cd2-02e7-73ab-737a-93b492076cf1;138.108.54.113
lgilbert@example.org;+1-797-997-7993x75946;0d9ca4f3-1df0-39d1-492a-e559168e9072;138.148.145.45
drewaustin@example.org;001-215-774-7897x86059;5ca37732-3ff5-ab05-5d20-61e27164f08b;188.64.83.234
alicia68@example.org;272-291-9949x46885;31a8a9a7-0fd2-235e-877a-1b404a40f68a;69.48.241.200
lori75@example.org;766.937.5146x425;0862c8db-e37f-f49b-927c-938d32327b90;188.132.100.17
edward70@example.net;293.937.1960;11278dac-1e31-a702-fa82-e6487f62685c;184.238.6.1
haileyscott@example.org;001-655-225-0604x8896;e99a62ea-ca17-bcf6-6f72-f137ae560e3f;190.91.186.82
vanessalewis@example.net;291.421.8788;efd57b01-d87b-7721-960b-c9373a39f8a9;140.248.253.180
curtis74@example.org;224-944-0091;ec28f229-de28-d9fa-a7f2-7aa334d7dd77;216.192.102.101
snguyen@example.net;506-542-5302;d6cde47a-3e0b-be9f-7ca3-ff576333e9c1;185.18.133.241
brockcarlos@example.net;001-640-294-1922x47715;991bd6d4-385d-685f-fcae-f8cc2952eb9c;102.41.207.31
gwilliams@example.com;758-672-4868;232ccc64-779d-99e7-7953-45e6c5b8fe6d;219.208.249.16
hray@example.net;001-927-772-2383x82804;01dcb93f-dfdc-e7cd-9c5c-a3d4061f9c1a;143.212.1.2
lisa77@example.org;7622879329;70ba6e66-183e-cab4-578d-7b7c93b5b0b4;113.226.65.180
robert04@example.org;995-263-2354;051c0d39-d189-bfc5-4b57-e18a2a26ecc6;78.21.168.215
tschultz@example.net;001-245-466-5938x57245;cd5f30c2-a431-2a5c-016f-b5ef047f0689;134.180.253.220
hillmatthew@example.org;904.636.7906;870a201f-04da-cd52-163f-63d3d07b2253;157.244.129.169
harperdanny@example.com;226-425-5724;2bb480e8-cbf2-5330-f31e-ab749c520b79;131.2.237.152
mirandafreeman@example.org;3978436051;5f045b46-fab8-dc14-4187-6a0bd3c6e32c;126.146.38.233
donald98@example.com;(885)929-9902;96a4e6cb-b0ec-3fc6-d952-b11bbb97f27c;113.194.237.96
raymond36@example.com;398.748.6587x98960;294ce7e3-2587-108d-1531-21e4351d4566;131.120.70.17
sramos@example.net;675.474.0447;a848bf25-f9f6-5eac-bddb-b626e6f138b5;199.70.89.163
staceyperez@example.net;(545)244-3259x188;e0f8ea47-6791-155f-411f-811cf6a489fc;61.110.129.129
scotthernandez@example.org;209-254-7782x4116;958ca15d-5aec-c18e-fd54-6bbce82994de;142.222.149.206
christinaolsen@example.net;575-403-4571;c303db09-3a59-2c36-9b1f-49042451039c;217.99.199.168
lance85@example.net;(990)514-0421x13088;e5370d03-ac31-06a7-496f-f0513baa8378;170.241.204.190
grivera@example.net;529.956.0918x244;cfed1904-3f38-e546-8343-c514e09eb997;206.13.235.84
matthewsdaniel@example.org;8977082751;5ad5d7dc-4a30-838d-de6c-4b507aa9b003;187.55.208.241
pattersonscott@example.net;329.859.2088x0831;eb5300dc-3d85-f8ac-3272-0e0324ec8481;65.38.103.236
gcox@example.org;464.367.9320;eb21bdb0-a16e-87da-c476-7eafc2b4cdc1;215.251.55.185
reedlydia@example.com;571-767-0907;f3b41274-9aef-856f-820a-a7ee1dc27dda;97.166.147.3
eguerrero@example.net;001-812-376-5021x307;bd4f21bb-66d1-7efd-9ee5-8ebc61f8b5b4;207.43.147.55
scott19@example.net;(442)828-6458x8682;4b351f78-1bee-d59c-c6ef-69448f016fee;19.241.137.228
kimberlyprice@example.net;+1-336-785-1192;5d40ae1c-51ee-478f-f63e-bdbdd21785d1;206.242.87.27
ericmarquez@example.org;952-344-8495;480a2911-659a-f0f3-0ae2-e88f43732ac5;29.18.144.88
johnscott@example.com;672-721-9709x97047;87cca18c-bf78-5589-7bb9-158067cdb7d9;36.87.168.205
osloan@example.org;342.663.4475x37526;8df9de99-5af6-39f3-e784-6955128be1cd;109.78.14.191
mirandaclark@example.net;234-771-7686x173;360bc411-e61f-a074-5b0f-ef79bbb4230d;176.118.98.82
cristiandiaz@example.com;001-299-578-7879;ed18c075-1760-9a82-a3de-22c035ce2ec2;148.186.95.222
williamjackson@example.com;336.484.0724x6212;8199cb5c-3008-67a9-1471-8a4dec6a2769;213.205.97.177
hawkinsjennifer@example.org;365-398-7601;3a4632cf-db3e-a521-a6ef-ac44dc726a54;72.90.31.237
rhondamclaughlin@example.net;496.904.5561x7128;9850ec9a-e91b-7197-ba9d-94da69c2b1b6;196.158.156.183
michelle73@example.org;616-982-1056;87381e8f-381c-c906-a3d3-1ecffe72bc9a;201.222.80.171
jonathan99@example.org;468-940-9281x0210;70cd98bd-ac0c-b778-4526-3009ee0bba67;167.141.184.98
jademendez@example.net;(601)412-5613x1223;e020dde4-c20e-16e9-48ca-9e111eafec19;123.251.122.166
timothydunlap@example.net;+1-702-812-8815x90650;7183a618-f964-c1d6-79d0-e51a98e976f3;130.212.210.224
joshua29@example.com;001-671-350-1796;9d854c67-240a-6a69-004e-cbe2f08b123a;109.112.101.218
brianflores@example.com;(952)987-4298;24ac6a1f-c3b7-fdc8-27ea-9be973f12cac;222.70.204.13
aliciabowman@example.net;001-737-446-4061x1002;aab72656-e70c-b865-1479-87baf3213f6e;156.93.176.131
colemantrevor@example.com;5778693477;4b6d6cf9-935e-d46d-024c-393c8205f043;213.188.24.34
zmiles@example.org;578.428.9849x03909;1863b228-f446-2693-a0f5-529070b055bd;147.12.224.42
michael03@example.net;001-986-780-5096x983;f4c035c3-0471-d90d-1b5e-fbf16991d377;196.68.184.191
jason83@example.net;+1-815-339-0329x605;a29719ed-beef-b0d9-d09f-d868508fa429;80.70.165.148
walkerjade@example.com;596-251-3544x24214;944a1395-64c3-e6c1-6c27-4861c469a7e5;216.101.60.222
johnsims@example.org;001-819-965-0171x9293;7e7a3c54-f400-8140-5f74-1bbff49324bb;129.236.89.121
michellejohnson@example.org;+1-484-550-3582x34984;61ec042a-2c1f-c381-edda-8a121bafcbb2;164.108.215.206
clarketracy@example.net;614-455-4323x55343;99dd4beb-eafd-dab2-f254-2ee8ca3d3a83;27.241.127.50
mikemorgan@example.org;+1-524-304-1725x8831;92530b8f-97f6-e495-2024-fae3150ea8e9;209.248.210.145
john57@example.org;602-234-6078;42434b53-1537-0297-ee14-4275e0355d85;158.18.155.7
patriciaarmstrong@example.com;964.505.0063x14424;8d726449-3e98-77fb-97b2-06ba0d5572d6;23.171.39.80
jonathanglover@example.net;934.310.6307x152;032d3536-9980-6e36-1e56-b19026791c62;97.218.58.129
sandra59@example.org;384.430.8229x22876;6b891296-14e9-4236-d789-eab7c42ad415;190.234.76.17
zfuentes@example.net;+1-537-976-5819x4474;062090f9-3633-1cdc-1cb3-c5298c5906d2;130.152.137.197
richard05@example.org;586-338-6560x32611;fa39ca76-b6c2-f1ef-9927-a1fcee249f1f;209.13.132.47
ruizjulia@example.org;414-448-7687x637;bc17fb15-2512-8995-b124-8cc635755b7d;220.143.165.76
navarrotanya@example.com;715-769-6922x643;c76bbe92-b9c4-af90-02e3-bceadedb1fd3;84.129.68.143
williamwest@example.net;390-520-4245x59404;ed99b502-8982-8c82-758e-8758de4db290;213.165.21.71
brandon06@example.org;683.674.4729;da7bcedb-efd2-c30c-888e-ce215e82618c;215.6.196.9
gardnerdavid@example.net;660.949.8038x10067;b7b15b27-67a7-162e-0341-178f3a714c50;197.102.70.111
jessica54@example.com;(604)818-7994x50665;3ee3ec8a-96cb-dd22-a9e1-0906ccac331a;197.137.37.113
shannonrogers@example.net;7142703632;606a5f2a-029b-594f-0228-88631c1c7763;22.202.16.91
jillian03@example.net;996-909-0471;9ec3bcb8-8ac0-ef8f-357d-1212266e1869;116.20.57.197
amandawolf@example.org;340.799.9577x660;0e29a61b-de1d-bfdc-c37b-6064cbf3c14f;128.240.199.115
williammejia@example.com;+1-459-576-0597;26a3d344-1153-aa9a-c4c2-8d3991a58bbc;206.55.67.15
michaelthompson@example.org;(683)748-2452x6672;291ba8dc-09ef-f72d-aa8b-68a9790d7b33;61.185.65.189
morrisbrad@example.com;402.485.1748;e1b695f2-9186-5d8e-527d-403700c9ecda;213.201.147.212
hickmanmichelle@example.com;619-637-4934;096f54a5-0627-04cb-2838-5f4318525cce;151.75.144.142
meyerjennifer@example.com;220.613.0465;42ce4d05-ab68-29ff-c619-b407b938408a;216.126.75.246
bryceadams@example.net;328.216.5197;cae1c525-6031-8d19-d237-fc09cbdd25d6;169.30.197.105
lowerywilliam@example.com;694-473-2534;ef634624-da99-a9a0-3e13-0db0b5fe6316;173.131.122.71
lgarza@example.com;793.980.3732x6675;2d214a88-6d4b-0ad2-a823-1e468fe1155f;30.95.91.185
rossgabriel@example.net;+1-257-441-6336;1a1c0c0e-a93a-7b54-7748-a91418e2721d;184.56.77.235
jim52@example.net;607-574-9748;509976e4-490f-d334-6b04-5694487834f3;222.221.4.171
nicolefisher@example.net;(486)648-0383x9016;3840160c-16ef-4ca5-16f8-f3f02bd053f4;210.74.191.220
obecker@example.net;400-679-1843x902;297eed4f-e1da-1710-2aaa-385397d697a8;162.34.47.2
jaredjames@example.org;995-885-2759;2d095814-5a34-e94c-0a65-2e831408dcda;219.41.0.138
kimberly12@example.org;(268)964-9721x817;2b8009fb-a0ce-131f-e889-0090f3fb2537;66.94.77.35
jessicarichards@example.com;(286)716-0569;4c6b9c26-c574-da32-94de-2a552116dd41;184.149.94.15
alexa81@example.com;(775)458-3110x76894;50f2a770-091f-31c0-3398-90ca5c207460;153.143.42.126
samanthamoore@example.org;2097961850;67c6b44c-bf94-b53e-88bc-33e980e4211b;133.98.150.108
jason48@example.com;(267)959-6849x8812;5f233f2b-1da0-44b2-834d-87b581033158;193.92.224.176
ocarpenter@example.net;485.861.9723;2e2bcd8e-e55b-c70c-9a4d-79236081f000;80.156.47.175
nina37@example.net;973-340-9880;4ebf1d6c-a517-edbb-e2d0-8fd14ff79efb;188.99.27.207
wcole@example.org;553-489-0457x6939;73296612-1977-1b92-29a2-d39754846b36;114.6.201.60
patricia18@example.net;(701)512-1226x73373;8e34eb42-7082-cfbe-6038-24d1b726d674;221.134.205.173
herrerajorge@example.com;435.333.8579x6280;d781b2d3-ba8c-87ef-857a-fe72ec339c1d;200.1.92.58
amber77@example.org;(982)307-4460x6816;4bc81320-81b0-5f2a-420a-34372233b851;194.92.137.57
joywallace@example.net;250.311.3497;74e0dc9b-9611-9f6f-dade-bc35163a5324;69.224.252.252
jamesnavarro@example.org;+1-725-510-1804x60629;6bf2fb74-baee-b892-96f1-bb34d1a3faad;155.69.134.125
scottharper@example.net;482.603.7783;6302b823-f5eb-967f-76fc-be3d0067e44f;1.250.77.97
amandasanchez@example.com;563-990-7046;85e48618-7ccd-19b8-14d1-7c173f86f6b2;172.35.123.57
travispaul@example.org;254.362.9772;8ab65892-a797-4596-5c59-b5680566b3f9;215.220.57.108
aharmon@example.com;2988876710;75d23ae7-0552-5ae5-d422-d8e54f96bd5a;190.192.119.217
pattersonscott@example.net;329.859.2088x0831;a3921bd3-fd86-22a9-c00d-0805b01689ed;214.2.213.200
krobertson@example.net;455.243.5744x94254;1c887032-10f4-c4c7-7f45-8b0b9b4eac55;64.118.208.19
david96@example.com;(951)647-8202x96140;7164cb40-0b35-80c3-c307-796ac92c0899;205.117.104.187
leon71@example.com;001-205-463-0364x3560;971116ab-7415-2812-e0c3-bbc573356e26;33.186.245.144
lopezlisa@example.com;248.259.0671;8c8d85cc-d5f5-9c5a-8f11-32f7339c3a83;223.74.216.47
katieguerra@example.com;001-552-808-0415x6183;50819ee1-4760-6816-fead-f3e95bc93d57;46.109.246.247
jerry49@example.org;(421)992-8898;e03829a1-5224-fc7e-fec3-995e0d23e87a;175.8.251.111
haleantonio@example.org;688-491-5432x564;34746bb7-12ac-8d34-91fb-67ce3273628a;144.180.58.166
johnmiller@example.net;(681)334-9024x70283;ee32b910-b496-cde4-a6a5-e4cb19079504;215.52.114.91
elizabethchristensen@example.com;549-348-6821x126;a35addcd-c9ca-6b6a-3fee-f62bec42c09b;208.255.177.232
pamelamueller@example.org;(329)410-9692x861;a1f70741-88f7-e80d-5644-c50053874733;115.176.165.134
daniel56@example.net;402-513-1236;f0180552-5f0d-37a5-cbbd-47ee452dcaef;192.16.208.127
davidreynolds@example.org;001-779-345-3237x55156;9b2923cc-0493-c122-2817-4933d2b73bd3;220.171.43.173
jenniferrodriguez@example.net;(201)762-0874;6b846c8f-7747-3f52-bcbd-8b68d9d83d54;76.42.135.92
parsonsmichael@example.org;001-636-374-7738x40119;6a16ab11-f8fd-6705-5fc5-ce795227bbda;171.54.99.227
ralph33@example.org;638-456-3339x28224;0cbb41e0-e248-7be2-9efe-e85f624c8b9f;159.230.190.163
mark52@example.net;934-426-9286;3ba4e015-9056-1db7-028c-629ad53b4c23;146.54.124.43
ecannon@example.com;798.765.2307;655684b0-ca4d-6004-0129-ff614d502267;150.161.105.101
lindsay16@example.com;228.550.9897;165e6704-ce28-8ffa-9da7-b6baed13eef9;217.171.166.207
john81@example.net;797-585-7511x38791;aac2fe31-f45d-54e7-551a-c7f7c13286ae;201.27.148.14
elizabeth56@example.org;997-424-6782x4688;17ffbffd-12bf-bf66-380c-74aa03037182;146.209.20.208
rebeccahuang@example.com;+1-763-716-4415x6413;3d6f16d7-8b69-58ff-daf6-3c8e8d345829;218.47.216.1
yhoffman@example.net;001-214-961-6933x7176;e17d2f58-b947-1499-df92-740d3189add8;176.247.102.30
samantha77@example.org;+1-543-333-5256x5121;61f5512f-f3cd-2dd0-1062-4d2f46187164;101.155.215.167
cathyjohnson@example.com;861-365-3351x393;2229ff8a-673a-6fd2-8c76-fd2cb86e2796;143.105.169.159
destinydavis@example.com;364-222-2960x658;81fed088-996c-6140-6372-9a30ca3c86fe;174.98.31.105
thubbard@example.com;+1-348-453-0655;900c814c-399a-bf83-fa74-77bb85a9d425;199.12.118.58
jenniferburnett@example.com;(737)999-9387;b6a4c960-6ae1-7b2f-b662-81bbed979d7a;211.246.24.193
tesparza@example.net;455.643.3484;9f222780-4ca3-7e05-c183-47bd0dd1f820;155.68.39.119
stephanie65@example.org;001-431-809-1291x6282;274ca123-fb8a-ab7f-5179-c9b98e7bb3e6;223.122.20.136
alicia59@example.org;4693863157;549c29c2-3540-bb97-ca4c-ea6f0d5be0c5;211.153.85.232
jack41@example.com;(420)295-8709x75704;94e43570-d14d-494e-ef76-e7336d238171;126.237.111.67
mroach@example.org;(350)850-4259;73ad87d5-a3fb-56f3-d7fa-1832f0a8e617;219.53.199.38
jeremyhopkins@example.com;(633)266-4109;09e3e94a-bc79-099a-a478-a724700c1b97;194.21.213.230
tinaharris@example.net;(599)886-0822x2534;48d5fd82-7f27-230a-cf0e-c282d3a302fa;77.15.55.169
leetracy@example.net;774-925-0980;82f86c45-6ece-24ca-b51d-ed4a691340fa;52.170.100.43
juliaadams@example.com;(733)550-7384;645e5de3-0a22-dad3-f6dd-bde570ea4e4f;78.193.23.75
chris16@example.org;001-257-349-0686x600;55c039e4-7105-a4be-6932-5292ae07891c;142.56.103.42
qhenry@example.net;(691)596-8661;f69069b5-ff6e-849f-6e46-549f8054d881;181.190.213.113
jeremy55@example.com;637-521-2988x5132;72d2c74f-b1b5-87f2-d84e-af2c05123e6c;168.52.88.127
mathewsjeffery@example.net;(402)397-6195x852;4910e26d-a9df-bf55-f7b5-72ed2325b34d;196.249.14.48
mary37@example.org;001-753-306-1011x4620;58f04c15-da59-0bc6-e3e4-a61deda9db81;166.54.24.36
michaelwoods@example.org;001-684-233-4281x07605;f8c0685e-ad27-38fe-0484-f1778fdbbe8e;222.30.235.38
lcollins@example.com;001-918-988-5755x400;7cd997a1-7445-74cc-96fd-2e6aa862910a;53.78.3.21
matthew71@example.com;001-309-652-5922;a47ded9d-4007-644d-f6aa-7945766d643e;100.47.28.4
christophershah@example.org;001-396-443-6661x189;2551b667-17b0-0b86-2605-aac7e6589d76;14.3.255.217
rjones@example.com;449.722.8996;b6368627-1a72-6771-407f-407b6329f719;85.177.168.227
pamelabowers@example.com;8784026369;69407aa3-715a-c5d8-cc8e-8c878ef422f6;223.237.165.255
yhurley@example.org;+1-200-702-3583;0693fdcd-4a0b-925b-55ec-41da2d9203b8;205.57.154.241
justinlee@example.com;+1-227-996-6411;f60917be-4d30-11cf-2551-cb8fd7c70f49;20.128.182.111
leejasmine@example.com;+1-833-854-1849x4587;52162cf4-4dbf-6a55-6fa1-e64e7e7d0dc0;220.34.10.199
vnorris@example.net;+1-863-759-0875x21891;e8351200-9aed-4508-2983-f941a93d5da6;134.231.180.175
jessicabishop@example.org;8229649440;a8126f51-9637-f713-80d0-2957962a323a;160.213.79.153
smithcarla@example.net;5834505111;fcbd2fee-91c4-1e09-0377-322f25bc4d3a;60.107.174.156
ndaniel@example.com;(977)306-4586x0140;f7ef3b86-b001-616a-e459-c797592a7f32;180.93.25.130
gutierrezsarah@example.org;231-372-8016x6680;68169374-b8d0-bfc3-0a8f-9b119a1bfecb;206.75.49.144
steven33@example.org;(787)363-5846x7508;99fb4938-cf17-fe59-7ec3-98f586b6f699;174.157.170.128
valerieweeks@example.com;001-859-928-3989x0144;9256cfa1-86fb-7d2c-278f-750a29abd04a;26.102.195.192
jesus18@example.com;(855)588-7998;f2ddf568-aaef-6110-fbdb-0e0bce5e07a9;182.54.93.33
brewerjames@example.com;292.326.3405;425ece97-e561-6d85-f4a2-956de98513bf;220.131.44.155
carlos14@example.com;001-668-352-0957x159;adfd2a67-ee7f-7d89-2840-2165622de84b;214.33.51.163
deborah62@example.org;4269398697;ca383673-ff10-aa84-2203-84a19562d702;167.232.177.11
linda24@example.net;476.248.3400;8e4c765b-0208-b9d4-50b3-68910e085ee7;160.189.114.112
jessicarichards@example.com;+1-226-633-0984x716;85b61fe2-6051-34b7-44b2-183d50f9b4ab;218.23.69.13
sarahnolan@example.com;001-294-398-6262x7913;dd05712e-079b-116a-6300-d46f68fbe5ea;32.51.197.81
cesar53@example.net;382.910.5614x767;a68f9aa0-2a4c-25ec-fd56-87f4fd09bbaa;145.61.104.110
wesleywilliams@example.net;277-404-9425x75431;5820a052-ea20-f135-3c3b-de5e5078d732;207.243.121.52
acompton@example.net;(913)323-1366;ecd6cb63-db75-5bfb-4d84-61a4efbe7c0b;204.54.53.181
tammy26@example.org;442.909.1028x942;66f31c47-7bfc-98e3-583f-c15a09834aa0;189.10.203.41
leealexandra@example.com;505.659.8775x4884;12db1db2-c9bb-59fd-3fc0-44192e456b6c;72.186.69.247
erik17@example.net;530.584.9983x72135;487212b5-f43f-5893-9ba3-b0dfbf4b6710;159.126.25.203
blake71@example.com;573.905.9783x761;3aa0e369-c0a6-95e2-944a-33c9be718d6e;33.114.177.139
zschwartz@example.org;+1-999-537-9252;15dc67cd-bd8b-53c4-5569-a62bb6507da4;9.72.33.219
aliamanda@example.net;955-487-1320x700;96f30a03-0fce-ba8c-cdb6-5310079ad388;180.109.241.254
michaeljohnson@example.com;3196641975;def2a8e5-cab1-0c1f-ef34-8c53bd86a9af;103.78.156.115
justinellis@example.com;4369283217;686d63f5-6f46-8a9e-72e7-8dad6db65ce9;198.203.48.175
thomasparks@example.org;645-276-4719;a8534b19-83c8-aea7-31ba-939b6f9c10ef;90.3.162.253
kimberly32@example.net;(408)633-7913;9dbeea18-3b9e-5ffc-2d6d-feb9df5219c3;152.230.197.155
andrew75@example.org;2496111096;0eef030a-1bb9-f538-7cf3-23be5316edef;12.244.102.61
thomas26@example.net;4217328177;0b281a3d-3840-e6ab-cb3c-ff55ad2d52be;132.151.117.77
dixonjennifer@example.net;628.297.0723x2094;3a1764b2-a640-5f5d-e4e4-30f7b16c74b8;221.71.12.100
colinroberts@example.com;332.590.2405;6c0dcf1c-f2a9-edb6-860c-c861a1ab025e;66.175.65.38
cevans@example.net;001-333-570-5280x246;67637bab-c857-3468-f87e-7a28163e9a1e;221.108.34.218
derek23@example.net;605.258.4818x825;54745b36-ee31-1a2f-d8c3-d23c6cfcbcb5;6.156.183.185
gabriella59@example.com;001-663-337-4821x08364;d445db1b-12f5-5f38-83e2-5750f8b4c163;192.75.118.227
newtonbrittney@example.com;404-761-5392x77134;88a305b0-42d8-9d83-2499-50fad4eafb6f;75.178.254.116
robert84@example.org;838.985.0982x3374;ca793d19-7ef2-90b3-70e0-cb5d8d9a9509;131.20.55.148
laurenyoung@example.com;(643)959-6344;96ccf072-7e54-b067-2e9d-c2ad0873cdc1;89.248.145.234
ihenry@example.com;279.249.7618x161;2627e6f0-0f2a-81e2-b020-dfa6535a5d3f;202.29.90.94
mooreeric@example.com;001-877-927-4140x49532;90bee576-0224-6ec0-9e08-634191be630c;176.219.90.161
bholland@example.org;855.935.9108;804de99c-81c7-b813-4d58-b9dc7025e33d;103.32.229.244
hpeters@example.org;319-226-4714;a5c6db52-1020-b341-6d87-84f504dd6701;17.159.214.121
matthew65@example.net;+1-368-515-4471x091;c494ee36-b4ab-bb77-dd73-05063e422e9b;77.241.8.187
philip49@example.net;585.431.9398x881;3272efe5-155d-e1a1-3cd9-d4fe89fb4455;164.241.215.95
melvin58@example.net;(460)821-6089x74268;31792654-bdbd-e3b0-25a6-f971055cbead;221.240.245.231
bmclaughlin@example.org;5664346468;8d07e557-6ac6-52cc-8995-ee6813c5012a;198.226.59.254
qhayden@example.org;+1-598-922-6156x41131;f4b33447-9082-51ce-3b99-1b6bff0927b5;140.235.245.237
brewerjames@example.com;321-392-7746x8620;dff69876-cb35-b6fb-2beb-9dad128dd309;220.131.44.155
bshaw@example.com;001-322-992-5067x084;50d1ee3e-6d7f-396c-d69f-03b53f398e30;7.235.241.178
nrobbins@example.com;4339993061;aefcbc1c-ab42-5c40-6d6a-9615964a6880;213.57.67.119
fjensen@example.org;231-262-7285;bf5ec5f0-b464-d09b-d51c-18414db81101;77.205.103.79
joshua92@example.com;818.430.6996x698;c8424af7-e272-cf64-8f28-807b0444f949;29.24.7.115
millerzachary@example.net;512-349-7962;6c6dcbdd-7fe8-741c-24cf-f563b9b1a8dd;101.177.208.189
uhayes@example.com;(738)464-1493x098;ffc4bd55-c415-6b63-42c9-fc7b21cc5e27;160.137.101.82
allisonjames@example.com;(275)701-4933;be050bfc-e4ba-0bc5-cb40-e19fa37c4137;216.144.124.48
jason23@example.com;7088165108;7364bc0e-9ddf-ecc6-205a-0aa614acbd3b;61.64.194.98
james58@example.com;601.394.5484;20206d16-5e80-bcae-a4ff-b3bcd96ae04b;222.122.210.113
ipaul@example.org;(846)370-5455x33854;77d6c306-b46c-dd4b-af59-604a7682549f;139.211.103.65
hunterstephen@example.com;001-727-673-6651x54795;f70132e1-086a-7b3b-6cd1-c74982be9f32;157.63.128.187
njohnson@example.net;+1-671-229-7747x33392;2d51dbc0-237c-3251-c8b5-699717b2389a;216.103.246.115
lhorn@example.com;(269)200-8365x03512;2522372b-c172-b9b2-6028-a42236c0eae0;169.12.192.46
fullersteven@example.com;+1-971-925-5404x4795;acd2fd92-351d-3ca1-7bcd-d13923122647;143.97.75.79
jasmineknight@example.com;702.734.9542x15378;867f0d37-a7b7-05dd-9ac1-0e59cde11e2c;194.189.26.86
ethan97@example.org;001-918-747-4471x494;8b82b805-ef80-16c2-354f-36c8449d7f53;120.223.130.236
angelavega@example.net;+1-525-412-8721x648;79ae7040-3e77-d5cd-3562-f55c85bf673c;214.99.88.200
robinswanson@example.org;701.500.8005x4976;14516f3f-15cd-bdb0-6e65-a96b261cfe95;120.243.157.255
gene69@example.org;(390)573-9529;d2791be1-1980-fd26-a04f-569e924a0691;8.152.175.159
matthew12@example.com;(823)626-1973;054bbea1-e709-02f0-1d9a-5ecdf0adbaec;158.98.26.198
christophersnyder@example.org;849.370.7029x34740;40e5a334-a148-0706-91f2-e9685a6bcb58;55.2.118.177
msparks@example.org;551-573-3149;127dcf4a-e24a-62d3-e0b6-d28da9a41404;161.29.253.43
timothyfisher@example.org;432.688.2421;c04df7b5-2142-31f8-4324-9b035df230f8;209.85.233.193
sosborne@example.org;001-944-265-1779x24838;8129d404-788e-3759-3a4b-4a6894b0600d;166.238.76.94
princeaustin@example.org;+1-518-405-6293;d3e74ab8-d43b-1bfa-01e9-989346d2f1b9;175.70.157.107
jacklopez@example.net;(384)991-4178;56df7a0c-2b1e-ea46-dbcc-0e550e9c7293;147.74.94.80
williamsjimmy@example.net;982-326-7973;92fa20b4-f195-7e29-3222-c7214895378e;79.133.99.127
christophercarpenter@example.org;365.599.7053;13265edf-89a9-6ca0-b639-f0e08f9c077e;137.76.203.188
garciashelley@example.org;844.345.5729;2bd90013-e9b9-2eed-e661-cdb377912473;194.210.177.104
flowerschristina@example.org;246.667.3608x2672;871ea3e9-e463-6e80-6454-71f2f044391b;191.36.44.203
bradwarner@example.com;001-206-816-6574x74119;1f26dd82-584a-54d8-a330-15f82eaa518b;29.11.117.16
paul85@example.com;(512)972-4140x16705;20c02907-3dc2-3c73-5bbb-2ba1709cc94b;141.99.39.251
irobinson@example.com;391-316-3069;c249ad71-29da-2a98-e1f3-7f552c532d74;194.45.215.82
davidhernandez@example.net;+1-832-237-9627;4fa03bc5-c57f-31eb-ccb7-c984f662bedc;202.8.144.237
allisonkevin@example.com;+1-403-969-7610;9e775e44-eec2-f337-c2be-b334bef32f26;17.250.25.205
ricky04@example.net;(560)367-9076x44303;c5068a4b-52a6-099c-267b-dd4620321a95;171.138.119.139
rsampson@example.net;+1-800-231-0927x299;14252287-eb99-c5db-9dda-afdf7dc0001f;73.234.103.214
kmitchell@example.org;(707)435-3076x065;29bcbb50-1329-d577-2274-74697fd52e25;192.112.65.229
serranotammy@example.net;309.416.5693x7123;df78ba7c-ef13-f648-160e-c177cdc5b6a1;77.250.116.158
troyrobertson@example.com;(604)567-6347;be183573-5488-2fb0-fdca-58dc996eb3b4;39.252.22.55
fbrock@example.org;980-655-6851x16174;67ccc010-c841-ede8-2702-de2da159bf10;187.238.2.224
clarkjoseph@example.org;846-738-2028x66847;16828e31-431c-dba8-88f0-572445d732ba;181.139.83.94
jonescarolyn@example.net;906-706-2408;0bb8126a-2936-878b-226e-e451d8953c01;36.226.15.167
kbrown@example.org;284.587.5708x1200;6bd6062b-d82f-b9f8-0ba1-ff118b94b11b;213.74.224.39
gmays@example.net;5789681188;3ac28677-24aa-c252-c282-e48219640413;114.22.80.212
vanessahall@example.com;670-733-4499x508;9df487e5-b3fe-2f78-f1c0-31a5c492d9e4;201.147.211.234
greenleslie@example.com;975-584-7954;2cee16f2-a068-e6dc-87a3-f62f3d0c8b28;135.25.95.149
anthony70@example.com;551-754-1706;cf642113-d66b-88eb-db86-c6e5dfe43e92;214.16.14.239
nicole80@example.net;001-866-507-4246x7101;eb5ade12-93cc-7754-fab8-87947d090cfd;115.13.229.217
martinpatrick@example.net;521-947-9193x90917;ba985400-5d14-ad51-25ff-c220e89c68c2;142.98.22.244
jesse08@example.com;809-881-0634x432;1f1e270f-0ce1-7666-119c-c63e1b9c6fbb;8.178.73.179
louisarnold@example.com;(838)292-2220x665;0f615fa1-96d5-8853-e8ec-6aa3bad99d7f;208.230.208.132
kristinmathews@example.net;315.451.1662x523;a6c79555-d499-d8bc-2d36-3b4bfcc2d8e7;185.22.195.175
mckinneydavid@example.net;909.607.0610;65f98be5-3839-0cf7-aeae-d05ef7240fd5;91.21.141.207
donna10@example.org;+1-806-836-3075x27780;ee7da296-baa7-57f5-4768-2c332c08d8c4;147.135.90.156
sramirez@example.com;920-701-1230x10394;7225d07c-46f2-9780-c655-bd4889dc128e;167.244.225.42
molly22@example.com;319.556.4454x6864;886ac83e-46c8-97a0-9ddd-1b25aa9590ce;219.212.2.90
cathyjohnson@example.com;(356)623-6938;3a7934c3-dad6-637b-c078-feea6c2793c9;138.163.82.30
kevinweiss@example.net;(347)989-9485x77615;4299cfeb-618a-713c-38f3-0dbbddb0675b;85.189.134.202
steinjulie@example.org;(555)822-9129x167;3396f16d-c6d7-3812-b1bb-afa8a935617c;133.95.64.178
cfowler@example.com;781.220.8095x2304;3aa3d9bc-1fde-d2b4-2188-beb5dcb29a97;121.229.140.99
ojones@example.org;6372091575;0d68d591-1888-ac9d-62c5-7086108915c7;176.250.169.91
jason37@example.com;482.383.7190;b3e02ae8-18ae-f42a-b1a7-d16ed31fc48a;117.88.242.116
markgraham@example.com;+1-866-647-5531x82082;4577e559-c632-3e65-2ca6-cb2565b354ef;193.80.44.177
robin90@example.com;+1-736-827-5689x8505;eb5963aa-bf2c-1425-9d94-f73606d95605;54.30.151.151
arroyobonnie@example.com;697.755.7152x88865;218d04eb-1c7c-ae99-ed7c-f29e7d0a81e2;99.82.165.13
williamsshawn@example.com;+1-502-371-9257;87e34af6-19cd-96c3-0697-31a83ae1d9fe;210.69.150.92
john42@example.com;+1-876-200-0577;6fbedd79-cba9-fce6-ebd4-1b911fdf1577;169.166.225.54
blairandrew@example.com;951.552.9426x96082;df837b30-67cd-18ee-5b3c-d1aaa8267167;154.189.85.101
browndylan@example.com;708.369.9436x9467;78e0bfa9-5f56-77a4-810a-cbd71bed6b89;174.140.132.65
jacobsanchez@example.net;(564)551-2338;d6854b8a-69fc-e3b8-4cc0-14b3f70a4dd3;222.82.48.189
ffloyd@example.com;+1-734-940-3832x29233;b3719caa-7ba6-8ed5-1405-a18759aef3fa;18.184.142.116
kelsey85@example.com;(569)707-0596x44592;0e274c53-6019-a87d-5dff-cfd9b909fe78;150.227.108.92
ashleyalexander@example.org;768.228.8470x657;81eac76f-5f18-f826-d80f-5a9b1fae61bf;210.207.132.28
jamie37@example.org;(591)833-4877x576;71b3a983-e34c-878b-0b12-cae940ac1100;221.176.142.104
katrina86@example.net;001-849-846-7055;3ee2ec5f-e9f1-1de4-6074-45f9fe6beeba;61.98.242.82
colemankenneth@example.com;391-522-3611;ab09dbe7-73ff-3f6a-413f-dd337b851c69;194.85.240.48
jforbes@example.net;6736381926;c6c72988-2a7f-6bc2-6b87-900af1d6558c;44.98.243.91
anitamiller@example.net;(427)694-9209;b0f49995-5e8f-9a69-1ed9-c6fcf0f07edb;160.75.136.29
christopher81@example.org;(215)977-9244x5471;cba9c1be-203b-15fe-85b0-4aa538017200;79.228.235.75
hannah41@example.com;357-768-0002;c99d1d69-9fbd-8729-6a10-79b1c10151b2;97.239.86.124
danieltaylor@example.com;(307)465-1430;90ec25ba-201b-f7dc-a8b1-201db5b3ed61;222.213.71.23
ayersbradley@example.com;(449)244-0961x80022;3e51799e-6cd4-d20c-c814-4635f4ceacfa;146.251.13.4
pamela76@example.net;900-214-9570;7661ff6e-bd4c-c20b-5e39-44992824a3aa;98.73.79.39
dgarrison@example.org;920-669-7440x0808;f16978a7-705b-5707-c61a-623f03bf338f;186.221.244.175
banksraymond@example.net;001-408-526-6784x9219;79a855d4-5de9-8a11-1540-f1e3b9811e26;167.35.246.71
cassandracarter@example.org;001-859-928-3989x0144;9256cfa1-86fb-7d2c-278f-750a29abd04a;173.52.137.253
chris15@example.com;694-783-9937x02629;f425a2aa-9fac-847f-310c-d2295a9bee07;142.247.202.163
vjohnston@example.net;738-203-0786;d346e06e-7e35-c960-4293-92f254561a60;192.21.55.111
stephanie51@example.org;249-320-5994;52b85a3c-f2c1-7290-023f-0dd0fd65f4cd;151.119.115.202
orodriguez@example.com;204.684.1762x40531;858f8053-debf-345c-ac78-3ab76ad7d89e;139.249.104.190
kmoore@example.net;(724)314-8865x4147;0ee5f47f-b589-2f32-1620-dd8b597612e0;150.54.247.77
joeparker@example.org;354.575.0631x073;43249cfa-ad6f-a708-d9a4-b4cfdc08b031;103.225.79.106
jenniferramirez@example.net;+1-890-602-7955x7252;434a7532-6c66-33e2-d5f3-5e5b70d235fd;214.1.64.63
william99@example.com;001-732-417-0819x990;d051d157-c78f-98de-5bb9-5ca16341b1bd;82.1.59.113
tboyd@example.com;768.228.8470x657;81eac76f-5f18-f826-d80f-5a9b1fae61bf;210.207.132.28
calvingordon@example.org;280-320-2054x684;0974c3bf-65a8-5c23-3af5-7b42a53df511;201.24.137.55
freemananthony@example.org;001-744-907-2948;aa7e7b55-1c3d-26ee-c506-e1a77716a16d;60.244.236.78
stewartmelanie@example.org;953.970.0289;67242f46-ea54-3f98-b711-8ff55a73af2e;211.80.230.14
davidvictoria@example.org;420-659-0235;d2b7041c-c643-b7d5-6945-c559f428403e;212.183.6.106
amykoch@example.com;841-779-5840x5895;29882a08-adfb-a72f-2e51-10684e70c038;213.121.196.201
valerieweeks@example.com;862-555-3728;4d01be7d-a40d-1257-4c60-4f75a5f5a92e;16.111.58.178
landrychristina@example.net;429.421.2968x586;6da5d662-a494-1a71-227d-2add8307d824;107.162.53.116
fosterconnie@example.org;(427)694-9209;22442a1f-34c5-cd03-7540-0363636f4f13;33.16.30.0
jeremy90@example.com;001-341-257-7770x915;a5625e66-a424-c7d1-a451-33188f73de8a;72.195.53.251
paige19@example.com;2213585463;c40aae82-270b-8176-678d-eebcf9509a27;128.189.234.203
ylee@example.com;+1-661-941-8195x7457;e83fbb7c-000a-3d48-e01b-f2fab89fd13c;147.92.110.47
heather88@example.com;562-918-7935x9698;6ded0cbd-9ca0-2b65-3017-691cd15063cd;211.110.206.187
fernandezsusan@example.com;+1-988-785-7098;1276fd1d-ae3f-743b-8a5d-3cd2bce96dc3;188.29.205.192
derrick84@example.org;756-500-0617x36441;b7000dc3-3994-a46d-955c-c4b711d6c3e2;158.13.253.94
chapmanbriana@example.com;(491)552-7398x57204;98e6e254-b913-d5b5-690f-1d9f313076e8;91.173.239.182
sthompson@example.net;361-809-2566x022;9e1ba581-398e-6b8b-cbe2-65dbab9d0e40;100.225.1.237
rodriguezaaron@example.net;(970)318-0015x92316;cd4e2a5c-9910-fc08-f8ab-45654f4f32b6;148.173.54.141
johnwilliamson@example.net;+1-876-242-4866x8257;e9d4135c-7e8f-fc2a-f445-87ab3056f25b;18.200.216.38
carolalvarez@example.com;001-499-953-3044x9008;1374aa16-a152-5898-5ba3-7f672ff815bd;111.136.68.241
tara19@example.com;253.798.9718x756;f3cc7561-e195-451b-4a6c-6d120c7b53d5;140.222.197.145
harrisshannon@example.net;001-810-753-5917x6461;db3ac44c-5a3a-c0b1-5e2b-cd2f81b14ce9;203.203.144.115
crystalfowler@example.org;771.572.4612;75b0b328-f5bc-fb7b-d384-4bb2e79d56cb;148.107.110.85
tristanrobinson@example.com;+1-642-278-5307x947;41809a70-ebef-e50d-b4ca-9ed69afbe994;208.22.219.33
kevinclark@example.net;863.395.2026x9596;f3955a9e-549d-7b56-f954-57fb0e081a5d;200.115.133.66
walkerpeter@example.org;7164846762;361b3109-a3b1-80c5-b062-a177baa66a2b;204.238.71.223
youngvalerie@example.com;477-677-0190x1998;b24f383f-837b-b4f9-e806-952d79b35efc;41.86.184.108
michael10@example.org;661-249-7565x4442;f64cc2c4-433d-47aa-a447-ada1403fd448;18.184.16.27
victoria45@example.com;+1-526-660-8769x88451;6102bb5a-c9c8-a33c-f317-86cdbd4609f2;38.246.89.90
millerchristopher@example.net;+1-918-856-0141;fa1f69a6-bee9-7f3f-4efb-fd72168eb3c7;12.116.121.17
fowlermelinda@example.com;776-860-3722x76456;b53f3762-b707-3066-ee34-576bd9c5eadd;101.174.186.155
rubiojoshua@example.net;001-456-301-9244x7822;9dd7ce04-6a04-d3d1-397f-b03293528f00;16.15.226.57
wschaefer@example.net;+1-576-629-4265;d20d1009-a7b2-8307-eb1e-12d6423873d7;192.131.153.164
alicia32@example.com;(684)598-7301x864;c84963bb-beac-0929-2317-39488d66c22f;60.154.119.215
qnelson@example.com;+1-678-290-8850;cab2dcfd-35b4-e001-f4c7-8de8b8670bf7;169.2.90.246
vhall@example.org;(803)398-0127;4d6827fa-243d-e4ac-1452-146afddc34f4;29.20.119.64
michellewilliams@example.net;(792)556-3258;a92cfd85-816d-b292-c05b-fe9c062c363c;3.80.147.32
jason20@example.net;524-927-2485x2893;ce1d80a2-dec8-3369-2ab1-093d8bd32f43;22.47.109.63
kara57@example.net;+1-892-965-0408;2c9554a3-bce2-7900-8d65-e94a7b56a4fc;88.181.94.60
wdixon@example.net;9895177107;baf3b154-e338-7e85-2932-e28691641534;178.150.59.16
brandi03@example.org;353.641.5227x36401;13c47aea-781a-7014-45b2-11f066fa90f3;130.142.10.178
dennispowell@example.org;356-769-9660x8557;ca56a1db-7e98-a1be-062e-3162554cc266;151.222.148.132
lisa93@example.com;001-601-323-6634x5953;86365dc7-0046-7726-0e67-d1c63f679c64;173.140.50.34
reginarice@example.com;729-307-1888;e4610a9e-e61b-56c9-92c9-e37f10e30b89;158.51.170.248
joelramos@example.com;(375)288-0218x538;8a996e9b-29bc-0bf8-ce8d-d1e0f0e8ffbe;144.26.204.38
cindyfloyd@example.com;2282412732;2e5122ef-aa53-0e96-5c27-09cb162ee3a0;40.93.194.41
efletcher@example.org;(212)232-5449;dcb2b85d-96f5-e2b7-437b-046f5c03695b;85.148.125.208
hhudson@example.org;3272236140;85de5cab-d404-fd59-0456-ef25fb85a5ae;16.199.88.10
gina43@example.com;5394350426;d18bfb65-e048-c1ea-55ef-9ceb5e4e54d3;222.57.96.54
molly77@example.com;001-928-704-0493x1332;dd4b3d58-efb0-089c-5f2f-fb0f30709bb6;4.140.29.72
cooksamantha@example.com;(733)369-6541x5961;9ee0a8b6-15f6-47cc-fc9f-48ca72a1a223;202.137.139.191
wellsalexis@example.com;(733)550-7384;16024bf3-70a9-cb45-e01e-f58b36606a59;167.251.157.225
haneyvanessa@example.com;202-622-9653x5174;9cae8eac-b63a-1046-5c30-c3f35fa0a016;181.99.7.152
reginahall@example.org;+1-578-358-0005;445fb505-4a5b-94d8-6719-15d478410e8c;90.224.177.150
sandra12@example.org;9067172717;490c2caa-3d09-a0b8-9435-e4dbc8df12f1;179.145.174.123
gerald38@example.com;(404)577-7851x4723;32f68826-d7b0-46ab-ea2d-7cd0141a260a;192.174.40.18
richard14@example.net;265-677-3128x697;3a8940a3-2135-16be-30ef-a11bd7d4a7a6;66.195.95.131
lauren82@example.org;3558166664;55fd2fee-f809-00fe-8840-1d3b8c042bf8;159.171.29.220
denise82@example.com;(662)904-9103x90254;333948c1-09b3-b446-74f8-1b8d2cdcc398;217.21.142.77
ktorres@example.net;(261)692-0365;fb90f078-59fe-00fb-785e-147945135cc0;24.77.129.47
katie37@example.net;001-911-675-6024x95759;8c269c92-dadc-c7c7-a5ee-ed5716dcf9c6;97.25.236.5
qhoward@example.net;3638447125;fa186f5d-b6e0-c223-900b-7777d5d17db5;107.119.231.19
gonzalezamber@example.net;001-287-748-1883x814;a9592913-6efb-8e12-6b2a-2e9a54016c06;75.18.205.9
shieldsjeremy@example.net;(379)657-2648;1f659368-08a1-34f8-a195-50d07dbe2cef;43.242.150.210
vjohnston@example.net;001-552-227-3767x26716;28f991e3-1f6f-7129-ab09-8fe2e7de1745;64.118.120.67
harrislynn@example.com;+1-994-816-9218;cb4dff15-4c4d-463a-255b-627eb2c11974;130.40.120.255
lisamcclain@example.org;6582799483;46a314f3-7ad2-5a82-52b6-b9ac51644e0a;155.90.211.113
rthompson@example.net;978.871.7426x5906;066ce11e-2edc-bb05-7a25-412aea55d89a;8.41.232.168
lindsaycantu@example.net;(415)563-9719;4e650043-5e17-813a-0d60-60b149f55ce9;13.33.206.188
andersonian@example.org;602.675.1103x388;0dd43638-083d-8480-addd-0233b0665e0c;222.121.172.55
jeremy21@example.com;(469)784-8692x501;8f078fcf-6306-903d-3efa-ee3d0d1b29ed;50.121.190.156
rebecca63@example.com;001-524-333-4809x792;db910ba8-9c43-d745-f3b5-36497e3cf79e;215.216.90.197
ugrant@example.com;(299)916-5145x8883;0ab01e01-a0c1-66d2-32af-092d0f5e5eda;202.203.22.166
carrie28@example.org;001-996-671-4662x8295;6fceca07-e181-980e-e871-ae457c570d26;222.237.206.149
madison31@example.com;(514)894-8055;cba90446-e111-3fd1-9362-756a2e8c0547;180.69.84.188
philipknight@example.org;+1-839-303-6175x8174;d03b47a4-6fc7-754d-c726-0c326295847c;187.174.205.7
jean52@example.org;001-288-243-7553;c4d79e4f-86ec-7a9a-a9dd-d2c0cb665a32;208.223.253.74
javierbryant@example.net;877.894.2743;6f41261d-422f-c0d1-b15a-d3ec87042c4f;210.201.217.17
david61@example.org;251.620.5839x74138;51ba3fba-93c7-d6b6-8027-9929ce0003d4;2.124.176.243
julia31@example.net;4145130380;1121066c-856d-d5c5-9a88-8023bedd4eaa;214.69.198.238
donovanbrent@example.org;433.936.8604;b393273d-6cf3-0c2e-31f8-63f3f75f8f28;175.118.100.128
nthomas@example.com;941-567-8279;3d900047-2337-7eb1-fb73-07d86316c57d;180.191.1.8
brendaparsons@example.com;001-917-752-5880x440;f99155ba-4e81-1d1b-4c98-67c5783d5b82;131.153.76.239
richardsonjessica@example.com;478.659.3811x617;239e5913-6f54-adbc-931c-390a28df6444;207.233.232.168
ymatthews@example.com;884.583.3034;1b0314fd-5e66-f6f3-bbe9-0c0433c57960;160.185.121.217
zburns@example.com;+1-569-864-2882x400;40d41c2c-cabf-d740-cabf-264f72059c24;156.152.86.72
garrett13@example.net;902-676-5607x2444;029b129c-d38b-a719-28d4-2379cc5b5af4;32.234.24.197
cramirez@example.net;+1-982-938-4272x492;78eb7a97-4b35-ca1f-97b6-6be985b6f05c;141.191.248.218
stephanie86@example.net;(703)958-9556x6111;e626bc68-e435-a708-8a09-02b3c86e541b;134.111.19.170
garybowen@example.com;630.989.7047;66936add-2b75-0216-cdca-f51342d8ed3e;47.94.61.41
gillespiecynthia@example.org;974-650-5340;94a490bd-71a0-ef62-beb8-ecbbd95ded91;216.112.97.194
tammy25@example.org;001-215-774-7897x86059;7e65d7ec-703c-01db-c54c-ceb4166fae85;124.195.121.27
benjamin75@example.net;236.354.2829x0322;22b87d99-8627-1b4a-55df-1e9e48e237db;153.103.220.171
timothyfisher@example.org;(747)733-6989x32583;c04df7b5-2142-31f8-4324-9b035df230f8;218.25.13.167
middletonbrian@example.com;382-382-4675x48625;6086f03f-f5a4-c717-3b61-b7be96633343;223.203.163.244
donaldnelson@example.org;477-596-2235x889;c677fb90-1179-7af4-f1f0-214c9a4d2e8f;130.107.34.134
brandonmann@example.com;614-251-2000;8ffeee1c-69a2-11e6-d573-022d2313cb7b;25.46.136.247
andreamyers@example.net;939.468.7500x31794;af1e92a3-0bb1-9e20-3c20-b3d6f1e31e4d;12.48.66.126
brianbowman@example.com;315.977.4766x1547;78aafdd2-42bf-5f50-f426-a42ba34ce3cf;199.192.119.200
nicholas12@example.net;525.959.0113x95918;98558966-ea63-dece-6c30-a3cdb5bb4b4b;222.123.186.231
grodgers@example.com;799.570.0916;66a354c5-9022-5964-c46c-1c75f74940f8;129.162.107.166
juliewatson@example.net;6674435818;8c1ac244-0b4e-6348-a651-9e03cc51c03e;41.38.47.90
ashley23@example.net;883-535-1974;e4d6c2fc-565b-f986-3f95-5724b7217e27;132.168.59.129
carl80@example.org;001-649-853-5268x2391;d69a941a-bd98-8ff9-c5d2-544f022e7c78;153.108.115.10
aedwards@example.com;989-940-9394x8857;9a4cf301-56d3-a0ce-a94c-8692cfdd016a;151.123.248.86
samuel79@example.com;489.293.2165;60fc5f10-5e95-c7b7-5a92-5b27be320cf2;191.231.170.184
hhill@example.org;+1-602-835-1369x46903;da77e291-c178-ef88-d0ce-2a4a2b63c087;145.70.170.11
markbrown@example.net;+1-202-617-2698x95636;6e81a026-e1d8-6d19-f203-ddb603f0f751;126.136.209.141
williamhoward@example.net;(855)943-6383;5d3a08b2-6013-e70d-8b6d-485663b33a72;156.82.164.90
ltaylor@example.net;639-924-0374x72452;8bf09d28-c2fd-e7d5-25b2-019e7a451648;143.144.173.118
lewisangie@example.com;+1-550-624-4143x4746;692c648b-b543-1dbf-65ea-f0d43c812bcc;113.91.173.202
vpage@example.com;819.346.4315x1433;3a56d147-1f47-bc92-35f2-f9dece6e4e31;161.116.133.175
bmiller@example.org;280.924.7007x25925;35a75a61-1d0a-51d7-5c37-3593da1fbd1e;128.223.229.61
shawn32@example.com;+1-357-321-9746x799;e3ab3a20-20b8-8eda-3309-22619bc2d38c;202.187.37.4
cjackson@example.com;(540)507-5939x1506;f0154d1d-81cc-78a3-285e-64de180ab96b;196.114.70.229
tatekelly@example.org;3184536310;fbf0de78-74ec-dc4c-5330-14ec3bc0de7f;200.185.98.146
guzmancassie@example.net;(217)821-9075;a9325fab-63e8-1e20-b06b-0e7129bd1fe5;6.167.26.43
lewisrobert@example.com;(827)256-7721;046bbaf6-5b65-a5d9-66e2-a7e2447dcd93;204.242.231.12
stacyschroeder@example.org;425.344.0262x78899;fc6f6c36-5292-3e38-6dea-6a8f102d98a3;128.253.184.84
christinebarajas@example.com;716.521.0537x561;2cd13619-0db6-d20e-114a-923564236c25;53.182.204.44
cscott@example.net;(330)379-3275x845;f331baae-0b31-bf83-1c81-192234505d7d;193.251.244.155
feliciabaker@example.net;476.672.9733x88966;7c2a67f1-20f3-0b02-0fec-b548653be8f5;217.86.7.33
melissawest@example.org;315.451.1662x523;a6c79555-d499-d8bc-2d36-3b4bfcc2d8e7;57.226.25.33
riverarachel@example.net;825-907-6711x0976;2ed8b6ae-0914-3d27-3d5c-c050eb4356e0;165.248.35.135
micheal36@example.com;609.369.1535;f7364fe4-228c-99ed-913e-325fea729623;200.95.150.18
jameskane@example.net;001-344-885-6932x833;b1591b45-89c4-4cb7-21c9-7ab5ff0e5822;30.243.136.89
hendersonyesenia@example.com;642-655-2909x077;2b2cedc9-572b-9568-5cb7-0e1bc04ad0b4;192.60.30.24
benjamin85@example.org;(579)895-7796x50949;8ca18536-97f3-cd37-7d73-fdd7310a7d6b;63.148.75.215
rachelroth@example.net;545-742-2410;74f9cbed-46da-c8f4-0c7a-861db3e3fffa;98.204.219.202
dennis71@example.net;850-870-2409x019;3e6b1945-97d2-e494-14fa-a2c338c840b3;133.160.166.238
craighernandez@example.net;001-804-355-0097x988;660b1e44-6d22-8e97-adcb-c1df587d40c4;205.178.200.171
sarah04@example.net;783.911.9001;bddd3e51-643c-e6be-b09a-98b2fbb9f138;31.194.31.72
hartjonathan@example.com;424.963.3866;fab1bad4-7b1e-f4ec-1710-d74272793464;94.44.182.139
wknight@example.org;322.732.4728;6132471d-28bd-b853-8b07-12932928eead;210.70.81.62
bridget25@example.com;001-995-713-2924;57c39b24-968d-5a61-0b6e-fddfffa10001;28.48.231.27
allisonroman@example.net;962-653-2316;58cf83df-05a9-9190-11c2-5b38e28fbec8;203.151.121.58
xmyers@example.org;571-459-2295x3708;0a7ca4a8-2b32-d124-d0d0-fd0928bba5e8;221.139.9.103
cooperjustin@example.org;(534)277-0836;77664e1b-3090-4e60-2305-85cdd88cf654;179.240.8.209
sara25@example.com;332-566-6936;0ee49687-183c-91cc-c37d-9fdab0d92b2b;165.128.217.17
parkerlisa@example.net;+1-407-237-4499x1045;0d994a84-63d4-8b78-9f50-e9e98d645c9d;120.115.45.108
dstokes@example.com;001-646-879-9214x7243;2a85877b-4c3a-8d7a-875e-253313e816fc;202.163.23.33
juanscott@example.com;611.658.8250;0d4cad26-3a52-583a-e139-96d083d4323b;45.82.141.187
rachael32@example.net;+1-760-390-6041;4c4c68be-147a-19aa-68ae-5fcbe9841443;98.245.166.135
anne03@example.com;260.307.1225x84854;db6a0d8a-eef3-7637-2904-640b5163fea8;69.87.128.47
ipaul@example.org;001-464-830-9861x863;d3a9b3d4-a365-84e3-d16b-0a599ef65919;139.211.103.65
vrodriguez@example.com;758-251-1934x15406;668117c1-7bad-6939-39de-a07555c354cd;192.35.213.194
wwhite@example.com;(248)487-9419x40183;67a60bba-e8b9-d710-d098-5ec0f406c3ca;211.58.152.95
kruegerjohn@example.net;+1-818-968-0226x37272;11005a6e-567b-f3a1-af97-1c0a17c3b66e;199.239.8.150
hsimmons@example.com;(973)751-6160;967b8703-2ab4-e633-edad-5b4f1673ffe9;210.224.145.91
christensenmichele@example.net;001-283-465-9874;d2d9874d-aac2-b8ca-b471-9fac494192ca;192.196.153.31
zadams@example.net;589.211.2310;981cbc97-0804-e149-4ca0-8898494ddc4e;176.150.127.185
heidi74@example.com;(311)340-5651;351d6473-34a7-f6b0-5c5d-51f93965672f;84.75.188.210
deanreed@example.org;981-904-5337x8592;7da9da94-a6a1-5424-0b25-6dc3a7a624e4;186.73.251.62
shartman@example.net;001-517-613-5502x947;15fa92c9-8018-6b9c-a3f5-d3b2482b2b26;5.84.147.60
twood@example.net;395-620-7055;4905fb4f-f6ac-62c6-796f-4330df8ecf00;185.205.216.146
garrett13@example.net;001-901-415-9778x26477;ae9a4195-dbb8-341f-aded-a8263f9e000b;32.234.24.197
michael14@example.com;855-449-6958;55827cc1-bddc-774f-8555-41a58f27ea09;148.151.195.51
angelaallen@example.net;(363)474-6402x71841;c7da0c86-dee7-2813-611c-42b63c62b10a;179.19.200.114
youngjames@example.org;001-384-370-4015;efb80c58-80b8-7bf3-2ee9-80abd50cd346;2.143.198.20
kristen33@example.com;(307)465-1430;90ec25ba-201b-f7dc-a8b1-201db5b3ed61;190.235.59.175
nmartinez@example.net;(675)330-9177;f2f53d37-333f-6b69-c397-88c2a5e4f677;216.195.34.224
waltonmichael@example.com;001-404-782-7905x776;257fa881-c054-b8ae-b87d-fdffcf891f70;222.205.78.244
msmith@example.org;(449)207-7198;382fb03f-a58b-d545-9558-3815afd211b6;45.169.240.39
sandywelch@example.net;+1-640-665-9125x9654;26639aa3-e98b-4900-91f0-2d4c1cc62712;73.79.21.112
christopher68@example.net;486.229.7117;223684e0-a86d-244a-603e-8c6f0020a428;214.4.217.146
dmendoza@example.net;+1-722-641-0668x5437;e2479abd-a9b0-19ac-6844-9d2738cd3929;153.34.219.186
medinaronald@example.net;527-236-6534x74825;95efc762-61ba-3a57-e70a-cae222285cef;56.202.184.37
zschwartz@example.org;+1-999-537-9252;654d46a6-d4cc-2faf-edb7-39d2cc9102a8;137.233.195.175
stanleyclaire@example.org;+1-768-494-5430x5811;931bb81e-5df0-a239-2de9-e0ee58809935;214.97.76.195
terry46@example.net;(776)684-9286x4908;d75e61ec-6d5c-247b-edfe-0f5b68cfd678;132.180.81.39
carlos83@example.com;498-267-8322x06871;34a4064b-9a6c-5751-c7fc-86e5e833ea90;184.61.53.172
edwardsjamie@example.org;+1-485-266-7786x915;684704ec-cd8e-d7d7-2982-9992ac52c5a5;196.68.184.191
johnsondeborah@example.net;(553)987-5789x13018;e7dd4826-7ff5-049e-ed0f-1efe2c2af16e;222.183.162.231
fguerrero@example.org;3203113446;709d87ff-987d-e4e8-aba9-1e505175bdfe;211.45.254.128
jorgemitchell@example.org;+1-301-968-4126x9061;fd620097-bde0-90ab-8d92-982f1fe34d5f;206.239.129.232
william06@example.com;670-725-1029x7920;21bbc9fc-3e37-170e-d40c-97788546b372;201.125.67.80
jonesderrick@example.net;+1-637-512-5500x3500;a5c016af-cb4a-d445-6dd5-94cedb9eedee;209.22.6.53
georgecook@example.com;461.278.8483;42c0680c-706f-f20c-1090-cef8863f74d3;197.94.239.79
kimberly30@example.org;+1-924-732-4495;f0b40874-3367-c207-618c-309405adfdf5;164.24.204.212
andrea24@example.org;514.383.6311;072ae58a-dc6a-63b3-ee0e-c1eeffe96687;84.233.81.148
morrismatthew@example.net;001-972-735-5745x30124;f452c443-661c-1cc8-0f3e-875daa8cb375;90.30.4.4
natashagonzalez@example.com;(971)357-7922;b6c5c962-f642-96fc-498a-100515d370ca;195.226.97.76
emma41@example.com;+1-564-209-0045x8893;5b79ac0b-dad3-0800-6064-f5b69b8373cd;219.159.103.112
hannahfoster@example.net;380-655-5168x3347;1eea5065-6ec8-bd6a-44a9-3c8ca265d08e;205.42.188.204
ronald55@example.com;8329978512;ebcdb8a7-cc7a-67e1-8781-930dbe78dd01;194.21.81.70
angela42@example.org;307.860.1314x9060;0ea5d110-2f60-c447-7750-3b9cc61a6799;17.172.163.225
roy36@example.net;(846)219-4606;53bab60e-d809-36c9-7582-3aee80bf98eb;187.250.32.148
qbarr@example.net;559-608-0004;2bda3ed3-bd9d-e772-fd74-ae16b97420ac;44.171.16.230
carlbarr@example.com;557.965.8674x81007;dfd65a7e-689c-22e9-b43b-fd5c38f221a5;166.212.77.168
davisjennifer@example.net;(876)986-8617x8158;02cc2ae7-eb97-374c-d0a9-1bb6b3932e9c;202.227.33.162
wallacejennifer@example.net;281-255-4972x080;42f06f59-da00-6dc4-3fa8-d1978f2de9b7;41.58.166.201
cdillon@example.org;001-964-728-1536x73450;b49ad568-885a-5d3e-c27e-4c7311507b6b;220.233.69.148
fcooper@example.org;464.826.7283x8742;eece9bd1-82e8-b444-cba6-65e5bda9bc1a;177.48.112.81
amandagraham@example.net;231.547.0432;ce28187c-8849-8048-d8a1-ff9aa93fb1dd;173.14.204.99
carla61@example.com;769-365-9509x23172;800ec9b5-d764-a4ce-6057-d145020773dc;52.251.26.70
tunderwood@example.com;(817)476-8622x2913;a82e6ba0-4d30-7af5-db4c-f6e1c7abfc18;176.72.120.81
nixoncheryl@example.org;+1-400-492-3743x073;196a129a-744f-e8d9-3661-4a6c2d978c1b;143.178.165.12
ortizstephanie@example.com;001-555-910-2352;e882e3c2-c6de-9954-390a-2cad97b60104;76.205.235.168
iadams@example.net;001-287-364-9055x0316;28098ac7-2d53-979d-29a7-aadfb1a40d29;83.29.24.8
mbautista@example.com;001-256-496-8751;51a2c705-6e38-ffea-3738-1bc6ef670e63;164.204.72.50
lwebb@example.org;364-222-2960x658;c9c87bf0-13e3-5dad-70e4-4f93bb86aa0f;174.98.31.105
frank82@example.org;9337750834;580d5173-d160-c670-01e3-30c9f383506b;111.74.225.169
collinsjames@example.net;952.623.6333;1d769f47-0eaf-9868-d049-f5b58d3b2c6b;178.33.209.40
rebecca29@example.com;600.503.2021x166;ca6a259a-ce28-ace9-50dd-89f17e791cfa;197.61.52.154
sherriortiz@example.org;(906)219-1093;d81c15aa-bfc4-ab34-7cdf-58ba00258e00;15.237.62.188
waderegina@example.net;(557)454-0822x7894;dd835394-d091-5784-491e-be333d35ae8c;195.168.110.59
aaronclark@example.net;+1-977-472-0852;cba18e44-8ff8-4629-5212-2977c696a459;64.127.77.34
oneillcatherine@example.org;001-739-918-0364;00571eb8-b259-f36e-b112-3216c4c217fc;183.168.192.132
brentmcgrath@example.com;951.373.3061x198;673acaa9-72c1-e214-ffe7-1e7be38ad2be;162.202.60.59
emily92@example.net;427.911.8370x9806;28098ac7-2d53-979d-29a7-aadfb1a40d29;8.81.143.244
zpeters@example.org;(946)716-7319x3652;781c3c68-871b-d0e4-11e0-509dbe3cb7bf;150.209.10.232
tiffanyreese@example.org;(420)529-9923x7761;b3154d6a-a9fc-5b65-1ca4-509191ebe3bf;211.141.37.18
shanephillips@example.com;(468)735-3867x4405;f95b1472-170b-2f1c-8154-0db1fd201882;134.215.62.141
jonesphillip@example.com;(631)547-7603x47613;5827aa5c-e972-3406-1deb-743902609fd2;145.242.227.95
connie75@example.com;734.689.3063x3107;be183573-5488-2fb0-fdca-58dc996eb3b4;39.252.22.55
farrellkimberly@example.com;900-214-9570;7661ff6e-bd4c-c20b-5e39-44992824a3aa;6.59.66.136
pricenicole@example.com;001-223-272-1668x98556;b49b139e-fe5b-9137-7231-3327f9180f9e;165.52.212.105
dylanchen@example.net;+1-833-669-9488;afd96615-d264-060f-0da8-9312cb251322;221.254.17.169
gloverdanielle@example.com;(587)867-1818;95233311-f926-8864-44cf-e45799cea4a4;167.187.197.118
melissa62@example.com;+1-607-643-4479x47787;aa2efbb1-fc57-4412-7431-79b402621a73;201.162.177.47
bconley@example.net;001-987-806-6957x6131;87d6918b-cbc7-52d7-b20c-efde42434afd;222.123.186.231
ashleywright@example.org;602-369-4636x378;333e6471-c6c5-1606-6ca0-b6c8e267a6fd;184.222.177.223
john30@example.net;+1-936-724-6484x48160;a3d2a978-371e-3449-b09c-ed494901aa51;15.196.144.112
thompsonbrian@example.net;813-850-3847x70001;c786d302-3b43-d32f-e3b9-8766b2e025e6;214.64.63.235
morganbell@example.org;(337)924-1291x4086;7f74ffef-d68f-c57f-8854-409ecf5ad994;195.100.231.183
sheilajohnson@example.org;260-307-5127x0687;c9fe52d2-e32e-344c-f9a4-f314025426ed;120.168.174.70
carpentercourtney@example.net;001-434-768-8585;ff4f5051-b3a0-1c0d-89c7-50bc362112b0;177.42.94.108
hamiltoncassandra@example.com;543-320-5164;324b661b-2efa-2fd6-f7bb-ccbbba1c5826;219.207.120.233
davislori@example.com;001-691-818-5629x78733;f5e0058c-9dc3-0269-4f14-e21bcdfff215;103.24.20.73
hickmanjoseph@example.net;(700)591-4302;f4e0d955-25f8-b20a-8e84-e3e074473384;50.13.155.116
gonzalezrussell@example.com;001-609-324-4909x26894;3338e41c-692f-d00c-e7e7-b5f1eb7fe33a;200.170.12.225
edwardsscott@example.org;600.503.2021x166;1425bbdb-e9ff-4dd9-f4cf-7bef5111dfce;24.253.29.153
matthewlawson@example.com;+1-496-225-6284x0235;fc5275a0-1217-4877-cce1-0df6a767f0ba;196.103.63.179
burkebrianna@example.com;001-478-582-2168x46869;4546a0db-1974-ca60-b243-64600b568174;192.243.156.74
ruizjulia@example.org;414-448-7687x637;85ca16af-5c39-6ca4-3d2f-511970176ba7;55.78.196.177
richard15@example.org;224.557.7214x7648;0c226b31-3cc8-dd34-3d24-1610795e6aed;134.84.9.3
lutzkevin@example.org;6348699308;ef93a54d-18d8-a028-feff-18799d54a33b;50.135.47.16
andrewsmith@example.net;001-300-488-4199x9723;720072a9-6744-8556-53b6-06665bf618f3;148.179.254.21
wendy14@example.net;001-311-710-8357x92082;5093ee7d-32c5-76a8-133e-b4413da290ca;170.226.98.20
snguyen@example.net;506-542-5302;e8a4ae8d-08ba-a2c5-d5da-eb7337e6c930;185.18.133.241
parsonsjennifer@example.com;950.397.7920;9a8b7bd9-970c-7753-7983-6d9e452ff45b;106.11.147.114
christophermoore@example.org;680-376-0101x1416;28b75a98-e4c7-e892-5482-265ff0b9b1aa;59.60.157.154
josephsuzanne@example.com;+1-369-837-1919x509;78e0bfa9-5f56-77a4-810a-cbd71bed6b89;174.140.132.65
carla56@example.com;(735)280-0414x2055;19ab2f16-cd6e-9779-1752-d0028589503a;167.100.23.191
bmacdonald@example.net;432-373-6438x536;4f4baf83-a439-c6d7-9fe1-0a9828c1d1a4;176.2.107.19
morgancharles@example.org;319.548.5042x101;bcb204fe-378e-9c76-ac0c-c7a2910c973c;128.198.62.151
dunlapmegan@example.com;(890)536-8738x6444;f0d36f41-d0a9-c4aa-57ca-c9921ab49d17;210.40.168.200
dwilliams@example.com;(387)909-8201x9965;2148db05-443a-1a7b-142d-f160d57f8cb0;209.1.246.148
rebeccapowell@example.com;890.667.8149x307;d574419b-080f-2193-ee90-e0e45f6eea93;157.165.246.60
lindsayburnett@example.net;497-264-7789x67852;7ffad599-77cf-d369-a52e-16c53d1e6afb;98.204.219.202
joanna26@example.net;918-276-5413;00ab982b-7023-b5a0-4e9c-5dc4ecb6380a;157.58.238.133
denisewilliams@example.net;+1-481-884-1805;0aa4d18b-44d9-4066-e38a-66fc7b469722;109.187.70.32
uyoung@example.com;+1-415-546-4156x4840;5e6a6b9e-e24e-026b-a419-512d491372c9;34.8.236.66
grantlopez@example.com;+1-369-350-3150x0662;1f30ca38-123e-290d-635b-5a2f6e0632a5;99.136.219.74
colleen15@example.com;384.430.8229x22876;6b891296-14e9-4236-d789-eab7c42ad415;206.109.120.253
jroberts@example.com;926.726.0313x3166;c7705276-94d7-2f65-25e3-a910842c77bc;221.36.179.93
dbecker@example.net;001-525-225-0858x9832;9252c2ba-8490-aec4-a66a-ea8e2ec46abe;69.48.71.169
david92@example.com;486-390-7298x90227;99257f4d-7aeb-8038-9783-d090ff396bff;118.5.249.30
nancy64@example.com;(403)977-5140;be968fe9-3075-475e-d459-a0eaf1b82335;3.217.19.66
bryanamanda@example.net;001-697-611-0504;4c6b9c26-c574-da32-94de-2a552116dd41;184.149.94.15
yatesangela@example.net;758.603.1682;a18a07b9-87f6-62ab-239a-5a7b92de40d2;180.192.100.203
courtney15@example.org;001-964-478-7936x153;8fa089db-becc-6173-fb93-09271e23fcfb;169.141.40.153
jenniferdavis@example.net;572-421-4782x013;691bc231-3752-239e-fd91-900287f39ee2;112.44.10.115
smithronnie@example.com;872.860.7019;1bc04925-93ad-5d43-d38b-a5211fb8f6d7;22.93.107.64
robyn58@example.net;(678)476-9670x411;c8aec761-ca1a-f9d8-610f-ca374b5f7f15;207.27.35.8
paula91@example.org;(710)962-6282;13342103-3d55-2aa4-8795-bac798f98568;122.91.41.247
antoniolambert@example.com;617-332-7162x725;2bed7512-7bcc-a255-f4ea-86cd44d64b94;211.61.60.108
christopher96@example.net;001-939-469-9049x3730;ff1bf8a2-c9de-d470-a22f-87ff0eae99c1;211.119.60.127
saracarrillo@example.com;4826124782;7031141b-5e9f-f9f1-b29d-1fa721ef0a40;102.252.9.206
stoneerik@example.net;265-223-4623x9616;f0437a5f-7273-b92e-e6db-9cded6d8dda7;200.94.249.8
richardmartin@example.net;298.935.4337x24714;cd339a76-9d79-9c56-76a8-622e2df3ca60;204.97.246.119
pford@example.com;947.963.3166x1855;6f33a0e2-47d2-c72f-04d5-f1457239378b;209.77.18.22
calebhayes@example.org;001-308-933-7373x398;82decad9-4c4d-2e42-a675-ba981d63c682;99.127.78.15
delacruzrobert@example.com;5966691207;6e12c2b0-d79d-aabb-27c3-14228e07150b;42.179.81.160
porterpatricia@example.com;526-447-8026;f4b025ac-6ae4-e327-95e6-f5bd5a855f20;166.212.77.168
brian67@example.net;866-896-1429x376;ede9039c-6d4d-dde6-8bad-28caaa83374f;173.194.123.172
matthew06@example.com;941-831-3459x3754;4cb07dd7-7f72-6393-aec6-78f47675ec13;112.46.235.78
rebecca40@example.com;(616)764-1253x689;d322608a-f739-8971-7546-ecc0dc51da5d;128.201.186.80
tbowman@example.com;7777991821;7c98897d-aece-369e-a8ef-b0be7bfd414c;1.214.79.107
lori97@example.net;(898)800-8359x7633;045b97a1-b77b-c7c9-aca2-e7fce1266b31;165.41.172.20
erin72@example.net;880-821-2299x339;562cd1b8-2bdf-56e1-4594-548d8086ff8e;9.149.204.89
warrenheather@example.com;723.628.7499;444cbf22-013b-8688-5bd8-6bd55027657d;198.148.1.38
bmoore@example.com;617.635.6273x38818;8ff19bbc-5b96-2db3-6eb8-2dcc676cc628;197.131.233.194
michellesteele@example.net;001-433-250-4545x392;32e2234f-56ec-67a5-b5d9-c7dcd88cddd4;216.238.7.240
ywood@example.com;847.379.9843x207;46e8367a-9eb5-07f6-5d36-0c4a09efd837;116.114.216.218
burnscharles@example.org;(965)264-6987x2734;5b1d8d2d-f328-1c9a-f0d1-87bc36b3cf27;221.75.11.198
andreaweiss@example.com;541-400-7163;b2f98547-1be4-1921-def2-c4ebebb1af3b;222.30.12.216
michelle83@example.net;+1-432-436-0069x2961;d3d9165d-79b7-c854-7163-c6efbbda7769;135.4.18.251
lramos@example.org;487-435-1924;af9b8a93-7945-34dd-d129-5d2f3296bdd7;209.137.183.219
crystal58@example.net;4795419487;5c4f4062-0d38-6a69-d708-2576e07a297a;217.234.83.232
kerryolanda@example.com;(645)540-5208x92945;f5985636-ad7a-3194-d628-af0b2b98a5f8;217.192.73.249
tfernandez@example.com;(949)990-8167x5702;c09222d4-4a9e-377f-5f59-bdfea186b4ce;213.30.116.238
lisa11@example.net;8584911203;b4c7eb22-a70a-0117-4285-57d56f0ca9b6;184.136.152.42
josephsuzanne@example.com;+1-913-635-8657x0666;aba0dcba-6054-2d4f-29e2-850ee80ce524;118.250.90.54
justin87@example.com;+1-314-867-9650;d755c769-578a-179b-eb1a-d8268f0ae34a;157.233.76.181
keith10@example.org;4497789310;1e33d314-3dce-f1ff-cb9f-09adbd267fdf;32.231.80.56
aday@example.net;(743)463-1156;27994be1-2b22-f8a9-4e12-4d54ff3a9def;167.109.28.206
wrightmichelle@example.com;4055688753;619ff471-406a-8534-0ca5-4137725cec93;198.172.100.95
steven20@example.net;001-513-772-7422x5330;27b1f348-f6f3-f8da-212a-949bd711b3fd;108.13.239.64
curtis19@example.com;+1-651-307-0748;eb08526c-402e-a356-4143-48922986216d;9.5.142.14
joanna66@example.net;+1-997-798-8432x59374;1deb7ad2-7f91-6536-9223-c55363ffeb55;153.226.134.193
josemathis@example.org;738.440.7741;baffaa74-e139-19e2-9d9c-ecd6b71c9802;204.55.114.180
tannerhamilton@example.com;542-838-8007;8800d8fd-e2fc-706d-bb74-8724d3210ef1;146.203.79.148
kristiejohnson@example.org;001-587-592-5262x6662;f3aab2eb-a6b7-7331-74be-aa35984e6f21;57.70.78.181
haustin@example.net;549.961.4592;326f9bcb-8b60-c6ed-d5a4-c9e92db63ba2;65.125.63.82
mike32@example.net;840-698-5795x608;cf1d0408-0bf7-253b-4b76-c1102a474add;199.4.32.192
heatherzimmerman@example.net;269-266-8312x587;9a64e438-5141-0b8e-b366-a46b260386c6;210.239.36.5
jenniferarnold@example.net;844.345.5729;c5386d83-2dc4-0463-de8d-7b8a682b98c2;28.134.252.244
jodiward@example.net;206-409-1580x3624;e3ed4ef0-ce11-e5fa-b974-17e770138013;160.206.119.112
davislori@example.com;8722166315;23d5e737-2096-2dbf-f62c-50253dfc9a6e;85.199.82.40
justin91@example.net;+1-451-662-0491x64556;5d2e8eff-ab3d-d3f7-884d-c7e44dbf0a48;191.128.73.235
john75@example.com;(773)683-3544x90955;30d54db3-c86f-fb8b-616e-ea052b764103;183.76.66.74
christina81@example.com;593.674.4605;65b650bc-1e74-07d8-d5ef-99bbb721c13d;201.239.99.201
mitchell09@example.com;+1-582-344-5335;34908daa-5e0c-d3ee-2a63-8eeabc0c89cf;174.49.209.74
amanda96@example.net;548-526-9037x85023;05d2d154-f142-044e-f90f-1a65c10453b2;57.145.202.211
moralesjill@example.com;001-502-864-0129x2330;8b3a0e56-9bbf-05a3-f598-d553b74c9331;158.60.9.7
kevinross@example.com;+1-395-816-6809x647;4639aa6f-bcd6-0bd6-36e6-a66f2e7a9ba5;144.25.26.47
brianlandry@example.org;697-796-4630x714;1779edff-eb1f-ddc5-4ea1-8e4b74b658b3;113.1.28.151
angelabowman@example.org;(833)733-0771x0115;e7273299-fe18-7a51-9ce7-342b172877f8;198.198.145.88
ryanboyd@example.org;+1-947-573-7288x44075;41ccd3a1-9f5c-fc70-f308-336dccb75725;68.183.171.14
woodsbryan@example.org;+1-999-793-2446x347;8e8d9556-d4b4-121a-1cae-846941bce928;6.165.197.215
gloverdanielle@example.com;+1-833-783-1586;f8b87ef4-23d3-0081-42d3-d209ee347d9c;214.233.45.40
jared49@example.net;2975429287;afa29300-8f50-addc-4194-fc0ee3de68b9;114.80.39.18
lindsayholmes@example.com;(588)499-2342x8638;0ce5c913-b360-4e4b-4434-3ed708a29051;141.55.17.119
edwardskathryn@example.net;(813)278-1467x47510;7144a63e-7eaf-d8c2-12c6-38ccf41f71bd;147.111.97.162
matthew63@example.net;001-580-337-4135;a6df02b3-e067-147f-b64d-d62d8a45cec2;161.204.97.243
mauricesmith@example.com;001-908-989-5690x77869;d7379b6a-2ba2-7dd5-1268-8d19625832a2;207.233.127.137
warnermichael@example.com;(290)323-1962x824;a2b13fce-24c2-d957-62e7-31ff094aaad3;31.216.90.242
hannaadam@example.com;(306)249-6030;5109edb1-2998-c214-9ee9-cd587bbfc80b;113.172.164.186
timothy48@example.com;(580)757-5342;ed93efc2-cf6b-2e82-946d-c0c081b7a632;223.86.236.196
corycannon@example.org;001-824-911-0761x01554;848f33f6-1f34-7b63-3bfb-5e43419a4a2d;155.106.146.203
pburns@example.org;925.283.6833;d0bb6d1d-f802-7a90-8574-20f9a07a5e0f;198.185.230.111
rowetroy@example.org;600.805.5337x059;e715f111-a25e-46a6-6de3-f5427c25a78c;17.66.91.66
richard15@example.org;224.557.7214x7648;f6702b3c-7eeb-f074-b4be-0961b4de4706;164.88.195.202
rroberts@example.com;560.910.3727;840a45a8-8603-6151-c822-dbd4bab23596;180.148.201.80
pamela90@example.net;408.249.6440;c768c184-d372-d46d-b5f6-50586aa4135d;133.138.131.56
timothy56@example.net;+1-671-220-6624x462;8381e2b8-5eaf-65ec-4699-cb5176a83286;97.23.120.98
sally53@example.com;+1-601-272-8223x3738;6868ddc7-20cf-41cf-63a1-9f214d91d470;208.23.228.198
qtrujillo@example.org;578.538.1403;69b347c9-b0db-f405-e31c-29671c952a34;143.56.137.135
martinchristy@example.org;001-203-503-9949x09305;2406d2e4-cb91-3772-5d35-ffbba0746b9f;223.231.127.148
blackwelljennifer@example.com;7503389217;e3b975a4-4db4-20e6-e6f0-46ef6b059e22;113.128.144.252
fdrake@example.net;001-631-233-0162x075;74b79b70-92dd-cd39-fffe-d354b397f3d6;95.210.139.56
hernandezgregory@example.org;+1-479-909-4634x70604;a42bc5d8-d507-b2d4-7250-ac2c71ca6981;212.203.2.69
hchapman@example.org;4515261688;f1507b62-0764-b763-cd69-a6501093c0a2;133.244.52.228
rcarpenter@example.net;356.285.9805x7208;89a1c6a3-79f3-5ad2-6bd3-cce7c9f8433b;196.109.11.81
farrellkimberly@example.com;6652050403;355dbd1f-952a-6bfc-c18f-1b92245ff747;6.59.66.136
david27@example.org;001-400-959-7823x9915;2495babf-cba7-1cff-24e5-58c0039ad241;200.94.159.230
acostamark@example.com;516.499.5058;bd6ca6c0-8dbe-7d65-4589-f04c5801f4a7;62.30.187.36
thomasmendez@example.net;+1-277-207-7315x837;bdcc48dc-634b-7875-1e55-4f5cd17bb8d3;174.243.15.199
lowebrian@example.com;+1-536-956-8349x81110;078440e2-7fad-304d-0abf-8c0145a6da6d;213.86.109.61
danielle62@example.com;304-864-4594;395d2782-0cd8-709a-f213-ce0e761e46ac;196.88.178.230
morrisjustin@example.org;967-476-8449;55cabbcd-62dd-7d89-a832-f863c719ff93;174.140.148.138
scottchristopher@example.com;741.867.2017;eec11e4d-cde4-3ed0-ae80-3797dce45dfc;209.66.117.19
austinclark@example.org;(314)321-7642;884166dd-90d0-1a11-2e1b-b765d952e8ff;221.242.79.59
amber31@example.org;(241)434-3493x0724;cd25fd52-795e-ded6-d637-9e38eb9bffd0;216.221.11.60
beth94@example.com;370-465-3680;ff2315ea-62e9-639d-2f5f-0b3e3671aed8;205.50.91.105
gailkelley@example.net;306-256-0528x28334;2d1a337e-8a64-35f4-94e5-716176e10e7f;137.210.168.156
gevans@example.com;558-520-2726x268;de9aec2f-9ce0-1f92-4907-3e4848ce5cc0;49.190.173.57
brittney40@example.org;970.682.4762;1c418a8d-d76b-7fc5-dafe-d04c5496fc90;36.81.60.183
michelle98@example.org;6155616438;6039c034-76f6-39a8-d1f8-fd6d6c0c3308;216.181.131.109
davidsonmichael@example.net;(238)910-9858x136;ee870cd1-0c90-7d5a-2afb-6a146819977c;211.119.60.127
jonesmichelle@example.net;537-981-7966x6314;d7c7cb08-e742-8356-5f24-4ca16698f397;132.245.253.165
larry24@example.net;+1-882-528-6309x0112;f19a2321-559b-c280-cd8d-513656e710b8;145.33.104.135
testrada@example.net;963.927.4440;e6938f23-7012-dd6b-f681-7cb418331df1;175.105.168.140
joshuabutler@example.net;416.401.5978x8141;5e7eb13c-0888-95cc-1fce-0949fd8f3ecd;96.220.194.198
kaitlyn72@example.com;315.977.4766x1547;78aafdd2-42bf-5f50-f426-a42ba34ce3cf;103.14.199.186
goodwinjenna@example.net;685.518.1075x114;feed5556-a7bf-1b49-7ae0-bd1cb622357d;193.217.128.238
chelseamartin@example.com;825-491-0465x64596;d6ecb425-f7b2-6335-cd32-9e09a229fbb5;124.159.55.129
chad33@example.org;001-580-503-5730x758;c9616fff-751d-7d6e-7d7a-a23f71c7bf50;107.195.27.115
ravenfoster@example.org;6589146131;4919cfa1-fad5-c2a2-8dc6-f226fd510e1e;48.145.105.204
wolfjoseph@example.net;(780)318-5067;42d9f6b3-8c2c-c078-d847-ca416838d3d4;77.130.115.223
dgordon@example.net;947.778.8168x34401;bf6a00d1-8ad1-43dc-6a72-53d866d9282a;201.223.138.40
edwardscheryl@example.com;(465)689-5082;baf88291-2bb8-8e9a-2de4-4966b0f29f99;164.183.193.68
oconnellrenee@example.com;001-453-406-0018;3ae2f8f4-e8f0-b81c-f1bc-5cac366a7c90;196.224.213.142
matthewsjoseph@example.com;764-722-0766x74082;dd82973b-2ad4-f921-ec83-01e2a85fa3dd;48.162.105.244
joelmcdonald@example.com;846-441-2352;9a85e8b5-7349-0f49-defd-ce87769dd964;189.68.136.44
balvarez@example.com;2103406243;1dcdd284-fac7-218e-ad0b-f08759b68541;223.156.198.194
katherinepeterson@example.net;252.761.1073;403173dd-93c7-de1d-9134-c003c3064ec8;79.202.188.153
barryedwards@example.com;2853900640;ea0d677b-3468-9fbb-90ab-23f6b1d0d440;178.178.127.69
scott37@example.com;+1-695-326-7645x919;9dba664a-c780-5422-f3a4-d731e130c0bc;174.50.138.109
ebaker@example.com;9922368891;d621b883-add5-7aaa-fb87-89d18a60bb36;69.46.151.104
bradfordbradley@example.net;(302)924-6474;33db550d-b389-d90f-8cab-fa2788b09ab8;208.83.113.154
kristinbailey@example.org;(246)338-1219x4471;3758d234-a9b4-2de5-65cd-c062eb09f716;222.146.83.125
jasonfriedman@example.org;(817)476-8622x2913;5855e919-f5da-7ac1-5dfc-8e2c77e0e3ea;214.237.42.171
robertstewart@example.org;318-232-7715x3231;b6c6a5f8-9533-0c65-61a1-499df46f0ba7;47.209.181.213
lisa43@example.net;950.397.7920;9a8b7bd9-970c-7753-7983-6d9e452ff45b;69.231.222.224
erickoch@example.org;287.669.3594;6cd1a72e-7877-0c81-706d-918e2916f379;33.247.231.164
keithgreen@example.net;458.674.9850;e11aeda0-ab2e-2c1c-3bf6-5f9fd2368b95;164.149.25.201
delgadobeth@example.net;001-849-204-8749x0635;7419c1f9-fa6d-3a2f-6de3-fe67e7c65de0;214.110.11.65
hollowayholly@example.org;4325535331;908962c7-b78f-91b6-4cba-d3453df6baba;1.102.252.238
vanderson@example.net;833.691.5833;66b0d508-7d82-122a-8289-71abbb0a3b79;9.41.224.77
sheila62@example.org;645-276-4719;a8534b19-83c8-aea7-31ba-939b6f9c10ef;90.3.162.253
marissacarrillo@example.org;504.411.0340x262;9c0e88fb-9c5d-713e-a677-ec6cf8417036;221.16.140.143
xwebb@example.org;001-842-680-9376x492;3969d16c-7661-7fc3-02ce-c1dfe9fb792c;134.180.90.68
jnixon@example.org;(559)491-5149;8a3cee65-fdd1-8c8f-dcaf-fe8e4316b1de;118.97.21.98
kathryncline@example.org;+1-416-200-4516;dd5bac99-1e3f-af7b-feea-d4fadbdb1a10;119.115.232.174
howardlauren@example.net;+1-729-832-8937x68393;1acd017f-7a45-2a8b-9760-b8cc4238505e;223.243.137.41
qhoward@example.net;3638447125;1d19bc60-7fae-376f-68f2-cec14fd8dbd3;107.119.231.19
tammy25@example.org;+1-379-374-3015x423;e15e7dbd-ff46-7f56-b387-914b231cd064;64.240.21.142
jshort@example.net;(928)363-3994;5b11ddc8-f429-02af-e606-51aec4eedf5a;139.204.148.173
sharonmathis@example.org;806.380.2176x539;120dfb9d-f2ff-29c9-31a1-f28971d2a557;163.196.32.111
yrogers@example.org;001-985-951-7337x82210;3e6d9d00-90cc-cede-3a04-75b6876cf27d;211.48.158.230
anolan@example.net;+1-304-983-9891;5dc1240a-ccd0-2b0d-db1d-c9d496cafe71;219.231.30.50
yujeffrey@example.com;+1-703-260-2052x239;5ccd9be4-1070-dccf-7b5b-de62ed5358ae;28.139.122.173
colleensmith@example.net;001-247-449-1526x660;c65fab5f-e7cb-fc31-1823-aeffdcc9a9ba;138.28.171.19
austinclark@example.org;001-751-898-2696;884166dd-90d0-1a11-2e1b-b765d952e8ff;221.242.79.59
justin38@example.org;936.552.6090x27379;0c5244bd-b390-d573-4c44-2c471d66efd9;212.198.182.225
edward75@example.com;712.588.4560x36922;ca8b6519-ff1f-42d6-de81-a55034df5cff;102.226.196.101
daniel17@example.net;+1-921-615-9997x694;f0ec884a-ad5f-f0a5-d375-93b15a3d5e09;151.16.209.127
maryrose@example.org;588.624.9097x73310;195901d6-12f9-6c16-55ee-0dc2b2ec40ef;119.218.251.154
hudsonchloe@example.com;(935)454-9881x0070;34ca5831-bfd2-bf2d-4e19-dc805ee30a6f;186.17.82.233
paul46@example.com;750-624-3383;2bed7512-7bcc-a255-f4ea-86cd44d64b94;145.45.54.94
rachelbrown@example.net;739.414.2493;58d1fa7f-f4e7-3324-d97f-f20b258c9393;97.209.210.209
qhardy@example.net;468-244-7318x722;5ab55585-94db-1267-9610-b6dc38dfbeb2;55.223.56.9
courtney58@example.org;(943)813-7182;4d642340-17ad-8d71-3509-8846698c9772;9.145.161.150
ujohnson@example.org;001-373-766-6520x227;50a47233-722f-a14e-a188-32448495d318;191.114.16.169
michelemorton@example.net;(513)479-7677;11edc69c-ea54-4caa-7923-9befdd9981c3;218.90.173.77
perezmegan@example.org;(488)350-5534;bd1b72e4-6b96-c6b2-4993-97bb4495496d;180.92.106.136
kimberlydavis@example.net;906-383-8632;8c1a029c-29d3-5ec4-c63c-1b6e9f429a70;211.117.250.179
daniel53@example.net;001-484-735-8284x84046;66ff3bea-0935-b22b-d693-19d9469780b8;213.213.76.234
ginadrake@example.net;+1-841-987-6992x1021;fe272884-d360-8b5a-c6e4-90bb7a4c84e2;183.49.70.57
cookeryan@example.com;676.328.5175x7552;e3e57e7e-7502-a560-62c5-4cd70d515337;166.215.152.221
cookeryan@example.com;+1-981-480-9773x60920;6300220f-da39-f435-d757-f98d3e38bed0;79.65.145.13
dawn23@example.net;239-965-1526;b27870a2-6453-783a-5318-5a970b460386;85.5.217.153
vanessajohnson@example.org;808.425.3507;82e3dea5-9ecf-f858-b0f9-ab1282d23b3b;88.134.68.173
benjamin76@example.org;782-570-9496x243;dc5b0968-a4a9-7b47-ca7f-a99a7197dcad;156.23.74.103
antonioedwards@example.com;001-217-988-2660;2c27a08c-3d5b-5057-07a5-a6fc90cd82bf;40.39.113.144
nmartinez@example.net;709.273.3418x5667;3e4a9bbe-bd02-ad3c-80dc-0a795e9b0019;134.247.250.129
kathyvaughan@example.net;(733)637-3392x546;f6cdf069-1698-18da-2ff7-7ced20a0f369;220.182.184.202
kortiz@example.com;+1-690-447-9158x57586;8daf3fde-d3d1-f5d1-37cb-cd74efcb46cc;40.95.230.156
peter22@example.org;4796880892;ef1618ea-4eaa-a16b-11c4-2e27f36b0dfc;163.77.26.1
ruth87@example.com;8213478400;1baf0e14-71d1-5e61-74c9-a711008ed0ff;131.146.106.103
francojeffrey@example.com;001-283-756-2632x269;a42bc5d8-d507-b2d4-7250-ac2c71ca6981;151.29.167.80
williepage@example.com;340-382-1019x743;f0c3b158-9614-6be8-1b16-d401164c520e;95.144.27.200
thomas53@example.net;(303)862-9826;424cf6ea-c90c-7b4d-1caa-f0a6ac580e1f;145.1.216.2
williepatterson@example.com;+1-620-243-0031;65d77655-88a9-82c1-44dc-073c1458af0b;43.34.142.80
paulmontgomery@example.org;460-351-8102x7114;e056c1dc-afc6-6eba-24fe-6b60aa3ca8b2;159.41.60.135
brownjonathan@example.com;916-718-3203x96241;bbc0de3a-f6e0-5208-ddc4-945d6fd9df3c;118.149.75.15
valeriediaz@example.com;553.302.7579;415d47fc-74dc-b30e-8a1f-9418167d731f;220.249.201.66
harringtonstacey@example.org;+1-901-538-4457x24462;56765af5-6382-3b4f-ed4d-9741bd39a608;92.91.239.77
morrisonkristi@example.org;365.427.6156x748;ca663aae-bf28-c71e-4b09-ab43bdc6f529;193.212.102.141
christopherrobinson@example.net;875-532-3577;e12af6a1-ea46-e874-675b-09d45d860df6;25.100.210.216
debra18@example.net;7862474560;8046a7c5-0a4e-e6aa-c6f2-1d61970701d4;194.233.251.29
smithrachel@example.com;409-283-5591x80582;addb1580-a81f-b0b6-227b-953c22b0dc6d;205.152.91.73
pottskristen@example.com;001-675-360-7968;a1a72fac-80a3-a407-458c-046900f9911d;101.188.227.232
katelyn74@example.com;001-581-738-8601x477;87017e4c-4c3d-7fa2-6a8b-518bf0ff4687;208.128.131.228
cartertyler@example.net;+1-950-705-2120x929;793f5467-d164-ea8b-aee0-414740a61375;221.86.4.130
orhodes@example.com;001-312-437-9909x00791;d8c8d694-7486-6bac-7ebd-9acf1d80d3d9;221.173.209.141
aliciaparker@example.com;725.513.8015;3cad096a-1e96-ed8d-e907-275c9acca3a4;158.1.187.27
lmorris@example.org;+1-308-582-3308;66cda1d1-8342-1b79-43b4-84e1d8fe5e9e;202.83.89.238
savannah38@example.net;586.484.7199x7346;1f8b20dd-4f3a-2c54-9e15-217db51cd7f2;157.193.49.115
thomas28@example.org;423-529-2974;a98cc50a-0cb6-9909-b311-b28ac4a1628b;119.34.232.228
ghawkins@example.org;866.944.9268x51830;660a2d4b-04a0-7f4a-ce81-2f0f1f3061ca;151.146.24.193
henryrebecca@example.net;001-366-736-6145x086;ce2c2f6f-a7dc-929e-c9c1-7fe7d1626b26;194.227.227.130
martindebbie@example.net;920.404.6064;7c780b8d-a7cf-7d49-719c-8feb3a4dfdaf;155.22.84.137
nelsonangela@example.org;+1-202-633-5890;a98709f9-720b-8e8c-fc07-47d5473de86a;182.45.84.82
robertjohnson@example.com;001-759-717-6372x209;602d6d31-0bdb-a27b-c8bc-1004869101c5;176.150.39.216
robert51@example.net;001-496-888-9935x6494;75aeb85b-645f-739e-9d1e-45804bcc9481;204.254.212.167
ucollier@example.org;278.852.0111x8019;7f1a09c2-e607-a348-32e3-6945cf15f9d8;155.109.218.37
lbrown@example.org;330-261-1435x235;f6fc3b5a-ef7a-8bf1-7f09-aad4a4ad1d94;204.147.170.131
oneillcatherine@example.org;001-739-918-0364;b9f3c37d-fc6f-0a7a-7802-88505112b6dd;183.168.192.132
timothy26@example.org;5642151651;3433b7a0-93d2-4111-39be-b07c6d90aa9d;75.197.236.101
mark59@example.com;001-379-751-7405x27015;6fa682a5-4945-f2ad-40c3-54671ed7f43e;106.17.1.200
robertmartin@example.org;+1-599-950-5112x408;e8fa2f65-5434-b926-f18f-4619984b888c;1.71.236.215
patriciahaas@example.com;(951)439-7708x82103;15b8a3c5-82bc-8fb8-3e40-501114ffcc66;126.168.102.144
megan28@example.com;+1-969-593-6778x4256;0f083fb0-6da1-7132-54b0-5ef5e8bf5b85;43.206.173.2
jerry38@example.com;440-656-4655;5b882863-f20b-09c9-3bbb-149db1f7dc69;131.220.67.83
tmiller@example.net;(615)940-1474x975;441397e3-5479-811a-3b66-11d5d0ab1c82;137.90.164.3
amy44@example.com;2457049314;5c3440af-b5a8-8177-a6a0-449e8b00aa50;216.72.93.105
dorothykelly@example.org;+1-558-903-9494x861;f6f5f688-1b27-82e1-9339-a9ba3c7df3c3;103.151.91.98
linda57@example.org;+1-954-910-0967x551;78e098f6-dcf3-4a86-38cd-2e885c7c5474;99.209.164.68
brownkevin@example.net;585.858.5794x270;b204c9ff-5297-abf9-5d6b-08931dbe3ce3;222.35.192.92
tammy60@example.org;4154695321;033920cf-b28b-9d43-f23d-ac631b11aa3b;211.240.118.129
schaeferjessica@example.net;209-724-3857x18404;96b9be94-39c3-e293-da8a-13441c0d7431;79.222.248.115
austin40@example.com;001-205-815-6418x7399;14406eae-aab1-89ad-9d62-f3aa665e3486;194.61.124.2
richardschneider@example.net;(423)278-7295x034;9cc02dfd-f28b-fec4-0f2a-63a58cd65c18;79.197.132.141
andrewrandall@example.org;(828)652-0791x30372;ca793d19-7ef2-90b3-70e0-cb5d8d9a9509;43.184.246.146
freemanmaria@example.com;+1-432-359-3243x90318;6e06d6e3-d4c6-52d5-ce3a-c3871957aa28;223.213.166.46
smithdaniel@example.org;213-465-4959x046;0fe8e46b-2c02-90e4-9454-c6b9b6f8c9d3;173.15.7.96
suttondavid@example.com;386.545.5621x475;1b2bb54a-6b1a-87ce-1a7f-883e53dca5b2;131.202.128.123
stacyhaney@example.net;+1-352-382-2905x38909;b782e4ac-c19a-9ef0-ab32-e5250491521e;86.107.162.66
amorales@example.org;9244657448;f0e1167d-a39d-f997-9ffc-56a8ccce99b5;213.232.186.237
vegasamantha@example.org;+1-584-689-7286x2329;4ada792e-fa3b-cbce-c967-855e6a501b48;137.62.176.35
xmoreno@example.org;+1-983-493-6318x589;25bce014-576a-aaa1-c0df-cd2dd01ae3cc;66.195.95.131
jlong@example.net;5938979309;ca6b9afd-03fd-e464-1950-f98b33b62c0d;90.244.232.88
zachary89@example.org;+1-686-449-9690;e738450c-aabf-5af5-2aa0-d0ea51054208;195.27.105.245
pnelson@example.net;407.780.8263;4079a0b9-5743-94b7-f272-f79ff7385c9e;9.14.127.62
nicole80@example.net;001-866-507-4246x7101;eb5ade12-93cc-7754-fab8-87947d090cfd;221.225.178.50
emontes@example.org;001-558-971-3191x8316;19ddc03d-7691-e8e3-b362-808f67077960;197.250.162.44
jason98@example.net;2632742418;53e03ee7-20df-f640-2203-2ffe84aa300b;205.252.59.172
mike32@example.net;288-691-9998x5560;adc5d7cc-5aaa-f7ef-8b38-1000f308364a;199.4.32.192
leesteven@example.com;001-729-478-7478x25097;647e9f2a-d011-de65-187f-852534f8c41f;222.101.104.210
larasandra@example.com;001-672-941-6894x8397;36e6648e-7771-9c1e-b629-4e46711253b6;221.65.20.18
torresian@example.com;(514)909-6701;3618fe76-a4ca-a630-72c4-f531ef602420;141.253.17.204
jeremywatts@example.org;988-460-9679x694;4d602f60-9a74-72be-db9c-cdc27481b952;217.87.176.14
dwilliams@example.org;239-965-1526;01147cec-7131-bf73-afb9-1757252cf8a4;85.5.217.153
calvingordon@example.org;001-325-764-2439x08591;0974c3bf-65a8-5c23-3af5-7b42a53df511;217.122.73.201
gwilliams@example.com;+1-906-457-3046x0948;eeee6d67-a7cf-afe2-fb24-31440f87e9d4;139.27.49.128
sfox@example.org;+1-639-247-0197x7003;6d73ec0f-8593-6d5e-c53d-7355e7d19277;140.139.43.143
kyle13@example.net;(613)668-2287x324;05753514-6be2-0da5-23b9-a7d7e7f30b2b;151.84.66.224
ashley73@example.net;579-212-3546;dea6ca3a-053e-b5e8-8d9b-6bd7cba2fcb8;157.252.95.231
sharon51@example.org;7989090752;70a5febd-19ee-ceef-58ab-4d7dcd5ba6c3;65.192.231.52
alexis83@example.com;831.892.4404x413;bca6d0f4-9d1d-27f3-513f-c3d3deb4cd9d;12.32.164.80
alimichael@example.net;+1-446-481-6759x250;096e7bdf-8662-d927-6f78-c78cf3e887e5;188.54.113.143
brandon83@example.org;(760)563-1569;22befeaf-e787-e8ed-74e6-72be8bced305;211.46.105.230
amclean@example.net;+1-321-662-3968x4827;ac52c350-41fa-0006-1874-e9d14ff7dfc9;186.43.20.80
rtaylor@example.com;907-388-7906x122;3f9bd8d7-f38b-6095-471c-2695f9b5a204;5.87.20.82
randybutler@example.org;739.414.2493;58d1fa7f-f4e7-3324-d97f-f20b258c9393;61.180.45.22
tammy17@example.org;(304)714-9074x88010;17a40ac7-64df-8dc8-d079-efb35009873b;167.172.205.57
millermario@example.org;4705863804;665fa5f4-e7ac-4e1a-5aef-a6561b59c286;19.29.5.111
collinsjennifer@example.com;585.627.9842x27134;3eac55a3-b57b-70c5-5a48-e5493f226709;156.96.209.164
francescain@example.net;001-531-560-0164x6144;9fdd4915-26bb-af33-cef6-64134a2c812d;161.230.29.74
matthewlopez@example.com;368.817.9572;7c782e10-eaf6-a060-3a71-3c856ed97e97;78.42.18.134
sheila46@example.net;263-489-1563;0a21331f-c9ee-9af6-5163-1a282470a541;194.60.148.86
ian19@example.net;994-324-1275x4327;a222c19a-9aca-4eef-5a04-d796d8b5bef5;134.113.127.190
mike31@example.net;6289946845;80ba7a48-523c-4045-01e9-43898cbbe290;156.148.204.121
francomichelle@example.com;946.764.4159;1cce60ec-edc2-671e-0785-9163912621a2;194.216.19.223
timothygriffith@example.net;740.529.2609x29698;66825691-8ef9-3a5a-fe36-7caa846b32b9;77.45.102.212
freemananthony@example.org;+1-887-396-6589x29263;aa7e7b55-1c3d-26ee-c506-e1a77716a16d;165.222.243.4
juan34@example.org;001-895-526-3354x4373;300bd116-48cc-2802-2912-ab14b0ed72ac;146.106.30.202
michael17@example.net;972-966-6263x543;4a396ad9-a1f0-1400-b797-9a0e98d6c998;213.84.189.13
williamblake@example.com;001-465-384-5049x1841;1aaa0b27-b75f-4caa-8ca8-56e18e4e5770;187.245.24.218
johnsoncynthia@example.com;001-507-517-8583;4cedd58d-cc12-acfd-7364-a4c2b7c72127;74.132.141.26
mortonmaria@example.com;001-220-545-6596;a32f7835-d6fd-6729-95db-8ad27e4310fe;214.120.53.137
candice46@example.com;+1-750-505-9289;c5068a4b-52a6-099c-267b-dd4620321a95;171.138.119.139
brogers@example.org;+1-597-590-1800x99243;e5b162db-ebb6-3b87-460f-80c618bffabf;137.22.7.171
rvargas@example.net;215.740.6571x187;7f0dec58-9f2b-f595-9a4b-fd96d50777a9;216.126.117.8
kimberly19@example.com;+1-988-426-0416x92469;947d6abe-fd94-d20a-d857-d60111020e02;205.61.183.38
wendylewis@example.net;630.919.7766x30464;1f3f0bb4-e1af-a593-b685-491b52e9151f;155.16.135.91
robertolson@example.net;001-912-295-3004x351;a0af0b5a-8481-8d2f-a3c2-a7ddd11d6c7a;206.125.87.139
andrewmartin@example.net;220.683.7984;00ae1177-9389-5385-6537-dca6828d1bf2;157.56.109.143
smithbill@example.net;748.995.3645;b7c9615c-8bcd-ccdb-599c-61f6154a2ae9;137.40.20.173
sdavis@example.net;657.500.1805x68785;f69e2a72-3fb0-883d-58cc-995d2f9af152;183.178.53.60
psullivan@example.com;+1-592-559-1767;34ee7cc3-6657-c7c2-0845-fd6fa2c5b279;164.116.182.88
jacqueline18@example.net;(887)749-0470;f14a71ce-3c4a-45ef-5e8c-e1afbd3b09d4;129.153.254.41
anthony90@example.net;001-786-775-7595;3dea35c6-e23c-1b76-eda3-45726a2dfc36;31.217.15.200
wgalvan@example.com;829.479.2257x9338;b909ab8c-52a9-1fa9-d533-499cf8a0c336;132.177.2.134
james43@example.com;+1-315-535-7613x50991;2fd379b8-d961-1b1a-8029-3a5dd3f8b49a;150.195.56.236
mary37@example.net;(289)428-2321x90509;8c1ac244-0b4e-6348-a651-9e03cc51c03e;41.38.47.90
jameshoward@example.com;001-318-987-6026x117;4bda8036-3178-18f9-5058-9697c66fe413;22.42.129.151
janet13@example.org;661.964.9879x5925;2da44469-9971-aba7-ac89-299745c6538b;173.100.152.201
nmeyer@example.net;+1-513-693-3079x05708;e10ab1b1-55a2-e5f2-636a-35ef7246a232;189.234.76.59
eric15@example.com;413-929-5912x1666;9132b268-f57a-2334-3970-0ba207c53551;213.250.149.105
brittany84@example.com;634.872.1708;a32e2209-acd0-d19b-260a-3b57a2f4601e;80.65.142.108
isaacbaker@example.com;(575)298-2510;6715effa-426e-f582-c861-b15c38653314;69.219.128.144
carolynmullins@example.org;414-565-3265x672;0ccfa1b8-f2a3-2b8d-bd48-9a6d9f1d2159;206.11.99.32
amandagolden@example.com;954-469-6012;f27ad800-a4a7-30c0-e9a2-8a58ca3cba09;33.41.65.243
phillipsparker@example.org;934.755.1095x4849;8cc297ed-fe0f-ce1a-e4fa-e671c563df81;133.31.10.72
brianwiggins@example.org;797.362.2003;2fdabc7c-75ff-ee79-5df2-258c4dbfe134;136.117.28.210
hlong@example.org;(975)886-0700;70275f75-9836-8815-fea6-6b137e1e96ed;25.117.109.190
othomas@example.com;(697)858-0966;3f20334e-ec29-445c-cde4-bb4e02d00da9;136.7.241.177
jfigueroa@example.net;8085435688;045671fb-7e6c-4ba8-78aa-f9e3e4d299a7;179.13.229.119
nhuber@example.com;759.913.1760x80055;1779edff-eb1f-ddc5-4ea1-8e4b74b658b3;198.86.112.60
garcianathan@example.com;853.616.6826x9734;7b5ddc80-1770-853c-a64b-1a7cca4d4ebb;68.51.184.114
ymatthews@example.org;001-652-769-7621;71ab3b6c-6bf7-8404-d4fb-54bd9ab013dc;175.88.60.94
stricklanddavid@example.net;838.669.4391x73543;21d4997f-395e-a63c-9996-2a9a1cb8c80c;123.3.155.253
bsilva@example.com;454.752.3740x0449;96608f04-cd6c-784d-d2e2-2f6d7298046c;165.70.125.186
paulvanessa@example.com;431.577.3139;067133cd-804f-b8f0-0017-6b1f8b0d00d8;182.192.191.78
markschmitt@example.com;4093915765;021be7f9-9046-db3a-825f-293477356964;141.179.80.74
ashlee57@example.org;977.867.2989;480c7fa1-e5fb-c4f2-a9c9-637031fa225d;107.132.225.216
karlamcmahon@example.com;725.714.1157x580;fb80a971-9597-17a5-1a9f-eea63a7b5982;120.87.89.196
roberto07@example.com;(975)759-6296x29068;5e70cf40-6e19-1c90-0649-41b69820b986;168.177.181.18
woodgeorge@example.com;(347)989-9485x77615;4299cfeb-618a-713c-38f3-0dbbddb0675b;85.189.134.202
ygalloway@example.com;(855)943-6383;5d3a08b2-6013-e70d-8b6d-485663b33a72;209.189.92.173
clarkebetty@example.com;001-486-762-5520x36117;c1ad60b3-70e6-70cd-e3ed-0407f02ae772;67.220.199.45
moniqueburnett@example.org;001-763-742-8703x84381;f0c46858-5536-46b6-da32-fcc6f7c7a8c1;223.74.112.141
tyler28@example.org;(449)207-7198;382fb03f-a58b-d545-9558-3815afd211b6;141.254.252.23
phillipsjacqueline@example.net;(865)585-0651;276f8139-58fa-da2f-3bbe-e3d04722cafc;104.218.26.157
padillagary@example.net;888-867-7835x6895;f833137d-e48b-c8e2-80ef-2471b03dd880;97.90.96.243
danielle62@example.com;001-596-311-8120;395d2782-0cd8-709a-f213-ce0e761e46ac;196.88.178.230
sharris@example.net;755.663.1602;e7e7e158-6b94-f577-a21e-371c4cf9d6c1;146.19.120.75
bauergary@example.com;(608)958-9865;222cdb2d-49c7-75b2-db8a-731b5d399067;203.66.31.171
wendy99@example.net;255.769.2677x2751;e7031d4d-7bfd-19e8-eed3-8ec9e8fd4373;185.139.255.11
medinatravis@example.net;(910)277-0881x275;d9ac6d5b-e3b9-524e-a74b-5d0e18f9e7ec;160.143.188.12
kgordon@example.net;372.666.4688x856;87b7816f-df25-76ec-6a23-302c2ebe126c;20.248.183.18
jessicacole@example.com;812.385.5754x17976;176f71f3-860f-13ba-faf2-4abf2332da2d;222.66.3.30
tshaw@example.org;001-565-818-8422x79122;02664bf1-0619-0d6c-2bdf-4240e7e0740d;88.246.34.121
gwendolynmorse@example.com;973-855-8028x562;e7f4ebd2-65dc-62b0-8473-a76cac93f926;201.23.83.192
pabbott@example.org;465.851.2080x29909;f73362dc-d13c-2793-9397-a3e5d7b162a2;192.151.79.43
cross@example.org;998-884-8907;88347c78-9d00-21a1-aafb-80e34b80a917;27.236.115.159
robert51@example.com;975-327-7660x3021;3bc1cbec-4226-6ce8-a29f-503e99900760;187.140.166.129
smithjimmy@example.com;(857)358-8146x380;6cd7792f-fd80-46e4-1a75-dc7be6ad19b5;195.167.130.237
paul13@example.org;618-775-4052x8342;ccde2347-f289-93cb-d8b4-f69eeb19bb65;180.118.99.171
ramosstephanie@example.com;659-527-7577x672;a63f6933-f4a0-964b-b64f-fb8405d5ea82;175.4.139.61
toddmendez@example.org;001-363-581-2339x57383;ed816186-cc55-ea2a-d7aa-62934fda3800;214.140.230.66
kristengarcia@example.com;873-417-5839;92fa20b4-f195-7e29-3222-c7214895378e;180.42.0.104
gillkeith@example.org;564-759-2899;8cb2bf9a-ce8b-edb5-46a0-b8156b06ea03;218.137.190.238
ianstout@example.org;+1-292-208-3567x40459;02ef0eba-2aed-82c0-6ca2-fec801af50e2;65.225.128.212
smithcody@example.com;(561)337-7062x6034;2f058def-2bc3-419b-0928-cf3be5a45776;35.128.49.104
haleyevan@example.com;001-302-591-0474x612;7fb68327-6db4-da65-5d82-604e9b6cab26;182.167.76.233
scott43@example.net;848.884.3729x360;6ed4be9a-0a5d-6190-e34e-e8c67bd40f17;154.140.245.143
cookrodney@example.net;(725)801-6155;f7b37220-48a7-ab95-8fe3-975589c873cb;80.118.187.60
vlyons@example.com;3179980823;14c90769-d20f-5e6e-9d2e-d8a17488a65b;221.98.213.62
kevinbrooks@example.net;395.954.4848x61662;855a6da0-a001-60ce-816b-0198e0e4d6f0;215.111.124.95
zacharybradley@example.org;(793)413-0982;2f3ae063-48b9-21b7-f36e-56b120d3eb94;213.220.223.28
heidibailey@example.com;968.452.3106x698;9c20e655-d550-e3ef-1c4f-52611230fbc3;59.116.49.168
janet24@example.com;5809740738;04a74808-f3fa-e71a-46b9-620b92109f51;144.216.234.21
robertsaustin@example.com;512-379-5963x21027;51073954-01c1-0692-284e-65b573e8b0d9;197.77.236.231
wsanchez@example.net;943.456.0171x160;d362a17a-9397-7a5a-b065-94dd7def6b97;94.235.76.233
hoffmanshawn@example.net;605.556.1049x6322;f101632d-cc59-68ca-8b25-da2e49ca4956;17.99.255.244
stewartsteven@example.com;(755)647-5815;8f1f6c96-2a71-6cf4-4d9c-205bf06679cf;2.239.233.197
wesleybarber@example.com;615.353.1996x5306;b4d05318-b0e2-cb96-b380-82e12d3c4bee;112.250.113.47
hayesdavid@example.com;001-560-403-2798;8cb11858-49dc-bb33-afd4-38cc629684b4;145.30.163.136
lwebb@example.net;(637)566-4414x12606;c3b9ac22-5453-3948-5891-af25f1c5306c;216.34.190.59
xhoward@example.org;5283360856;b6151fa5-5859-8a40-98d0-ea4da126c211;46.142.170.244
zwilliams@example.com;380-983-7840x8617;27f61eab-06ad-4a56-31e8-ef95b48a37b0;204.236.221.171
qochoa@example.org;+1-695-390-5645x15346;bb772530-2abb-4c02-8eb2-78ada36a9f8c;162.181.50.83
joneskathleen@example.org;270.829.8660x603;35176bd6-60d6-fb38-e8f3-38c3744c5c77;122.115.236.234
dreed@example.com;201.905.3646x37783;2d77f56d-3aa0-a4be-6538-e90710841476;160.54.123.6
gina77@example.com;778-489-7299x683;34cd6c59-b70d-1c88-1507-f2bf64b1ecdd;166.158.241.153
brandipowell@example.org;+1-464-585-4182x2944;eeeed376-1714-0d64-93de-50508c99bfca;125.41.135.26
stevenbishop@example.org;(206)964-4645;03330c16-994f-531c-2c23-aa9da841cd01;182.111.216.243
zsims@example.com;739-688-6075;2b030948-f085-692c-f5f4-b198de1b2975;189.7.196.152
davidramirez@example.org;(656)333-1626x938;03f13846-6f61-9352-6d42-9fd10dfbca80;217.176.158.104
gdavis@example.com;001-718-698-6110x270;ee67a5ef-4998-957b-632e-1fcdc7bf7cf5;178.102.226.171
adamscott@example.org;(329)891-0622;c5928af8-38ea-1d93-b6ff-6827fae76c7f;83.113.197.39
zwilson@example.net;(480)380-7684x511;1e396bbf-3a4e-3b11-9387-3a3d68d2706a;189.204.90.238
michelewolfe@example.org;954.959.8779;7c000839-3fa6-ecad-e505-9d0047a6db01;108.59.228.190
angela33@example.com;4775451409;c9c80c74-5916-fa9a-460c-301fe44360c5;197.92.206.124
mcummings@example.net;425.281.6687x70805;a39650ab-cacd-d7d8-b389-e675714fec57;204.44.66.89
davilaevan@example.org;458.889.0927;1be954b1-574d-3e6d-065a-909406059a25;81.35.9.168
michael45@example.net;409-899-3714x16633;8f15110a-72d9-900a-05b5-7fa107b5a024;39.101.219.63
kevin61@example.org;655.355.2400x2361;8e9415f4-94c0-abe8-a069-5ef97e483bdd;196.31.138.135
beasleyjoel@example.org;+1-596-997-3216x090;6b4ce267-3500-bde8-7075-a9a6bebc5700;199.102.33.175
kgonzalez@example.org;001-621-963-5077x93224;8a26dfa7-8a61-d107-d7c7-d7db4783089b;217.37.178.96
chadgiles@example.net;+1-853-629-3970x0875;34c16148-f0b9-8cc5-0b05-fdf44781b19f;213.52.92.15
eric21@example.net;+1-731-368-2840x1975;654b0905-426e-7125-f8b1-43de6a7830ae;217.190.249.237
hamiltoncindy@example.net;+1-284-569-0711;d033c549-648b-89c9-92b0-f0b9b8f9020f;218.149.91.115
danielroberts@example.net;+1-561-775-8305;afa20d8e-cb78-7197-8fc7-09630b6d8a11;195.81.25.133
elizabethscott@example.org;(476)446-4823x86143;23012f6a-1358-50a1-5c73-d3ed00115ae6;57.46.181.235
seanfoley@example.org;700-817-3399x3637;195f6487-ea30-ecfa-e9a2-21f6992a1564;122.155.154.114
jperez@example.net;419.599.8343;e740a575-49b6-4f12-d4ab-850e920d363d;190.48.198.171
doylemegan@example.org;(240)796-6661;efebf434-51cb-dc7b-d29f-ed3cdb7e8844;150.125.4.189
candiceramos@example.com;273-694-1382x1879;eb57d351-117b-f1d9-844d-b334ebb35a90;192.30.27.150
jessica91@example.com;(471)948-8723x4595;6bba2be7-5026-6e49-2553-a90296f81753;46.237.183.193
ubradford@example.net;377-839-9547;fcb9c6ac-e85a-f389-08e1-0948e0b195aa;199.249.172.14
meganhall@example.com;353.641.5227x36401;13c47aea-781a-7014-45b2-11f066fa90f3;130.142.10.178
teresa58@example.org;(378)390-8197;2087c8d1-e86b-3aba-a5f2-26901605de2c;175.100.245.146
daltonlewis@example.org;001-560-723-1092x658;c7b3020a-1273-940d-4c68-a3e35bcaf3e5;212.124.220.93
richardsonvalerie@example.com;(569)528-5715;f0b824d0-34dd-315f-09ba-49c7e4678467;177.172.132.7
xanderson@example.net;953.460.8706x2695;342de543-a064-9a14-d66a-f1aa19cd3ada;131.151.114.114
amitchell@example.org;(203)981-0297x4054;8120b757-da7f-7d61-7b75-46259bdd1a32;109.131.237.24
joshua43@example.net;(443)927-7251x0652;443800ea-66ae-2569-b7d2-cb2b40194212;84.27.205.53
daniel19@example.net;7008080511;843c91d4-ef9e-e66b-1be5-16fa8ea89053;147.159.127.188
fcrawford@example.net;+1-801-705-4691x88883;45272650-bcb2-c9fc-008e-8b8b985cb48b;93.115.81.55
pcruz@example.com;(553)244-6950;7ff241a5-0950-d9e9-fd1f-1bbdcbe9f3a3;114.20.214.199
dianebarker@example.net;663.768.6055x27415;f92ca924-d218-c403-872f-07c30d2ead56;215.178.132.161
jpierce@example.com;776.370.0949x3523;b6dd927a-3019-2965-c0d2-7ceb2fb5d6db;217.88.202.211
psmith@example.org;878-891-9594;341d5bd8-f89d-5f20-7d51-3c8e2b831559;90.21.108.44
monica66@example.net;001-859-796-4038x7075;d4edda59-f94a-6808-7d10-e183de846348;129.203.253.98
christie59@example.org;9945091615;1ab414b1-10d3-ed15-fc8c-fb7313773c60;166.181.48.47
oliviamiddleton@example.net;514.805.1105x4670;68ae2cc1-715b-782a-f6ab-ac305260d056;218.174.197.131
adrianshelton@example.com;7648784881;cf47d11f-e5a5-cd90-bc2f-34db330ecc87;119.115.232.174
meyerashley@example.org;925.944.5111x27574;eec820bc-c94c-2400-8a23-ef3856fc7ef9;170.107.15.26
kbyrd@example.com;302-812-3818;8cb11858-49dc-bb33-afd4-38cc629684b4;145.30.163.136
christineweiss@example.com;738.919.7320;2badd6b3-a73a-de4b-4404-8e90c772fea0;170.249.132.203
jessicafrey@example.com;+1-529-396-3113x045;53a07fdd-a1a2-12e3-61b9-ce0eb783b1f5;167.244.8.13
robertmills@example.org;(237)443-1788x31697;9048147d-5e87-8b0a-dfba-e1416958b2f8;154.247.167.150
mwillis@example.net;(575)298-2510;6715effa-426e-f582-c861-b15c38653314;69.219.128.144
hwhitaker@example.com;(619)869-8662x8821;0326e87a-3cfd-20a4-b221-b4e8a2a1987f;204.194.100.10
lestermichael@example.com;001-496-471-5310x4446;7fb00e8f-2137-f6db-335a-d8467efff6cf;134.193.175.180
veronicaford@example.org;+1-262-913-5758x307;e8960d9c-5f80-6ce1-527c-242541793971;166.68.83.103
frankann@example.net;+1-675-848-8934x675;06239654-89bf-1118-96bd-a0531b802789;221.183.143.114
matthewchristensen@example.com;281.231.0107;33e191f7-0621-82df-8dab-0c8d5963dcef;177.54.215.177
harnold@example.org;(942)989-7505x3766;79c98b03-2e47-51ac-afb3-0cc9af659a76;14.14.53.174
cannonjeffrey@example.net;824-312-5671x107;2fdaa9f2-eb81-3589-45e7-bbd3e5ce7065;193.99.132.36
beanbrenda@example.com;278.814.8008;3a09e137-e3f1-46ca-7481-740bf48270b5;221.126.183.0
brooksrhonda@example.org;001-658-849-8053x7806;53889686-a4b9-82de-dfd9-67c3cc22406e;209.227.235.124
richardsonmegan@example.net;001-503-254-4513x7463;f4c997d0-9e97-55d5-de6e-e7f5be85d20a;194.223.72.248
ashley86@example.org;+1-781-224-2067x013;5c49d42b-5378-2b1a-6d90-e44f7db68d42;105.162.159.104
david96@example.com;(951)647-8202x96140;7164cb40-0b35-80c3-c307-796ac92c0899;192.106.23.4
melissawest@example.org;(202)977-4319;5696961a-a741-c6a5-a15e-537ab74c3597;57.226.25.33
tgilbert@example.com;613-584-2303x522;fa5ad711-17d2-90ae-6357-5b517aae3461;166.240.78.168
castrodaniel@example.org;+1-706-950-8600;3b7752ab-f8ae-58ba-dd5f-6fc74e6d683b;178.11.239.249
joshua14@example.com;001-601-323-6634x5953;86365dc7-0046-7726-0e67-d1c63f679c64;145.243.34.208
heatherclark@example.net;968-433-0670x77616;936981e5-dcd8-5652-de38-aecf3041fcf1;192.152.121.5
emily78@example.com;(927)938-2358;c9289562-efb8-7ea8-4217-05379970f331;142.115.120.228
edward08@example.com;373-359-9793;293a8f9b-948b-a7fd-fd76-0a1a7aaf3062;129.50.54.18
kimberlyjones@example.org;001-722-713-2976;f51f0a65-02f2-da04-16a0-bcf86122b739;214.175.112.147
blankenshipnicole@example.net;+1-756-803-8987x42119;9a624236-fde4-7650-151d-91eb66b925ad;199.34.96.14
charles01@example.com;968-601-5566;2d464676-3879-2bfc-a177-600d1bdcfb64;54.58.14.61
austinanderson@example.net;227.306.3537x598;49d1f73a-bf0b-ad2d-c440-7b9fb2fe1890;194.221.31.4
ucampbell@example.org;+1-601-205-2306;2c6441d0-07a1-7e50-26cb-f86abd3441b8;165.195.37.189
fieldsjennifer@example.net;+1-779-889-5537x6280;2efac8c6-39d4-2677-c7aa-1da7315e4ab3;29.190.102.236
jonesalicia@example.org;286.493.1184;58cb8e7e-8520-073e-d4ab-36827edac987;70.249.83.165
davidzhang@example.com;964.986.4893;d5f608c8-b8eb-cea8-048e-cc2f75a87b8e;192.153.213.241
idavidson@example.com;248-834-9331x8824;82271c2e-e442-bbd7-50c5-644214045aa3;5.149.10.35
megan55@example.net;+1-252-534-6517x91017;1ebad5be-f5a7-e647-3f22-8e21289f7e50;180.78.85.177
vanessa61@example.org;(761)986-6656x167;98c088ab-12d4-ace4-ce38-85a3a87d9ea5;145.52.148.144
paula65@example.net;(469)904-3218;ab655216-20e9-4e3e-5679-51506419406e;208.149.168.87
daniel62@example.com;845-493-8600;7a68f5ae-e197-dc0d-b66f-9f5023360051;51.121.64.75
sarah49@example.org;+1-816-323-2279;79e0c32b-bf06-0033-23e6-cf87d4d3e724;176.243.27.181
mgalloway@example.net;+1-454-789-7043x370;97cfbdce-1624-6b32-4cf3-6b41d1748a9a;135.200.111.249
brewerjoe@example.com;+1-656-637-0742x43960;a57f67f8-9994-d6f1-a1a6-043379b3ef53;111.158.42.233
matthew20@example.net;001-590-589-5620x26226;cb075a3d-c906-35a3-9db7-3abd1b4ba9dc;204.185.146.113
scottchristopher@example.com;741.867.2017;eec11e4d-cde4-3ed0-ae80-3797dce45dfc;17.229.39.184
hughesgina@example.com;7332418964;8be79067-49d2-5093-53f9-78143a4e5912;183.98.196.232
christopherho@example.com;001-473-917-0411x3504;bcfe2176-f104-50e5-0b4e-02b1a5eb8f3b;193.195.175.10
ysims@example.org;439-650-5931x81489;8dbc2873-effd-f7e6-cb82-6801b0b8593f;175.164.224.118
fcooper@example.org;464.826.7283x8742;a59db160-41ed-f470-aa3d-1bb40b20eecc;218.160.212.169
higginssylvia@example.org;706-399-6083;13a87ea5-eeae-a812-e41c-752ae60ece12;205.245.54.170
samuel23@example.org;(855)321-9552x4353;644cca78-2c0d-5beb-6f66-a53aefa070b6;14.8.83.36
kerrygardner@example.net;982-935-6202x6941;1de4ccef-a270-4c3d-3d0b-04688d791173;165.224.94.6
andreaclements@example.net;225.537.0448x819;92530b8f-97f6-e495-2024-fae3150ea8e9;209.248.210.145
blanchardrobert@example.net;7539084902;868a3aa0-dbde-291e-bb68-e43348de824d;181.35.177.219
julie66@example.com;001-770-654-6241x60905;d3c1ec23-7098-4828-34b1-e27d48716b1a;205.65.213.76
cynthiawalker@example.com;654.513.5972;ab7676b8-8371-ed8d-b631-2af34d8a4df6;43.173.137.60
clarkcourtney@example.net;+1-816-797-2722x9789;a3e29640-44b2-3bfc-ab3b-0cf39112fb92;213.47.31.4
rrobinson@example.net;(838)571-2730x37982;6959ff8f-e25c-a1e0-01fb-d5b4fcd31e35;108.85.234.235
brownkevin@example.net;988-926-5093x139;e2731aca-d90f-250e-b108-2855ab8abfd4;213.105.204.57
michaelmoran@example.com;384.575.9001x05936;0fd2fbc1-30e5-9d85-25be-172b62ac18e1;174.167.68.106
stephaniespencer@example.com;001-885-347-5298x722;7e24f017-706f-6145-a74d-541242ed214e;164.196.238.199
vicki68@example.org;+1-773-661-3057x7570;0752ff81-95ed-4361-2711-d819a9bf6512;197.21.18.221
powellsavannah@example.net;286.265.9584x550;9cd4398b-0550-0afb-0cea-7179651ed706;216.187.12.218
raymond54@example.com;001-835-800-9104x8739;9d0bf47a-0351-2a4d-d85b-3078a91caccc;123.196.16.146
adamcharles@example.com;(787)225-1849;f0642b42-e7e1-1899-ed67-7db275519cd0;220.214.215.39
elizabeth03@example.org;(763)753-9269x518;d8285425-1bd1-7899-a25c-29bf4897be2d;126.150.196.44
dmorris@example.org;488-700-0114x57504;982d4c7b-12b6-1fe5-65c9-5e9f219ee006;173.247.203.149
alisonmullins@example.com;326-854-4930;6d052b06-94d3-ce7b-605b-47965f2331d3;136.251.81.130
daniellelong@example.net;353-521-0027x8198;65d30e69-bbb3-9244-ecfa-b95244cfe8a1;212.51.63.241
mfowler@example.net;674-692-0794;a5bb3926-2d4e-6a7a-2d9e-ff77723746a0;165.84.48.26
stanleycory@example.net;784-585-4086x8873;7b98aa7b-ff5b-9feb-370c-31550f994c74;205.139.215.6
wknight@example.org;916-491-4254;6132471d-28bd-b853-8b07-12932928eead;197.208.91.23
caitlin60@example.org;501-257-0177;c0846411-f0f8-d3f3-85e4-3a58b9056ce4;161.125.143.168
vcole@example.com;001-429-957-5138x090;957ef932-1bc0-3cb6-4493-e791e284f22f;108.10.153.230
ryanmartin@example.com;(873)606-8393x9805;f226c8cc-51af-56e6-959c-fb590deb1964;51.164.200.177
edavis@example.net;902-792-3845;9afc347e-61ec-813b-375f-87aaaa67ab73;223.122.157.198
stephenmcguire@example.com;(296)605-5354;54e85603-e342-d031-de1e-0201493726f0;219.122.142.163
travispaul@example.org;254.362.9772;fba1f6ea-15c6-6921-682d-3c00aa14a17a;202.236.84.209
djones@example.com;789-220-5642;7806ac77-c7bd-466c-ed00-dea907fb0586;57.32.39.56
donaldross@example.net;+1-327-747-1583x7731;d34f03c3-2dba-a9fd-9969-49d1c9c68ce7;199.200.135.203
vfisher@example.net;418-278-1100x2998;cc6342d1-4d8d-8af5-300f-80a0ee1eddb0;173.203.247.173
scottjohnson@example.net;001-375-349-4222x54021;91311ba1-ce18-64f4-f383-5f67d0516f45;28.210.129.44
vanderson@example.org;+1-248-593-7576;e12e65b6-5b66-ac71-fc28-882eb7d03e7b;48.107.254.101
williamlawrence@example.com;(947)407-6902;2936e502-2fe9-8d05-668e-b5ef16174a72;222.202.69.210
ericwilliams@example.org;806.923.8368x49090;f02e9dc4-9b50-91ac-c33d-84c266761e55;49.123.206.86
woodandrea@example.com;310-862-1534x1349;e5270723-aee5-51a2-4afd-f834486efbf1;42.200.135.12
matthewhartman@example.com;(615)839-8140x46499;f612ace7-2c80-21e6-8df7-fd3d23cb915b;44.54.82.227
maciasdeanna@example.net;(890)536-8738x6444;fb078455-e9ea-52ce-1875-e6da592afd85;58.236.180.169
manningbrandon@example.org;+1-939-716-9141x0313;fa9ecc8a-ef90-4a93-f8bc-2cd29f6ae24c;142.33.44.113
fostermelissa@example.com;(381)975-4305x134;2c3ef153-6a69-ce08-7e92-132e569ceb0b;34.116.102.242
jordanmcintyre@example.org;851.562.7796;4933ee51-3ad4-15ec-f965-137dab22a389;201.163.249.65
ryanbrianna@example.net;(497)755-0940x89977;ab054553-c5e8-f4f5-ec3d-4042e0023085;207.115.126.70
eugene82@example.org;218.202.5125x515;a6a4175e-ba88-8d34-a8a5-37106f9883a9;180.115.169.24
mirandagraves@example.net;881-979-8048x11692;e7ecec43-a47f-c15d-2307-ee8677418a45;19.82.121.21
clarkjohn@example.org;922.462.8977x1147;89f78909-958b-11f6-bfee-8a97fdb964d2;143.118.236.238
christinamorris@example.org;410-786-7213;59a06062-c4b2-e0c9-5864-838b80302099;202.95.121.198
jamescordova@example.com;799-295-6419x27318;a684c50b-a8ac-67e1-82f9-db6bd5abb512;39.19.129.220
janicegreen@example.org;(689)633-8472x939;c3bbe5bf-6638-7a93-2681-c75d7ec57887;203.234.220.148
carmenhansen@example.com;001-863-314-8962x525;6919c4e2-383d-1593-7179-54b52092c9da;64.2.129.200
uward@example.com;(222)572-5091;c0509c1f-5317-41b8-4995-c0202d9783e3;221.39.66.237
vanessajohns@example.net;001-228-482-7062;932232ac-6367-91a1-0c0c-be5a48057d13;194.91.1.213
donald90@example.com;001-647-674-4487x942;5affe24d-f747-a408-4694-44de437256a1;48.152.51.247
mmccoy@example.com;227.947.7435x6671;67261d87-0340-0475-f6ac-7d2917396106;80.47.150.82
richard64@example.org;281.231.0107;4bff1a20-2057-bff9-66e1-482f81d7b355;163.18.207.118
debrasteele@example.org;001-242-415-6732x2921;531faf35-21e3-f615-5ad8-b1f520ba3941;210.125.191.202
amandasmith@example.net;(529)463-5643x00056;7d70edbc-8171-1596-39b1-e54f1520ef52;136.180.53.203
lspencer@example.net;941-988-2297;87382e7b-5e6a-eaa5-a4e7-e79587577cee;56.10.64.226
reyesjames@example.org;539.674.9017;12a27d4c-2d15-22ac-3f27-f57e25dc22a0;219.207.120.233
justincrane@example.net;+1-984-367-4453x88869;0d47431a-c53e-7811-6147-776647121d79;154.17.244.190
dmartin@example.com;783.757.6276x715;d37ecb30-f5a8-c7e5-f0b6-79c40f601dc1;115.190.164.234
smithkaitlyn@example.org;599.279.2339x04937;a93763ca-aa1d-71db-e000-e0817c26aced;74.181.78.167
nicholas15@example.net;564-340-0680x7019;dafca966-76f1-89b4-9767-e58056834620;189.70.75.19
elizabethsmith@example.net;823.930.6568x4780;fd1fdfde-f503-99c7-9035-9715bc6ae1f9;177.44.128.101
wortega@example.org;868.388.4568x272;f9538b4b-a9b6-41d4-6826-c2041047f166;106.219.87.73
kingsean@example.org;001-261-959-5550x4065;ac98963c-21a7-51b7-a28d-d949b5b46093;156.143.132.41
hesterstephen@example.net;001-618-204-0758x4764;ea80ccda-a363-3b61-59e6-35dc901c6377;201.247.255.125
alicegrimes@example.org;244-759-7109x00963;d5ff97cf-9bfb-9e4c-6d5b-f9547c866d36;198.89.216.153
banksraymond@example.net;001-408-526-6784x9219;1cce60ec-edc2-671e-0785-9163912621a2;139.142.195.249
laura76@example.org;965-609-3952x25035;aed81aa9-e399-34cb-f54f-b2237bb3b026;204.18.1.61
johnfuentes@example.com;(905)356-4046x084;cce8beb0-be7d-6bc7-2acb-39c7bb0d08ee;141.132.192.252
harrellgabriel@example.com;804.503.6965x17767;f369da2b-721c-c81b-6439-40bcacf22b17;220.29.108.16
joshua52@example.org;480.941.6527x82702;1a6d14ff-9868-86e3-d89e-bbf00774e3cb;182.229.154.213
lori73@example.net;638-239-9865x29923;e056c1dc-afc6-6eba-24fe-6b60aa3ca8b2;159.41.60.135
timothy20@example.com;001-218-256-1985x504;bc158157-722f-6c20-0f73-fd492415df7f;219.212.253.172
bgonzalez@example.net;(231)821-6770x2698;0c6dd2e9-b8dc-0ba4-a155-e02facf8e764;156.224.123.20
davisjon@example.net;+1-816-625-3925x1728;967e8c9c-3638-f81e-765a-a5f2414f4d38;90.42.112.29
uconner@example.com;001-379-584-3722;1f44eac2-3860-87d3-1e78-aff77312f1ac;55.39.116.172
davidperkins@example.org;947.680.9414x21746;9a166ca8-bf5d-142a-11dd-85d0420b359f;165.8.241.183
dberger@example.net;836.468.9137;28bb90e6-0eb0-750c-b888-94b776e026de;147.122.74.124
brittanyhood@example.com;3953638730;09e7dd36-bf5f-80f3-7b3b-09e81cc50f37;129.243.177.154
kkrueger@example.org;+1-258-709-6612x134;6b33e180-0935-2fce-6073-971a45164eda;68.115.82.95
warrenrobert@example.com;001-712-241-3953x9934;df9d5b39-d042-c9a9-0d3d-cf446210af3c;99.106.135.154
usawyer@example.net;430.673.7182x41783;f0b824d0-34dd-315f-09ba-49c7e4678467;183.32.127.207
pierceebony@example.com;+1-351-341-0965x8803;b5b16330-9ba0-39b4-6978-4b5a7f12c13c;119.167.209.118
janetjackson@example.net;305.953.9721;a301d69f-95e7-7d82-4b1d-8aa1ec4c365e;150.114.82.0
ecarney@example.net;4369283217;a8bb9235-26af-e6b0-0fe4-1ffe113ac1ef;198.203.48.175
pmercer@example.com;+1-874-827-4635;3a851d10-7d21-5e23-163a-eaa1f56e8799;96.232.161.26
ccase@example.com;(513)589-9244;92eec93b-eaa2-5692-73ca-cba93ec5827f;185.231.166.148
jnavarro@example.com;246.359.2506;1b4cc6a4-ef57-355b-df69-640cf93e4772;215.168.242.126
judith53@example.com;646-380-0734x9740;a151d73d-e8a4-c2c7-c713-360cb84c2607;210.41.183.247
vincent11@example.org;692-493-1568x436;29c33df9-c078-51bd-d3f9-de5c4c7242d2;35.208.21.82
samuel43@example.com;+1-752-547-3807;f387d416-d8fe-1c35-9e20-a1f07b99e824;221.21.195.236
lindseyknight@example.net;619-727-2523x3731;7ea429d6-14e7-991e-80da-71f3907a3080;191.199.40.20
hmiller@example.com;+1-273-642-1417x5228;37a787b4-4b0a-ce55-9436-ba15db8f3336;62.146.233.12
mwhite@example.net;001-916-252-4528x87966;4c61c127-587d-54ac-fa22-c1b19cbeb9b5;129.188.112.129
dylanchen@example.net;+1-833-669-9488;afd96615-d264-060f-0da8-9312cb251322;221.254.17.169
poolejacqueline@example.org;001-599-339-3411x335;7a847030-1963-0b1a-fa0d-24db20a72afa;123.102.250.40
heather08@example.com;330.654.8018;39c30bcd-83e3-e30b-67ed-34611062c291;103.204.3.34
chad30@example.org;9159345428;17c404b6-4601-bfbe-ee1a-00e4508391cf;166.96.228.95
rickeymorgan@example.com;+1-382-536-2014x71335;198db2a8-0186-7396-a4d8-c3d4d154101e;28.111.191.143
qosborn@example.net;(731)405-0003x1052;67a877e1-7690-9d65-fa04-733c68532de3;130.82.21.40
shannon64@example.com;(810)655-7108x913;155a9aeb-2848-9894-09e8-571602cf059d;211.80.230.14
michaelrivera@example.net;363.501.4266x86772;61e8c5fa-9ab7-560b-56b5-9a3c1653e619;96.180.135.209
christopherchoi@example.com;697.692.8733;3b84b73f-0af9-50db-0e14-53ad99521ca1;192.134.142.6
tricia54@example.com;7785361733;e627882d-2b59-2906-077d-b422ee370a7f;61.180.45.22
warrenjoanna@example.org;460.783.0073x3940;bdc74490-b7c0-9736-ea44-a4b6fdc2efce;146.14.200.165
ravenking@example.net;(615)657-3111;e51f43f4-cec5-fc7a-bb30-d85687dd5c97;212.173.109.76
ewest@example.net;396-316-9678;96157f1c-0ac5-5332-1f13-3ee64c0e5ed9;28.134.252.244
rossmeagan@example.com;001-957-747-4523;7a8aa2fa-3ae9-1504-11f2-9dbc077c142a;110.201.64.11
ritadean@example.net;(735)448-6980x0415;3df5527a-d14d-03a3-6808-76be31f5af2d;161.110.140.43
james39@example.org;681.951.5386x12753;1dcb8710-67c3-ac5b-f334-05f9ec551441;218.52.110.65
gutierreznicholas@example.com;727.851.8156x9827;1c7f0eff-32e9-c43e-c48d-48d61ce3595b;134.53.229.112
khanjonathan@example.net;452.996.0833x6476;5578e6cf-f5b6-e41c-1298-37d26e6835fd;185.171.173.222
jeremy01@example.net;511-907-9707x104;069c3ba6-e718-65a6-3613-226c63e806e4;170.226.114.174
lhorn@example.com;(269)200-8365x03512;5653090a-f363-5d12-a9cc-974243ce86c7;207.244.56.63
ruthwhite@example.com;748-962-8253;10a99147-0421-d486-c73e-93308e9fa555;113.84.188.137
sgarcia@example.net;001-355-785-7960x69270;b739e271-88ce-d92c-f4f0-e1fff48b478e;155.155.248.89
xjones@example.org;615.727.0263;1e170b93-5cba-e913-0179-70bbb04b65d1;153.0.248.240
dennisveronica@example.net;940-301-6032x83348;4687e40a-7a89-0041-9762-3091c7b1a64b;42.23.37.79
hernandezbrandy@example.com;(739)620-1579x0094;7f54ef3c-ca56-2cc2-7b81-c278b16d3d67;166.105.217.247
taylor25@example.org;460.227.2847;ce26f8f8-bf0d-4381-fcd2-1f12f528094f;186.167.185.175
isabel90@example.org;233.454.2784x47170;1fbd8fd9-e62e-9af1-e130-d698cd072279;185.248.221.79
josephrichard@example.org;8887103670;37afa6c8-bfb9-60b4-c480-883252a6cc93;211.240.118.129
regina48@example.net;2873817228;750c74f6-0f79-fd07-f7e7-2b85e1e2fffc;110.207.56.131
russell17@example.net;614.922.1867x1134;d4ab944f-76cb-819f-8370-b993084652fd;191.97.158.188
favila@example.net;707-370-8775x159;22b79abd-fc06-c8f8-987e-c98a49eb04f0;206.75.240.210
xcruz@example.org;9202404802;bdacc2d6-4295-f229-fd1b-89e8f93c9746;1.183.72.157
mitchellamy@example.com;758-704-1392x52677;bcb204fe-378e-9c76-ac0c-c7a2910c973c;185.221.154.192
cruzheather@example.org;(703)683-6092;1cecc5c3-76bc-9a29-91e5-ceb8cb5897ac;218.146.135.161
henry71@example.com;512-379-5963x21027;51073954-01c1-0692-284e-65b573e8b0d9;162.213.46.162
rharris@example.com;707.763.3877;352c82d8-024e-3853-1128-4a2c08d83e7f;179.61.78.207
ericscott@example.net;(355)936-9462x0568;d5497a4f-9b10-340b-360e-aeda62b30b50;2.213.114.95
wgross@example.com;+1-947-890-5618x026;dae04cd4-27cb-0720-ec5c-f89da63d1196;216.52.125.78
gbarrett@example.net;6236194346;4a2324a5-a153-3ef6-59be-3b625e619a2d;157.208.166.155
pamela13@example.com;(693)226-4482;96f30a03-0fce-ba8c-cdb6-5310079ad388;89.1.147.80
mary26@example.org;+1-277-207-7315x837;bdcc48dc-634b-7875-1e55-4f5cd17bb8d3;132.94.110.222
jessicasmith@example.net;001-290-379-9288x7229;a40bce5c-be56-aa44-69ff-3ecb5f2d5164;116.38.151.159
afinley@example.net;871-554-7370x402;971e7a7c-301b-4193-171e-e71765379783;185.236.238.231
twilliams@example.com;787-632-7768;27c71485-c105-edd8-c03e-30084adbdf92;210.213.147.125
ycruz@example.net;407-350-3589x933;6c1408b8-9300-6ab1-26ca-7a8d96e207cb;8.27.81.54
kennethdennis@example.org;294.284.1685;90632001-135f-9fb9-6d8b-0573ba41c606;151.174.26.7
trevor61@example.com;(660)741-8436;b214af1e-a2af-26b1-8a58-169a0cb15f1e;6.24.70.90
munozbreanna@example.org;+1-211-344-1758x7718;0a2c97e1-bb41-875e-e5a2-f955d942db10;191.195.65.45
robin83@example.net;798.765.2307;e5f1942b-cbbb-c343-814c-32bc561e414a;212.5.2.82
edward07@example.org;(877)311-7293x07650;a27b431c-bdee-eecd-5dba-8165183e2ea1;51.51.8.37
lauriemarshall@example.org;001-838-803-2347x80644;9da53119-265d-d25f-cb1e-79343174504b;160.122.203.87
jjones@example.net;625-276-8085x440;d0922ec9-1835-d090-8d4b-30e2dba53d24;220.15.81.171
tjohnson@example.net;482.719.6321x69256;41d529a6-9db0-d6bb-fbac-1d07fa6e8ed7;199.18.212.127
leon71@example.com;001-205-463-0364x3560;971116ab-7415-2812-e0c3-bbc573356e26;33.186.245.144
michaelfaulkner@example.org;001-339-965-4436x81983;89e136ab-24ae-802f-4808-017548944156;148.17.142.97
sara52@example.net;001-387-560-8991x9204;9b2a20d5-0892-116a-4208-0f998540005b;18.1.22.225
mcintyrerussell@example.com;822-642-5500x3235;c9650260-ff8f-640b-3bea-c32d2ef0107c;203.22.96.78
falvarado@example.net;330-736-7536;7ab79b31-8142-b0c3-f9bf-f0ac227f184c;12.212.147.111
bentonmarisa@example.com;+1-599-732-3475;5edb0bbc-27f2-e4c5-2869-0ec7a54c95a8;218.104.178.216
robert79@example.net;646-365-6891x78115;c69259ff-8ea7-a99d-de44-0270a70c80bf;170.55.214.164
sarahlopez@example.org;216.644.8791;2d8d0b4a-ee9b-1e00-8ba7-a825568c3ca7;162.8.151.67
ldoyle@example.net;883-535-1974;68058e7c-b010-952a-f0af-857a4d24d420;132.168.59.129
travis93@example.net;(563)665-1217x6291;e8c2d25d-7841-1192-079b-8b6570600939;219.197.246.196
rachel19@example.org;385.965.6688;ea747fc9-3d29-1fcd-48bf-d0111bd34f62;211.231.231.173
joshuapeterson@example.com;+1-567-814-7308x9817;2e9703b9-5245-8e20-3ff8-291b2de3b62d;27.237.12.172
wallsrenee@example.org;001-254-834-5380;35ca8dba-f321-bbb1-cbc3-fc51373a2dbe;21.31.105.153
yfoster@example.com;907-306-6504x99190;a40f3244-3bb8-54d3-c5f1-6959b85a734a;201.198.78.206
jeremy46@example.net;701.848.7963;f993d5a6-0f69-2efa-0ed8-4295eba992e2;34.246.124.189
lisadavenport@example.com;001-783-947-5653;21ffe0c5-004c-da0b-61a8-03f9e2678c0b;201.7.97.92
maryruiz@example.com;+1-280-378-6563x2621;f3f2aa0a-7d80-78da-4f17-8145ade8e5b7;33.86.49.242
tatekelly@example.org;+1-426-449-9479x639;fbf0de78-74ec-dc4c-5330-14ec3bc0de7f;182.200.217.17
shayes@example.com;348-752-9831x447;f596e894-61ef-e152-fca1-093bc7548896;75.159.47.100
aaron67@example.com;001-677-362-2040x983;df2f2dc1-c2af-8fd6-3fb4-072afbcc0648;117.200.99.180
juliewilliams@example.org;541-231-0107x125;ac88cd63-d641-16d4-6680-8cc23b16faad;124.221.155.151
claytondonna@example.net;3574398366;d2114cb1-7276-38d4-bd52-704ad053e63a;58.192.96.137
cody09@example.org;001-718-342-1247x43296;a051287e-65c5-271a-4008-c184b9cc65e9;216.163.100.254
grahamchristina@example.org;001-513-917-4269;af6bfe4b-5d39-1101-fa44-8db02a0adbe3;78.78.192.11
danieljones@example.org;(808)499-7821;00eb6b41-a8be-7ab4-f9d8-4dc70b3dc453;220.208.228.107
adamsdonald@example.com;512.624.0162;51304e3a-8e72-db35-d801-c808ad20b9d2;41.148.69.171
jillian95@example.com;5204546884;15716f78-3c3a-2351-e041-5dfa8404c852;148.71.119.38
brittany89@example.net;+1-946-502-1198x3183;50eaf19d-d696-9e23-da07-c1227610a57a;167.120.104.78
adamsbarbara@example.com;+1-224-343-5512x708;f2b0dce2-a9b8-1241-54b2-75a4a7518a24;204.196.201.176
kcollins@example.com;001-911-260-5412x0748;d0067e15-fdf8-ab54-3b0d-120b2bf72af9;196.207.232.106
bennettgabrielle@example.org;(523)588-1713x56232;e15f03d6-6071-323e-7f67-99e71a7ff3e6;7.91.116.193
joshua85@example.com;+1-492-794-1089x815;fec5f5e6-1ac4-c9af-2f7d-b2a9da30e1a8;146.243.155.116
ohardy@example.net;774-230-2724;5730b76f-d1d9-438e-dbae-5b6a79c9105e;199.21.29.74
clarktheresa@example.org;001-987-854-0025x118;0507f3db-cde1-b44f-0c49-eb9c309b0b1e;71.31.146.110
sgreene@example.com;001-534-791-1787x24416;82311bde-d126-0bea-9184-06bb96f9b5a1;146.176.158.209
lisamoore@example.net;001-756-336-7409x78226;0a13c430-37e1-5164-660f-53200ab3cce3;218.47.251.254
colewells@example.net;(707)562-4260;4e38ed58-8f8e-f1a5-57e9-dc8f78f9170b;66.102.6.186
angela11@example.org;4916364515;241c0eaf-0bf2-5422-7ebf-0e14862b44ca;193.200.224.134
cabreralaura@example.com;685.793.8255x766;4fe959f6-c9bb-c327-b97e-9127824fa62b;47.175.231.237
kallen@example.net;001-411-631-4841x0218;2a7b5b56-a72b-9139-0dba-c5ca2f70d084;59.2.94.146
jimmychapman@example.com;391.239.9891x12621;acc01eef-7bb0-6067-3734-c10a2b6b5481;131.252.163.85
stevennewman@example.net;(513)589-9244;c6b0c7a8-1de3-afe8-caaa-20e97b5deeac;185.231.166.148
hpeterson@example.net;(502)892-5991;c27a1565-26e4-0e72-ef1e-6445d72a7a8c;68.188.238.18
cmontoya@example.com;643.685.0619x5894;9c264f50-5537-8bae-9138-27fb8698524f;219.21.77.250
mcintyrecarrie@example.com;+1-316-552-9181x080;22900a90-b173-ff7a-056e-911cc0ac9371;193.192.218.39
mosschristopher@example.com;001-580-481-7653x9828;46f0d246-172e-3c89-ddc7-329a439f7413;50.93.106.148
leecharles@example.com;(510)741-9123;4ca151e9-3e9f-5d9f-1944-0af68d17fc63;181.130.95.201
claudiamartinez@example.net;(327)960-9004x65215;1d7d45ec-0dcc-affe-e3dc-172e4401281b;202.238.107.133
benjaminmichael@example.net;+1-204-581-2168x42220;1d217bc3-f332-3881-7d1a-53a1b954d88d;89.14.28.125
melvin58@example.net;(460)821-6089x74268;dea336d6-865b-c1e3-0cd2-40dd94a4cfa9;178.11.239.249
robertgarza@example.com;916.366.2094x2979;0fe9bf8a-cc91-85ff-fc24-9d74578c662c;200.170.12.225
tyler86@example.net;001-389-838-4138x40958;7457a469-241b-02f0-ef63-7bd5f06348b6;80.7.17.212
oking@example.com;001-404-424-5363x43015;baffaa74-e139-19e2-9d9c-ecd6b71c9802;204.55.114.180
kathymason@example.org;+1-638-233-2677x377;f72ad4e0-946e-d319-9bc2-e2e547154f82;192.161.77.53
qmerritt@example.net;001-876-899-1444x4200;f3327818-1a90-82c1-d121-406cd4639eba;43.238.215.83
millerchristopher@example.net;+1-930-469-2579x153;40f0003a-911f-010c-e40e-b1e4cf547976;12.116.121.17
wendyramirez@example.com;836.741.5162x6016;096191b3-60eb-fa1b-3d58-45677c0749ff;99.190.30.140
qhowell@example.net;710.870.7598x739;db77729a-31b4-f60f-9e20-c82f416802c7;179.223.229.67
wmiller@example.org;(756)303-3528;f7964e18-19f6-1550-6016-3b903514d432;151.116.61.136
reginahoward@example.com;+1-838-984-6390x504;e625c072-86ed-854e-553f-473afc3432e1;222.237.244.244
martinezlaura@example.com;001-931-532-6426x411;b29aa50b-0b4c-d4ac-902a-75cb22bff023;102.83.34.173
pward@example.com;273-799-5600;d230df1f-dfff-202e-dec3-c80c6cd27004;200.255.49.24
youngvanessa@example.net;6423951189;b209f0f9-cca0-8211-3b37-50610dc29587;22.225.222.245
jamesgonzalez@example.com;001-339-706-1387x782;24053e7e-7bf6-34a8-1c17-2dc5bce4df3f;68.190.245.66
tammy88@example.com;(712)890-1851x45447;45cd4e55-9149-aa3d-2fd0-15a2106374f9;135.195.211.34
hbrown@example.net;001-442-828-1934;7acfd633-dbd7-5bce-2ed5-779e664b0006;149.232.163.102
adamallen@example.com;+1-936-536-3622x27822;ea148823-3cb5-8d90-4431-a98cde2782e7;66.240.247.94
antoniolambert@example.com;617-332-7162x725;993357f4-13b7-1f56-4ad9-ee3382945e43;211.61.60.108
natashapayne@example.net;(768)615-6509x81180;f2406332-2f7d-9ea5-a239-82d5881325d4;99.96.153.199
shawnchristensen@example.org;874-936-6201x6516;86cbae20-ea7e-5cd0-dc9b-2b493decd48d;217.217.163.35
perezmichael@example.org;(365)959-5627x78228;4192af52-5a61-04f1-5e86-3acb1d1b78e8;123.49.64.44
blackwellwarren@example.com;+1-354-426-5178x1585;dca663bf-f243-9bc3-179b-0a99ce58af33;17.5.71.234
tatenicholas@example.org;9768899137;60e9bb91-791a-6223-0563-41a7f6e58e84;213.176.1.52
lisamcdonald@example.net;746-363-4779x2835;519346c9-81ed-770e-e027-5fe8ade319b0;216.136.168.28
randallcurtis@example.com;964.209.7925;c5624149-1623-814d-2954-876c64673d31;211.124.222.255
nancy66@example.org;988.506.7436;01b82b32-3c6e-8eb5-0856-e90ff72056e8;3.91.193.134
heathercummings@example.org;924.494.2123x5440;7ce00d5a-e777-59b8-f118-011963fd2dcd;170.208.198.87
markadams@example.com;001-914-393-9100x3708;5541a063-4685-68ba-ff51-642bb376bcd0;203.126.45.113
adam42@example.org;737.916.8224x3413;18c3b4bc-1752-15ab-8c07-99d8f2bfdb45;221.24.80.210
chelsea32@example.org;(873)606-8393x9805;f226c8cc-51af-56e6-959c-fb590deb1964;218.54.242.70
baldwinwilliam@example.org;+1-966-931-2971x1208;ce006fe8-a66e-00d3-f927-38aab6059139;210.28.163.67
phillipsdarin@example.org;001-526-401-7171;5a1025c9-6a63-a5ab-9f08-4a55f2d53bca;168.67.48.210
joshua02@example.net;001-528-962-4842x23604;6a037131-fecb-051e-cd04-0221e59e6d26;142.224.134.93
nguyenmolly@example.com;(764)366-4074;198a551d-070b-9b34-1440-3a07dbb8e849;14.157.112.49
caitlinanderson@example.net;+1-714-990-3329;add0383f-e8ae-9000-4e36-b18d60bdef9b;189.42.178.191
bmays@example.net;+1-923-274-3373;6f4f5c0b-09c9-c6bf-c5c8-f25cb382280c;216.250.252.137
longlisa@example.org;747.553.4839;6f90b9d4-8b74-46fb-6d70-506d5a7707c5;168.17.210.194
nathanturner@example.net;001-919-229-1035x3382;d0b3ec08-87a4-92c1-ee93-567e6578648b;84.141.253.116
kimjudy@example.net;+1-875-236-6450x4799;07e31f87-a2a6-4c6b-a87d-51a757683682;200.124.184.26
prattheidi@example.org;(345)927-3641;311246fe-7ab8-1d1b-99ae-0c5338ece15f;48.135.104.119
jessicarivera@example.org;574.614.6383x04800;d500f7d1-369e-2803-47f2-324cdbab21d2;147.151.140.53
vjackson@example.com;303-371-3069;1e94c4c7-ce55-695b-9256-9814e622f72c;89.230.119.115
martinezelizabeth@example.org;+1-264-726-4959x969;b0c32fd6-9abf-65d5-86af-215e83ca7009;87.79.4.69
robinsonanna@example.org;971-542-9246x1140;e5d7c7f8-ea14-6756-3196-4e24b3e0cfdb;111.17.29.90
joshuapeterson@example.com;(400)738-8711x1107;4ca2f1c4-3ed7-a334-1fd6-e3ff7366e020;165.63.124.152
julieford@example.org;508-319-4873x800;56a8b135-d0be-91e4-6e48-48b5d36ac46e;203.244.123.183
kochkari@example.com;001-668-575-7641x7635;8a66cfad-eb9a-ecd1-b4c5-cfea09555e0d;83.28.28.217
serranotammy@example.net;459-565-4874;81f88af0-3cdb-7082-5a9a-5c0f022e3e39;65.205.67.204
cgonzales@example.net;9744824934;cf5f0333-4b3f-117b-213c-7cd661a68cf4;207.142.115.26
bradybennett@example.net;+1-273-803-6339;55b09586-a30f-2ad4-0ced-ac8cb154b7dd;160.61.179.144
jennifer36@example.org;(966)907-2573x21004;460ae422-caa0-848f-86d5-ea6f33ac16be;162.78.223.165
deborah15@example.com;385-466-8703;c52c2e7f-f37a-458d-3429-12e88750c8a1;21.8.22.97
lhall@example.net;(644)282-0137;c61d8e62-28fc-a7cc-9405-c5ba87459057;219.45.211.84
andrewjenkins@example.net;(859)741-1634x6191;95195550-d07d-0a0d-9d69-f6f351b37440;221.98.111.160
patrickjohnson@example.org;(464)706-9499;84de80c3-5358-bcd9-cc91-58fd89b50e79;170.228.100.50
teresa96@example.org;+1-415-638-9383x31172;52cf625c-9c36-795d-648a-c142b6a48461;189.84.157.114
ccombs@example.com;9729258006;e07275b4-ec01-b0f7-03a0-5e824625f9e2;220.229.157.118
morgan58@example.net;563.720.0321x3306;d9bc338a-7fef-6eef-dab9-a1c65fd090df;196.223.217.154
matthew29@example.net;3482130832;8ded3147-a72b-c8a8-270a-56d594502c31;107.57.139.190
troywilliams@example.org;8954981451;fab74e23-0256-2727-3b01-4b7373afd677;84.0.198.187
karencampbell@example.org;255.495.5428x4094;800229aa-bd34-cd7c-91ed-35d2907f985a;164.123.164.242
savannah85@example.com;504-330-0166;a3d2a978-371e-3449-b09c-ed494901aa51;15.196.144.112
nicholasoliver@example.com;001-404-228-5825x17136;962f7d7b-d15b-2d1b-e5c5-3d35503ad1ac;205.142.72.112
vnovak@example.com;448-808-1460;870896df-837e-f98f-6bb6-5f4999b47385;157.12.179.184
madeline87@example.net;001-773-886-3035;9e614b04-f697-8858-22f3-96422114ccfc;20.46.202.40
stevenserrano@example.org;849.813.3707;699cc076-adde-fd4c-4bf9-7a822fd125d6;129.110.52.106
qcombs@example.net;001-547-241-9728x93860;051eac13-021c-cb35-9cd8-58774c1b7e06;27.77.73.133
smithevan@example.com;309-608-8955;b8c44249-52a9-74a6-222b-8e46d82f94e8;163.76.162.239
owensalexander@example.com;7296235959;f3abe270-6d2b-62c4-c61c-df1db7a4a24f;202.54.133.243
christophergilbert@example.org;001-210-241-2653x155;67460a38-2ee4-0b7e-915a-7810eb13e4ef;222.39.104.208
fwright@example.org;532.752.4766;c0869f29-31c4-e8eb-d6e3-5f6499a7fd41;201.34.214.168
johnny63@example.net;894-265-8350;21123a3a-1e32-c37e-d1a8-db2651f0e375;46.121.235.129
williamsbrad@example.org;765.758.4624x36302;cebc3c28-4891-0a7d-785c-5b0d758acfc0;59.238.2.38
justin99@example.com;001-213-323-6196x9321;60bb2319-cdbf-1c00-9ed7-91b7c40a3086;189.179.97.151
lgarza@example.com;763.226.2089;42434b53-1537-0297-ee14-4275e0355d85;216.57.54.105
newmanjustin@example.net;001-323-739-1612;852d79dc-0f3f-8ecf-3b43-4f5379e9ed2e;209.41.130.156
bryandavis@example.org;(724)511-3125x8614;a7856943-830d-1c39-77ef-f42b9c8b6067;149.178.153.249
ramosalejandra@example.com;461-547-7338x7561;4954c323-d84a-ad92-76d5-04b7890cc07f;143.248.88.230
campbellchristopher@example.net;+1-841-317-1957x7979;7df693fc-6973-3dce-7024-133c65f59ea1;191.57.95.102
sherri70@example.net;(666)308-7230x41911;6f2eb366-51f2-4009-921b-82b361faf81c;89.52.2.244
buckleyangela@example.net;977.343.5517x52369;588d4983-2562-f59e-e995-94cfffca2389;131.177.54.209
brownsharon@example.net;672-335-2992x812;452418ba-9ff4-6e78-01f9-d46144cc30f2;223.219.119.87
johnsonnathan@example.org;2156978295;ae769aec-5665-998a-5fc5-4e54530a048f;216.247.198.36
kdiaz@example.com;563.843.5817;1edb017f-522a-a5c3-3de9-ef4d005b800b;148.68.30.232
wsanders@example.org;+1-750-665-5140;7a84e211-0330-a5b9-54a9-beb85a29ccb6;184.229.196.28
jacquelinekim@example.com;(530)689-0012;7cce7735-c005-c511-c031-b57f33164618;222.122.242.144
smithcolin@example.com;(503)798-2841;e9758b4a-11d3-b626-6925-e02cb43ffb40;223.134.25.67
christensenmichele@example.net;001-283-465-9874;feaa2179-b964-6e48-125e-8c84c8cacfa2;139.147.164.144
salazarsabrina@example.org;+1-803-306-1746x08582;60ad064b-6a76-46c9-277b-d21688fc31da;121.176.92.240
carterjenna@example.net;001-386-861-7874;15c8c4bc-77cc-9318-5882-9af373d1cf0d;73.101.211.204
lee01@example.org;874.841.3769x1028;33330791-b3ef-eba8-c8d8-2791a21d3374;47.57.106.63
valeriediaz@example.com;001-870-809-7359;415d47fc-74dc-b30e-8a1f-9418167d731f;208.224.147.205
kari10@example.com;+1-343-906-0249x74568;c3976d4d-4cd1-d81c-a5f2-b3fb717d2649;197.43.78.185
wrightjessica@example.com;739.630.5835x9066;13818840-3d15-310a-8446-553054ec4fcf;177.82.243.94
vle@example.net;+1-255-491-3676;634b72ce-6efb-3ed7-4c69-41774fe9aa34;222.134.194.70
xgallagher@example.net;+1-448-971-7317;d1566d26-1aff-2533-747a-6ca564f35046;51.108.219.169
shaunward@example.org;(599)399-9934;cba9b34c-7d51-b6e5-c112-5f246c954df8;98.45.120.217
nancy36@example.org;+1-777-656-8735;ce951ded-ad86-3ddd-e476-04aed22a3d71;205.162.93.8
iclark@example.com;950.306.8367;e606a50c-838e-ba55-9471-c81f7c28de90;178.144.87.251
qcobb@example.com;7454508124;d26385a6-89b3-4981-ec3b-f3fadb17235c;91.68.150.179
robert76@example.net;+1-687-216-0343x893;a973cb80-31c4-f838-0367-75f8ae86ea3e;175.168.23.28
prodriguez@example.net;817-544-8169x70385;3dae53fe-f558-1561-1584-a09423d45cc2;3.162.182.81
michele60@example.net;977.262.3679;aacdf055-089d-58d8-742e-45b6e04d399d;80.111.243.139
phawkins@example.org;+1-871-672-5434x024;a37debea-896c-5bc4-7068-be3926f4e01c;41.6.216.214
garciadawn@example.net;(868)870-3996x160;9eacb38f-9192-12c1-4df6-50f192d88e18;158.177.136.93
ehill@example.net;(523)648-6282x0986;3bde4619-643f-cc1d-9b1b-708523bfc697;173.89.175.136
freemanmaria@example.com;+1-432-359-3243x90318;6e06d6e3-d4c6-52d5-ce3a-c3871957aa28;136.65.48.50
vincent50@example.net;491.428.2918;bfa69db3-8faa-e9ed-41e6-11dd19bf9627;221.67.123.39
kaylaruiz@example.com;+1-253-220-0077x585;b2214424-9dd8-d610-e418-3bd453cd639b;87.217.206.103
pross@example.com;387.895.3634x3949;05cbea43-e038-7fab-53b7-305bfab1cc49;216.221.161.22
icook@example.org;679.865.5015x58199;1176a464-a3e5-34bc-ced1-d320a9077f79;193.184.82.176
websterdaniel@example.org;(268)703-9495;4a8ebe5a-4241-31c1-b76c-375646e6a893;214.160.203.126
goodmansandra@example.org;(803)967-0446x578;dc9d6d43-57a9-cfa6-7d9b-f158f560cbb6;9.113.164.65
hernandezjohn@example.net;001-490-891-4316x664;6862bde7-2cf4-c0ac-b1ec-692afd135555;57.115.150.60
jose55@example.net;220-555-9200x5272;fe0504b1-d4ad-0807-f16b-3e527eb614ae;162.84.29.49
sarahparker@example.org;(871)836-4029x0462;8398d437-a551-136c-7b2c-4082001c0aea;170.195.33.180
victoriareeves@example.com;2962724085;430f243a-df2a-4d12-7ebb-910aafb5b3c4;178.171.53.100
andreajohnson@example.com;952.351.5232x75861;bbf68dfc-136c-e18f-206d-f74c56ef2af3;107.86.232.163
bobby17@example.com;001-959-978-8260x90792;889168be-231c-0fb6-6dd4-dd15451031a6;95.109.121.147
joshuapollard@example.com;001-945-267-4974x259;40a21667-9791-123b-0720-370e2e39c949;222.234.58.121
nhodges@example.net;6073356605;15a8aa2d-02ca-8e74-d285-57f908c3b9db;25.207.146.66
rmoran@example.org;4036739055;682cf69b-70c4-057f-5940-c35cedc4d812;210.243.71.67
shieldsjeremy@example.net;325.326.5867x8604;1f659368-08a1-34f8-a195-50d07dbe2cef;187.103.77.109
karenklein@example.net;7576581318;46dc32b3-fb06-ab77-55fb-fee9f27a1e57;206.108.254.173
ijones@example.net;+1-899-976-7894x0448;8d33cc9a-17e3-bbb0-9d35-93a344963fe1;192.10.148.213
aaronpatterson@example.com;749.698.7302x881;95cfcba9-4e95-90aa-8e23-fd4f0a59816e;198.210.196.203
wellstiffany@example.net;+1-557-701-5546x712;797b9fa5-814f-5c62-41b6-9efc3828d41c;219.42.57.35
menglish@example.org;+1-210-722-2563x3977;68723f77-2d0d-61f2-ed59-a95eacfc9774;108.185.75.18
john90@example.net;+1-497-730-4018x6528;7e128482-430c-943d-7736-518814f63448;206.68.158.111
dawnwalsh@example.org;399.406.0787x4757;854e27a6-f38b-9f47-184e-275e7de530d0;206.191.155.254
davidperkins@example.org;001-748-467-4147x5711;015380f3-3c92-3096-2efe-1894fd3e70c1;165.8.241.183
denise66@example.com;001-853-621-1336x96716;27e96569-1aa5-b271-ae25-b5e93ba87101;215.111.92.185
william75@example.com;726-225-7623x126;82f59100-f54d-a67e-5478-13608b3b3c8c;193.9.162.57
xmorgan@example.com;428-890-3047x2254;622cee8d-56da-b831-21d2-1ae154fa51c6;65.235.120.132
victoria34@example.com;308.207.6714;66825691-8ef9-3a5a-fe36-7caa846b32b9;199.113.56.203
adamgallagher@example.net;001-283-207-2751x90147;219ca272-e312-2514-00bc-4bce8064f188;193.92.185.19
rodriguezamanda@example.org;523.245.2933x3137;8b99ff34-0c5a-2939-2d35-6dd7de41d7aa;212.176.17.0
jfigueroa@example.net;+1-542-716-2300x9443;045671fb-7e6c-4ba8-78aa-f9e3e4d299a7;153.84.63.99
jwebster@example.org;+1-888-341-3432x8952;b6166baa-72ec-890a-e04f-09bfc771c889;220.22.208.193
ashley95@example.org;+1-415-252-6354x7575;1088030d-45b1-f668-e889-8bc030bcb873;213.118.250.176
bshort@example.com;514-939-0951;64ae8334-e6a2-8404-0da6-871b9bfc8d8f;140.45.246.123
katiemorales@example.org;966-843-1390;6493167a-85c0-42a4-d161-e4ab1c595fdf;217.64.44.220
timothysantiago@example.com;2057497723;c3d1fa80-ec8e-7286-8a73-ca1b9ff6af2d;66.132.146.6
james00@example.org;6435040677;74cb027c-8b7d-9944-1da8-01085f580f14;135.105.142.191
adam79@example.net;532-305-4709x3767;7924460c-8354-6d86-7741-1119f1fe3dc1;156.181.221.139
lsmith@example.com;(891)376-1741;05909a13-89dc-15db-47fb-722a72556fab;137.41.62.195
kellyparker@example.net;551-907-2925x213;88e918d7-5123-0230-35b0-60a6b8c3c213;62.148.196.211
alyssa78@example.org;8276536413;e195c224-909d-29a4-3498-87941588c991;120.40.41.48
carla56@example.com;001-646-916-7681x05714;19ab2f16-cd6e-9779-1752-d0028589503a;131.151.229.22
achaney@example.org;001-338-553-4874x06105;72269237-de10-c1c3-dabb-07a8efc5b1de;108.81.180.128
amanda63@example.net;+1-445-385-3983x04844;014853be-e86e-3457-5d4e-a7c52b08d305;118.59.42.226
richardwest@example.com;(461)225-4867;80d49d48-76a6-fe40-9525-8cb6565bf755;221.191.101.97
larrycurtis@example.org;944-454-7528;f369a84f-c31a-2dcc-0c77-be19bc9f23ec;147.216.2.71
zrichards@example.com;240.499.9674;aa51f17a-a05b-bc8f-276c-39d4a512827c;197.205.96.104
wigginsjoel@example.com;+1-250-959-6318x8211;a2e47d95-36a0-2d09-fc6b-879f6d3d2422;166.185.223.223
jessica53@example.com;9366258696;52431b88-05bd-9992-73cb-e9424f4f410a;89.169.242.146
kelsey58@example.org;001-227-752-3542;d388c59f-cd0b-4b80-c855-6c9943548c9d;192.231.119.197
blankenshipnicole@example.net;+1-756-803-8987x42119;9a624236-fde4-7650-151d-91eb66b925ad;64.198.30.99
lorisawyer@example.org;+1-616-911-8995x56939;43d8458f-a724-ea6e-9d07-bef83629a05d;73.64.73.124
markchapman@example.net;777-413-9305;9621d77c-97b8-4c95-a783-b2d13f2d3034;115.141.191.25
hinesjulie@example.com;385.346.2158;994c671c-6840-1934-ec71-0c478cae85eb;211.36.253.121
kevin61@example.org;(879)234-6692x085;aa302c16-6f8e-66a7-2550-eedbaf327351;201.181.46.211
kimberlymay@example.com;001-702-988-9906x567;f5e7f7a1-2d38-eeb6-6683-da2c71662f5b;69.239.225.37
johnsongeorge@example.com;486-322-4387x7099;30de7b35-9913-7905-0d54-7aff02620658;223.252.100.28
scottjoe@example.com;(689)377-3511;68800c93-1cdd-f885-27f6-51a4bb19124a;59.238.2.38
samuel67@example.com;489.293.2165;60fc5f10-5e95-c7b7-5a92-5b27be320cf2;191.231.170.184
briggswendy@example.com;001-373-766-6520x227;50a47233-722f-a14e-a188-32448495d318;13.200.53.215
warren41@example.org;+1-946-702-3675x2604;89acf6b4-9d1b-497d-2cec-9fbbbf930424;203.166.208.69
mariafox@example.com;594.343.6122x01120;a9bdd239-450d-c799-7eaa-cc0e049711c6;143.123.243.207
cgonzales@example.net;718.568.8246x8442;1790f6e9-f73f-357c-afd7-020a3fb4ca5e;207.142.115.26
ljones@example.com;001-819-965-0171x9293;7e7a3c54-f400-8140-5f74-1bbff49324bb;129.236.89.121
jamesrhodes@example.org;218-681-3703x42392;bafd6440-9881-0465-c49a-39c575894e18;200.2.4.141
ashley17@example.org;876-279-6715;0158c950-7af2-c49b-5a5f-faf5a555430a;87.116.253.72
rcruz@example.net;805.569.7337x193;51b2bf5e-ec5d-d822-ad36-f66da0d54570;150.122.244.60
melissa33@example.com;001-501-592-2569;94107fdd-44d4-d9d6-e09a-22b6b7e54a8e;214.208.76.224
spencermichael@example.net;510-820-9409x3447;c63cfc6f-4bbd-3795-9108-c298e634cd81;134.193.50.68
michaelthompson@example.org;(683)748-2452x6672;291ba8dc-09ef-f72d-aa8b-68a9790d7b33;212.27.204.44
harrisjessica@example.com;667.875.9816;8d5ff851-3104-7933-efe3-1e74ace17109;90.66.85.193
oford@example.org;+1-522-573-5095x374;e5d1f482-4ead-6643-4b5a-a4b27898ea49;156.51.249.140
bwebb@example.com;(399)830-3821;4c51cd1a-82ef-f1bf-8804-c52d708e684c;199.52.221.31
oscott@example.org;001-378-578-2601x7177;94c00c64-3333-fffc-bc20-706fb4db475b;136.53.73.63
david83@example.net;(436)905-1557x5250;3419ee65-836d-edd0-146b-faa45bd303a1;39.114.230.24
elizabeth80@example.org;432-602-0691;599efedf-221d-36c3-1349-9b82c848acbf;72.18.144.37
marcus95@example.com;001-341-902-6188;33197b25-29b6-f123-994a-9d730ad0cd38;202.248.184.173
dterrell@example.net;903-600-1298x936;5f4a329d-8f67-dd59-5cf0-8852fe4e4eea;111.167.165.11
zguerra@example.org;674-561-9305x597;961fe849-033b-db53-25f3-0002c8fb7ee7;218.146.202.210
vmcintyre@example.net;394-228-3260;2c10e7d6-ecac-c451-ef73-392cfdaa6ead;218.56.133.183
joycepatton@example.net;988.978.1968x018;ff55e140-6690-f8bf-c354-29335199de17;221.193.46.27
robertjohnson@example.net;(862)340-9244x878;a35bfd47-e1bf-3658-6dff-b08848f29a81;190.7.35.253
mmahoney@example.org;(392)285-4403x305;7ea7af5b-222d-6105-3525-74e831d07e5d;70.41.13.82
kellyhernandez@example.org;(672)674-7306x299;758f526a-9754-fe3e-002c-abad976882dd;182.17.182.66
tcook@example.com;+1-596-824-9697x1972;7160b6e2-7cef-1f5c-9e64-4d346af405e9;7.198.119.218
caguilar@example.com;837-231-9199x49466;440d57b3-5450-817f-ae00-9bb3331af524;215.226.179.97
lisabrown@example.com;001-448-471-7320;ddf1abbe-8c37-a265-f348-dcd0fdf8938b;216.159.75.171
austingarcia@example.net;001-885-708-4583;7dfb592a-55e2-e2e7-fd30-dac0c6fbf7ae;117.0.208.224
lauren92@example.org;001-467-201-2116x549;e91c3cd3-b199-066a-3698-6ee8d7bcf615;128.219.30.237
dturner@example.com;480.509.3617x7765;7f342367-68c8-8d75-2fed-cacc5bb89226;166.192.94.29
jamesmedina@example.net;942-858-2381;3e08d27d-a2f4-8788-137d-c04c2d7f8269;211.171.91.206
james96@example.org;(312)791-6521x18041;b6226c52-b59c-8afe-6bf2-5909139f2f32;179.119.15.12
mary82@example.net;+1-835-956-3665x232;21e593af-99cd-a3ac-1584-e014756195f1;157.136.201.0
sgriffin@example.com;810-319-6661;bd395890-0016-610a-5394-887d83568146;129.69.179.204
susan08@example.net;001-393-738-6875x45651;e8511fa5-a424-5ba9-9e84-05836f78fa82;163.166.114.234
mmadden@example.net;3676793707;d69c7717-ba86-d902-e4b5-e90286375181;105.225.142.183
darlene60@example.net;(421)972-0969x080;48815a55-4237-734a-6f60-e0d8f92ff0ce;196.239.22.112
stephanierogers@example.com;391-773-5800;e30a5c13-a3dd-cd60-9374-085364e5b6b4;40.219.252.66
emilydavis@example.org;369-787-3562;1f05c822-7fa5-3b55-55c1-507773bb2bbc;159.240.161.254
markboone@example.com;+1-663-433-8189x1937;fdf9e084-2768-03b5-7cdd-aa2d2904ff1d;172.241.128.146
brownalyssa@example.org;825-886-8167x45068;2c2fca87-28b5-12db-eaa0-57886d9999b7;105.14.65.114
caroline63@example.com;918-478-8833;53d4ca68-d49d-b4e1-dc5a-fa9b01445a9f;201.211.208.112
karadavis@example.org;756-213-7382x86775;e0f28871-1f94-0f39-fed9-e62f2d359db3;147.142.86.182
eric52@example.com;+1-550-588-8925x07083;a4e99bb4-1832-2d90-2943-63c7ac83eed6;107.60.162.32
greenetimothy@example.org;(849)519-5499x62984;8f1fd793-8468-c103-7166-9d0ef55f629d;45.137.211.132
rachelvasquez@example.net;+1-794-880-4663;ba4b020d-91a8-a02c-72db-8433ab013395;204.172.183.151
austingarcia@example.net;491-945-8461x67763;7dfb592a-55e2-e2e7-fd30-dac0c6fbf7ae;197.193.148.73
qhernandez@example.net;865-232-1156;495ebd85-3663-62a5-28c9-49ec42761343;74.117.18.52
jessicasanders@example.net;001-363-772-9712;b08b12eb-da6d-1a77-d65a-d69e56a466f6;78.9.141.8
grahamsara@example.org;963-703-3359;eea9ba6a-6c6b-1f74-b315-818a46037eae;37.170.241.104
christopher59@example.com;(282)630-9992x26044;f3327818-1a90-82c1-d121-406cd4639eba;185.150.219.241
valerie08@example.com;7225213550;72ece351-9877-10b2-26d3-104593da354f;162.1.131.24
benjamin85@example.org;(402)573-1444x2687;8ca18536-97f3-cd37-7d73-fdd7310a7d6b;63.148.75.215
corey42@example.net;001-832-944-7324;786a82e7-5901-c3b0-d857-fcff9bfd207d;90.227.77.200
james33@example.net;+1-303-726-6576x9030;8496ac94-6c3e-8813-d3d1-f73498fa895d;138.109.182.122
wmcconnell@example.org;200-897-7040x5892;c48d1342-0fbc-f921-ca08-3cc082ddfa3f;222.5.97.25
reyesjonathan@example.com;597-620-4685;414989bc-eabd-dacd-6f16-020672196efa;149.108.136.169
dustin09@example.org;001-894-444-4733x36028;12e65913-8920-239a-e675-62ab419ab93e;155.40.96.104
howardjoanna@example.org;773-224-9556x350;5d3321b2-1339-ddd9-4ad1-c5593f00a2de;196.94.124.178
olee@example.org;001-360-590-1517x22295;a77108d9-a513-1ac8-fee5-e2ed65d76a86;73.239.211.1
mooreshawn@example.net;001-578-362-4356x050;762c627d-f44c-8b08-b716-593d4aaf264b;157.86.137.147
robinsonfrank@example.com;+1-714-316-7050x910;b67827a7-acd6-1c80-7be1-00145d9dd56f;57.230.152.68
austin63@example.net;001-669-451-8211x497;b374b0b1-fe33-3ba7-adc4-5626d67cc639;26.204.55.112
fsexton@example.net;(489)703-3915;586f6c72-9b2b-9bc7-9a5e-37a05acb411c;213.254.2.128
mckaycaitlyn@example.org;509-488-8918x6963;7aca5669-bf7b-16ac-5497-036e8cc7bfed;206.75.71.153
herringolivia@example.net;481.926.9636;2a072da1-3385-e961-41a6-ea760bcb64ef;73.223.239.176
harrisjessica@example.com;667.875.9816;8d5ff851-3104-7933-efe3-1e74ace17109;111.109.15.206
rachelroth@example.net;545-742-2410;74f9cbed-46da-c8f4-0c7a-861db3e3fffa;192.16.208.127
angela33@example.com;891.480.4912x48788;d1b26e43-382b-4dcc-4b75-8abfc2ec3d43;21.218.63.203
laurenquinn@example.net;5938009052;e6c76873-3c5f-b788-bd33-f497bd5f09bf;62.136.221.15
sbrown@example.org;+1-698-553-0549x240;3ec369ee-1fc4-7494-f333-cb9d315601c2;167.72.229.116
ghayden@example.net;238-748-0779x0049;78190ea6-ca34-e7a2-3208-dd7b8a8bc66e;197.103.237.188
ballamber@example.net;(958)246-6213x11986;f52bb873-a401-2157-4eb7-b96c327d21fa;142.28.197.160
juanhenson@example.net;260-857-8674x3396;e66af21b-0154-9774-6719-6cd39553962b;39.120.240.36
mendozabrandon@example.com;+1-464-585-4182x2944;7228c452-a6c7-9ed0-78b3-201e36e79d97;160.127.41.168
jameswu@example.net;001-647-674-4487x942;391b3be0-72c2-99d4-c5c1-1dd288783e85;223.215.183.110
foxjulie@example.org;477-245-1280;85900fd2-0f8c-15d9-b889-c1e3dfcc40ed;170.247.3.99
travis32@example.net;001-437-876-4668;7d71cdb1-fbe1-bd13-ff33-9776f204a107;162.202.60.59
holdennatalie@example.org;590.599.6314;9e836e22-bbae-916b-c515-81d2d6eb1b99;183.224.209.41
andrew98@example.com;9657149257;e349c6c5-2d5a-7c2f-9026-939d1de98d71;181.253.23.50
kaitlyn31@example.org;+1-998-662-3004x12193;aeb42990-7f4c-47ca-177b-eb257f9018bd;155.117.49.57
arellanojacob@example.com;001-876-861-7630x4465;cf12f646-2f19-2f1b-6805-83e71c959f51;210.102.176.154
chapmanbriana@example.com;(491)552-7398x57204;56094b35-e132-0e15-bcfe-43339dcd075e;202.4.17.141
christine47@example.com;676-202-7184x4463;6bc0cdbe-51e6-7c38-4ded-4c2e36afac50;143.39.213.109
lyonssamantha@example.org;250-220-8611;a5787e9f-f426-9fb9-6933-0cc8538a378c;111.17.29.90
sandranelson@example.com;+1-892-312-2453x684;ee436b83-e80b-c14d-89d3-7a4c67c6de19;81.49.31.3
tbennett@example.org;507.406.8628x675;1273bdf1-685b-52b4-eac9-890db0fcb6ce;170.187.124.58
xdudley@example.net;+1-227-250-5364x5319;d63601d1-9c21-78c3-94db-87112a5376d8;200.141.13.73
noblekayla@example.org;8723853565;d9893e46-9660-42ba-fdfe-86af02fe71f7;133.64.63.65
whitneyrachael@example.net;(627)738-7448;6ff409a9-8db8-afce-80cb-d602100b7734;204.253.101.135
tinarobles@example.com;253.332.8922;2aabc6a0-41d2-940d-2b9a-e9e1c7d056db;11.44.36.75
chad68@example.com;+1-314-883-5737x4898;c010902d-d64d-cd59-fc67-fd50ecb08798;213.252.200.151
steven16@example.org;(376)654-0822x177;b8f467a5-c712-8a6f-4ae5-4eb624c0eebc;215.78.71.41
janicemunoz@example.org;001-327-531-3242x2673;59533f69-5ac5-859b-2f44-6908a2813e60;69.16.205.152
hsullivan@example.com;(883)377-3631;e4e3eb02-aa31-64bd-1239-6a5b7652e444;202.232.27.95
heatherarmstrong@example.net;282.885.0008x245;bf26c468-9113-c53e-b77d-26e2efe8b747;45.82.141.187
sandralee@example.net;2175570701;65030512-8cee-a730-56b7-7c614231be55;151.201.97.173
jimmychapman@example.com;753.614.7909;871ea3e9-e463-6e80-6454-71f2f044391b;191.36.44.203
steventorres@example.org;424.487.4716x141;dcb06c03-72f6-7b53-afe8-74c7858d78c5;139.209.157.226
katherine95@example.org;001-760-973-3339x21616;bb78b12b-06b6-1d3f-89dc-f1bc198ed796;63.103.207.61
tiffany96@example.com;(515)748-1568x10742;4a372d5c-2cd1-944c-94be-8e828b3c0546;154.55.27.126
mmeyer@example.net;001-234-229-5034x6001;bab2e9e0-470a-021f-cea6-1d9c5cf46b3d;209.103.35.103
andrew71@example.net;6695199561;487ba1e4-1ce3-8a43-c758-3010ca74a7a6;196.148.95.62
martinezjustin@example.net;450.275.5417;f76f8a67-03ad-0048-c708-db43aaac8e40;174.104.53.154
mcgrathjason@example.com;001-754-459-1064x601;cbe1d36d-d1c4-5927-4348-ba7afa473e8d;76.205.235.168
kellymiller@example.org;364.468.9396x79237;ad9f58e8-f8af-eabe-6b62-ac876c87d864;161.175.179.236
crystalevans@example.net;+1-969-201-6220x93433;8a56d51e-efe3-7b5c-c147-2b7a62921164;198.41.75.165
mcleandeborah@example.net;(313)304-0877x035;838516f4-54fb-692c-8461-b1e56f38aa9a;144.26.204.38
edwardserica@example.com;+1-535-803-3292x772;ec3b294d-b393-c121-9b5f-bc8d67af4dc3;107.243.187.27
montoyajason@example.org;+1-454-493-1504x9897;6f164dd9-9cc3-c04f-745b-883ab7cf539d;221.249.119.1
mariascott@example.net;001-302-830-6804x59771;8752ff28-d505-0d83-4564-123d3f8aed4f;218.63.232.114
jenny94@example.net;(413)660-3059x66471;2b735f25-11f3-7e8d-0c65-2556721c47aa;103.134.93.178
michaelholt@example.net;+1-973-923-7004x029;1ceaae8d-4d34-3678-6356-27c42fa98d1f;74.92.13.203
martinronald@example.com;001-937-396-9284x4895;0c6ccd36-736f-df2e-8b44-8e8ee34f1f72;194.61.124.2
melaniefreeman@example.org;7103856040;1fb8ff0e-b63a-ed6b-adf7-9ea668351b52;206.128.9.202
burnserin@example.com;+1-936-536-3622x27822;47ae2586-94d2-7f24-ada7-2e00f3d8323b;126.11.180.42
dianecrosby@example.org;362.302.8089x8926;0b5e2b5d-42cb-7b29-f357-4d56c7b51276;168.43.156.78
stephanie37@example.net;(700)534-2316x8700;5dc9747e-3a54-7db1-3d2b-3ff9668fe3bf;129.150.223.4
amber97@example.org;509.870.2380x227;8c09f0e6-b565-fc87-0033-fb6a393e06b3;198.8.26.145
hobbschristina@example.net;001-553-917-8527;554aafdb-c00c-08f3-283b-d950348c41a2;220.162.198.44
gailmarks@example.com;633-261-8879x459;7cb32dfe-e0d5-5e75-cc73-db7df895d827;116.149.33.10
johnsonryan@example.net;+1-396-689-2423x90167;709cdbb3-f276-a9aa-0071-3ad82b809518;214.161.49.31
fmiller@example.com;500.950.2981x3289;37a8fc93-313a-6dfe-87c6-bedac08ef724;154.31.79.133
james39@example.org;(365)725-7613;e0d7264b-965a-0e48-a156-bbb0e1f9f156;218.52.110.65
starkgregory@example.com;+1-913-561-9543;002ac0cd-755b-7457-ee78-4ec996fae97a;25.244.31.190
brad71@example.net;7915925406;48edb463-a63f-5c1d-e37f-b2a436025be8;219.206.162.148
smithian@example.com;603.279.3338;f70e422d-79b3-fba9-4830-3a8183883c60;188.188.149.47
gwashington@example.net;+1-477-517-5452x815;298af188-fb31-b167-29d8-65dedbcdff63;190.108.143.144
rhardy@example.net;(771)201-1876;3e6b1945-97d2-e494-14fa-a2c338c840b3;133.160.166.238
dunndonna@example.org;283.318.4304x64337;e6fe9456-f245-d320-3f5d-bbe65ed21b0d;160.19.163.165
dmanning@example.org;894-264-0224;0d359ffe-237d-3e5a-f045-f6f842e70206;113.133.219.226
jeffreybass@example.net;989-996-9986x25848;fe331bf3-479a-1835-5d69-f741376736a3;125.255.144.23
jamescollins@example.com;+1-426-449-9479x639;a679acda-2847-7ed1-8e58-18b6a83461cc;182.200.217.17
mitchellkathryn@example.org;(204)256-2821;5ebe5a48-d60a-2013-10f1-2c65bc9f7172;213.183.113.127
thomaswhite@example.net;(795)270-7414;e9758b4a-11d3-b626-6925-e02cb43ffb40;214.1.71.170
bentleytristan@example.org;269.965.2240x066;8b01a406-dcfa-4683-3f44-3f4aff6408f8;144.224.236.223
kconley@example.net;001-810-753-5917x6461;c3b1bbf2-7e44-9dac-0a80-8b8af3dab4d0;203.203.144.115
qblevins@example.org;8118841139;898c249d-a004-43f8-9f86-37af16df81ca;20.68.228.68
danielmorris@example.net;+1-249-591-7419x5771;934cc741-d15a-ca88-d3ec-407dbbf2a59c;163.87.132.157
garcialauren@example.org;4037026471;e626bc68-e435-a708-8a09-02b3c86e541b;134.111.19.170
kimayala@example.net;001-695-871-9582x9289;2ce005a5-47c3-6441-79ce-c51c28c27a57;179.184.122.133
wpatel@example.net;557-341-2173x2336;a48e2438-8759-a1c5-1af7-b202c3c47ef9;183.38.39.145
elizabethmonroe@example.net;533.637.9230x95178;580e7fdf-c9d6-ad34-cbd3-aba79115b57b;204.31.195.86
ebryant@example.com;+1-777-571-6802x2989;6559889a-fced-d425-6753-279d5f879911;213.48.6.167
brianrice@example.com;5397829385;6bd3e0c5-ff1f-8770-5112-8466432330f1;150.100.126.245
carolinemeyer@example.org;305.842.8699;92a28539-480f-f223-a323-4805d31954eb;198.162.126.58
rachelburton@example.com;997.776.4228;6806dcdd-23aa-9580-897f-3153ec1b357a;67.103.116.91
livingstondeborah@example.com;306.626.4197x492;3da64c44-b525-eb7e-ca49-f767ec739b0e;218.87.147.206
rwest@example.org;001-913-560-7897x677;6d49cf20-ba46-ba24-42a9-6f87e67c23cb;190.32.17.74
juangarza@example.net;(518)239-3427;402da0dc-8f9d-4c05-8d0b-5f5a57052227;198.61.124.252
jasonmeyer@example.net;+1-463-843-6973x85492;b84e03c1-94f6-43b4-7cf3-df1f80f81556;186.101.106.252
mwatson@example.org;+1-833-783-1586;f8b87ef4-23d3-0081-42d3-d209ee347d9c;28.10.129.153
njames@example.com;(754)663-5364;8149c1cd-e586-8c79-0c7d-70dc3670bd38;178.194.5.102
sandovalmichael@example.com;6566176584;762fb50c-4d53-6584-a315-45038c78533f;74.16.253.95
stephanie37@example.net;547.352.1645x892;036188cc-dbe6-66ca-00f1-9ce8c717f817;184.150.222.175
allenrebekah@example.com;001-674-600-3392x850;e64c370d-298b-acd1-2b08-c4b424044a9f;168.50.236.191
alexanderzachary@example.org;317.884.5779;aecf9fdd-9af7-3cd3-89a1-187f93aa414e;144.240.108.21
jmarshall@example.org;(574)499-2689x170;70c8250e-a1dd-1a85-3635-f88955e233e4;184.108.153.10
michaelasmith@example.com;(625)862-4711x388;f84f3bc0-d02c-e8d2-c517-ac2bfd4f8677;172.119.131.117
williamscharlene@example.com;(451)333-6962x997;d27774d5-4323-6714-98d9-82cbcbfe724c;193.196.154.83
grahamhannah@example.org;(965)900-2557;97dd7739-5de9-1a2d-0939-d97680c1e317;20.157.67.235
jaredwhite@example.net;292-398-4430x563;0f3ece28-f00d-373e-4d62-c6787ce1fb20;115.36.6.252
rowetroy@example.org;705.469.2661x215;83c79c22-7cdc-a36a-4e42-6e0f56bd2e0a;198.61.148.122
sara58@example.net;001-906-806-5470x018;e761f7f0-e857-ea9c-1b9c-239bd2a8d657;190.131.26.108
mistymoss@example.org;+1-698-553-0549x240;3ec369ee-1fc4-7494-f333-cb9d315601c2;167.72.229.116
allisonwilliams@example.net;9999964830;ff9d3294-651d-7f57-cead-62cbc95ca55d;9.204.90.244
jennifer72@example.net;238-608-3773;9aa7af9e-443d-f0c0-f023-27698fa7fd49;9.192.128.184
wagnerstanley@example.net;305-200-7452x0258;45ee8203-2f36-5d91-4425-730333a36b3d;215.162.124.31
grant25@example.net;832-631-1649x570;e7ac7839-b295-8cdf-4bf5-e4825c023884;108.51.209.106
kristen47@example.net;645.656.9553;9f4d0ac5-85bb-0b15-4543-c0bb21d5b6eb;214.203.68.175
burtonlaura@example.com;(271)452-0700;bc0bbd30-da08-d3c7-3e10-11ae7a62eac6;188.203.171.35
karen63@example.net;870-843-5237x3503;469375d3-5757-0d71-c797-99ae3f6b597b;195.66.111.109
william96@example.net;001-354-335-2499x202;eaab5de3-77bf-6919-6c18-121287624fd6;191.248.50.202
chadjacobs@example.com;001-723-730-5130;98c68b03-c0df-3eae-c2f3-c799e28afd1c;29.99.126.173
pmercer@example.com;451-532-9645;3a851d10-7d21-5e23-163a-eaa1f56e8799;96.232.161.26
debra91@example.com;514-293-7830;a14a46b4-ed6e-9ab1-f112-fb96ebaa5d22;207.16.174.222
rvega@example.org;928-870-2581x6224;4dff035d-247d-b096-576c-6ce52d24c0b7;212.92.161.167
millersue@example.com;485-441-7988;97429e49-5ab7-77e2-b4db-340b0535ce19;207.108.170.73
cooperbethany@example.net;265.582.6468;a643d3f2-36cd-d3d1-d6c9-f0d8049491dc;21.223.56.235
ascott@example.org;581-289-6182x4814;06f95cc4-78b5-79aa-a54b-5634acfa3ecf;40.181.149.194
marcevans@example.com;263-716-5891;21af3699-f1b0-ea1d-58cd-fbaf3d0375ff;211.70.0.67
nathan92@example.org;891-659-4730x3785;174ed68a-3e33-4072-d08a-13d09a702ab0;164.208.4.253
caitlin03@example.net;001-578-710-6088x1406;be5280bf-8a35-0454-04a6-9f09ea2cd618;25.110.15.161
emilythomas@example.com;946-928-2491x769;3ba5e655-2b2f-670f-18e8-2b000ea077cc;212.13.23.57
nicholas53@example.net;+1-461-747-7390;bcf78841-7bb2-50e2-95e2-6268449196b0;221.233.168.114
darroyo@example.net;845-313-2090x051;3169038f-b65e-5cce-8165-5c985f0433bc;165.87.163.9
veronicamiller@example.net;+1-703-309-4884x21410;84c1090d-9547-7c8d-390c-d6e1b295b41a;216.250.239.34
qryan@example.net;351-905-2959;8265aec4-efaf-af70-d369-9da24b4853db;59.86.245.36
theresaperry@example.net;579.320.6602x564;06e3d207-f9d3-1402-c48b-08f370624df7;163.15.249.61
scott37@example.org;8666847107;115f51a7-344a-4213-8e7c-c8f5dfa297a3;62.22.236.177
stevenandrade@example.org;+1-243-534-6624x8502;86511e53-2504-91f4-ca76-8e51114847f4;156.126.239.235
craigmichael@example.net;583.615.1489;ddbf743e-ff70-bd6f-5748-ca94beab23dd;64.35.144.194
jamesjennings@example.org;292-398-9027;a67d5a50-6d49-39d5-b0a9-ed3804038b51;36.226.15.167
jessica13@example.net;(909)802-0226x01138;89885602-72e2-52f4-3195-067cff800947;108.28.154.111
lbird@example.org;(953)875-5995x9775;4cde57ad-9bc6-93ef-59bd-2e7345fe9d0a;154.138.129.18
harellano@example.net;001-331-770-5751x62727;8b955e64-e3ae-51da-d788-4cc3b5225c80;214.79.209.72
fosterpamela@example.com;+1-935-673-0074x0191;ba362f1f-c797-1b27-6584-fd67e682447a;72.112.86.222
cookmichael@example.org;+1-453-921-6749x33947;f0c49489-724d-4c9a-ddd7-ec1c3648befc;143.171.3.144
anthony16@example.org;001-928-232-4119x435;405693ca-0505-c397-a8af-66992a7c424c;176.249.23.128
howellbrian@example.net;936.552.6090x27379;0c5244bd-b390-d573-4c44-2c471d66efd9;195.99.20.179
crystalwallace@example.net;959-980-1877x58817;d503e7ee-b99f-1872-cc5d-52bb9c75e174;177.89.170.219
morrisonthomas@example.net;+1-809-934-3490x245;94baff8e-6bb7-4326-fd4f-76f3271ad0a4;133.174.51.100
ngreen@example.com;001-649-961-7013x395;95f1f488-a9b6-62b0-2f74-03fab9bb8d1a;50.239.215.42
kelsey48@example.net;(962)688-5071;30cfb645-ba78-6924-fa75-d0a4f681a6da;113.44.145.145
cmiller@example.org;662.568.6635;2ba85146-d39d-a14b-e93b-6b2563274729;220.248.9.24
marcus44@example.org;(457)769-5107x74743;ba5ab6d3-7ce2-6eec-7949-61d60c778ad2;207.96.23.171
melaniemolina@example.net;466.357.8713x33990;db1ea48c-d3f5-386d-ee0a-3a4522dfb913;71.165.163.151
nixonlindsey@example.net;001-309-652-5922;9621d77c-97b8-4c95-a783-b2d13f2d3034;152.107.208.76
mark50@example.net;001-714-240-3064x7984;b753b9f8-8993-8e68-d6f4-190a8e825149;147.65.13.245
desiree93@example.net;645.424.5107x055;f236222c-9669-8ef9-9abe-23ac5c16351c;171.95.224.145
melinda93@example.org;847-262-6574x53606;86e3bd39-5c75-ae86-ae7d-6de9829aee48;219.167.84.248
jennifer95@example.org;512-349-7962;a8615ad9-076c-1e3e-a419-8a406a0ddc9d;199.86.17.214
elizabethalvarez@example.org;001-736-589-7981x9288;1cb790e7-73b7-63d2-3149-de48daf7bc11;188.177.200.65
garretttina@example.com;4315268246;86c9c761-3408-481b-3ee4-e04e1c9c815b;199.18.212.127
ayoung@example.org;(932)465-2217x65058;d6691ef2-485b-f766-b077-4a8c79696557;148.248.93.101
megan85@example.com;2957068461;41adda2e-75f3-71fb-6fd4-66293753c136;157.27.100.99
bradley83@example.net;001-936-696-0468;a829c443-44d0-edb2-7395-20f54a0c2fce;195.160.36.225
jerry13@example.net;625.557.6307x84687;8316fbeb-738a-1f8d-8980-c56076574f24;195.56.178.214
travisgeorge@example.com;377.694.6218x096;0109265b-6d99-9c13-2b76-fd1127ada2b1;59.141.77.102
msmith@example.org;800-355-8560x3647;18f364e0-7e84-c37b-8abe-8b65b0357ab4;45.169.240.39
tcampos@example.com;(407)838-1230;619739ab-b43f-10eb-0139-496b7ace0876;32.44.159.217
josephbriggs@example.net;+1-978-281-7583x65372;cb4083ea-9fad-8eff-6446-80404041b90b;199.30.19.141
bakerbreanna@example.com;001-453-708-5851x7164;55b4d239-a7ae-06c0-b4a4-8853e5ef9b6c;136.52.95.47
moyerjill@example.net;+1-697-542-9713;f1e4d88a-54fb-dcc8-7896-8ed372adf33d;131.47.181.227
uleblanc@example.net;311.263.9578;c13e18cf-0f60-ea1d-e757-0a5eb038204d;130.19.54.43
marywilliams@example.net;907-306-6504x99190;d7631c34-4a28-4609-2bef-366957ae4db8;17.204.156.129
adam58@example.com;893.568.4761x63797;45c86e6e-eead-f199-fd3a-054f7a7e501e;143.21.251.95
bryantkim@example.org;(751)923-1752;55dd9449-26d5-787b-7851-6c94b2aca0f9;138.13.99.194
toddcarrie@example.org;456.426.7991;fcdbd56e-d684-1a23-62f5-f536b5810479;165.109.157.79
chamberspamela@example.net;(390)314-5696x283;81d0983c-60f5-4644-7f3c-4c96015eb531;155.33.49.42
sjackson@example.org;411-906-8194x58511;54c3763e-00b9-594b-60e2-33ae0480014b;196.232.121.68
cindymiller@example.com;(688)910-1894x196;b3553390-871a-c9c0-425b-9782011b5055;55.97.39.32
flemingbeth@example.org;+1-928-870-7267;46799f16-b3c3-74c9-db9c-872a450fe6d3;59.228.195.26
dcarson@example.com;235.769.2993;1da88e39-91d0-cad3-bd84-0885f447cefb;187.147.181.162
vincent50@example.net;797.428.1418;bfa69db3-8faa-e9ed-41e6-11dd19bf9627;222.243.109.131
dmathews@example.com;483.983.8807x172;64595320-b78b-e129-0962-005639c4305c;147.69.43.187
michelle80@example.com;5247706142;c2453830-ba4c-812d-2976-691eb7ec0aa1;193.247.106.37
heathalexis@example.net;(982)292-2812x02122;a0bb5b88-c614-b6b3-1d9a-b89d1d189c85;215.220.57.108
thomasjohnson@example.net;(962)940-8324x801;0e727615-4a0c-9831-a4df-791132fb7326;168.21.134.229
wilsonchristopher@example.com;+1-665-315-5377x81123;d4e5c17d-0e16-b4fb-ec5d-d9f0ed16eeb8;181.29.250.204
alexandercole@example.net;001-766-524-6536x2225;14516f3f-15cd-bdb0-6e65-a96b261cfe95;218.167.35.37
leah54@example.org;(689)589-9959x88527;6744d4cf-6a8b-dbc7-6205-5d0273059b5b;18.66.236.219
icarter@example.org;+1-776-400-3687x10566;101cc973-9768-6f32-f846-c97c69902b3d;197.106.106.87
mendozajennifer@example.com;356-711-8247;dce1d97d-90ab-53e7-7090-d97325ebd099;174.125.39.58
krivers@example.net;(702)694-0395x0294;2522372b-c172-b9b2-6028-a42236c0eae0;169.12.192.46
patricksmith@example.org;562-862-5011;2935df8c-aa8e-d8ff-08af-c63c8b64e19d;88.30.44.135
mackenziegonzalez@example.org;(823)486-9871;70bbae44-b8b0-4929-9762-ba94901cb46c;169.196.30.223
jcook@example.com;(463)581-0601x70174;9026fff5-d321-ed72-e08b-e5b2c3f2139d;158.15.114.247
ldoyle@example.net;(670)395-8745;0a25740c-fe59-13d3-9007-cbbc0177b349;4.154.231.222
oosborne@example.org;001-567-252-2103x46651;b367ee35-be68-6272-7ed9-ecea5554a83d;171.205.40.2
caitlinsavage@example.com;346.562.2648x8845;e006eada-1ead-79ca-e81a-7321cacf189e;59.123.40.105
marthaalexander@example.org;503-735-2477;c4b54c6a-41a0-a0fc-93b9-65f1a3d68004;132.134.86.55
andrearobbins@example.com;+1-656-774-8787x11018;dad6cc88-71e0-086b-4370-010279951fd1;223.77.155.47
jhartman@example.com;(895)640-2339x01184;b5f7955d-32b8-8a49-f9bc-d219d735d85b;96.227.198.16
robbinsrandall@example.net;(628)396-9695x601;8a0405fe-32da-780a-b6b9-6b02abc6f792;90.119.18.68
ohobbs@example.net;+1-947-577-0875x7456;a9568817-ba1b-4e4b-0152-32ec003319bd;135.53.60.70
toddwang@example.com;(389)597-0459x0565;942aeba5-03c4-7e71-1a9b-4e3bda8afcbe;122.185.226.245
mbutler@example.org;245-344-3711x6601;1a27a88c-e83a-54be-9422-7818332eac18;193.238.165.107
marquezsarah@example.com;(792)807-6099x192;59350a8b-d884-e7ea-527e-5cf453bfdcc6;198.110.213.205
kjordan@example.org;2195257369;86b44b53-1ea5-042a-3e8a-180ef769deb7;130.166.222.62
ilucas@example.org;(837)491-5296x8419;6b648b56-c4dc-ac50-d720-9f66909c53d5;148.205.96.245
tsmith@example.net;+1-558-925-9667;624bde35-b19e-c289-eb9d-995de840ebee;211.44.20.82
edwardsmelissa@example.com;+1-447-511-3631x54562;eef37251-98a9-05db-6f7e-f807019520c0;223.217.164.60
smoore@example.net;976.270.4832x2997;a80311b3-d832-a9e3-4ee5-bee89ba33025;82.189.140.114
floreseugene@example.net;+1-934-320-7461x6916;a426d4b8-7782-162d-3abd-ef5666019311;158.9.232.243
cynthiacampbell@example.org;+1-483-622-9676x490;9a98742f-3610-c867-6331-e094d063f159;133.104.70.129
rachelsandoval@example.org;(908)286-2816x12570;61b4d08b-a5e6-2a0d-fff0-ef9e222464dd;185.98.126.70
weavercaitlin@example.com;001-420-240-7174;d311e5f9-e735-276c-e058-0f02952a2f2f;25.121.142.99
tanya19@example.org;240.823.8537x13717;62a43ca4-c237-3c73-05da-821e1e4cda09;175.93.32.178
ibarrett@example.net;970.741.3122x0537;649cf5ac-3bad-e440-044e-04115941751b;84.251.126.202
ucunningham@example.net;+1-852-431-8469x51566;a25a7303-ad67-8a1f-9c85-6bc2a6e7a74a;142.184.81.202
grimesluis@example.com;+1-450-449-1342x778;8686bfad-cc1e-c42f-263c-6540a9a2a3a0;207.233.165.176
ashleyyoung@example.org;866.426.3864;49e7b144-5736-1667-14d4-ad832784223a;138.237.61.155
nathangriffin@example.org;001-899-756-4647;db7c1f5f-93e6-7761-7dde-04c6163345f3;94.47.200.207
jessicahayes@example.net;001-903-929-8022;e58a6ed7-70f0-6085-ed8b-506fd0aecfcf;57.59.40.45
april05@example.org;393.439.3650x262;27d2a9b0-473d-34f6-e780-30618d320d3c;217.87.235.31
singherica@example.com;(680)544-1962;bf2f1e03-a205-461e-c510-f5017c9d63fc;93.255.240.235
powelljohn@example.com;+1-997-422-5433x24919;72366521-c868-1c14-4d6f-0c806ab4a498;82.245.119.217
ucollier@example.com;722.342.6232;fcf84427-86c2-f638-8071-5fd2bad0c53a;194.28.181.169
sayala@example.com;(631)383-6550;56c70640-1766-6acf-3306-4b4f2b194f89;79.58.141.55
aaronpatterson@example.com;749.698.7302x881;95cfcba9-4e95-90aa-8e23-fd4f0a59816e;215.57.76.232
flemingpatrick@example.com;+1-319-242-4410x9013;af4346b5-5a34-08be-c72c-49f11b215c63;133.202.114.200
gcosta@example.net;712.948.5773;6814c17f-e7a5-d346-7f3a-61e7712c5b3c;139.208.157.153
michele68@example.org;001-999-718-5801;3ff47244-85cd-34c2-cdde-74e8fbcdf5a0;219.65.178.13
kimberlysmith@example.net;+1-267-638-2692x7878;ee2e3a35-b071-8c1b-1510-fb37aeb4500c;211.172.184.73
flogan@example.net;001-905-976-3268;46f0d246-172e-3c89-ddc7-329a439f7413;50.93.106.148
colleen15@example.com;660.949.8038x10067;b7b15b27-67a7-162e-0341-178f3a714c50;206.109.120.253
kristencarter@example.net;+1-799-648-3346x16743;5449f934-cae1-ad69-d958-b782714be4e5;222.22.212.90
amanda08@example.net;(904)628-3249;b8305c69-5991-35d6-03ee-c03fe5c25107;91.235.134.180
robertsimpson@example.org;001-924-680-7591x18615;8062b693-5aa3-7ec7-d2c9-9eb44807f3cc;66.163.241.15
whiteelaine@example.net;796-525-2165x27551;c979e42a-520c-42c7-6e05-dcc3f7343454;68.93.81.208
william89@example.net;8453511850;6d3f14fc-cdb2-61b1-05ab-1a0178e73913;16.43.25.187
walkerjose@example.org;001-469-634-9825;289de173-3ed5-559f-a11f-4a9c14a2e0a7;164.54.102.88
brittanybush@example.org;(480)649-2210x7028;04eba7a1-bde9-9829-4fa5-874fc8684dbb;38.88.85.243
belltimothy@example.com;(850)446-8357;047e0855-56f8-4777-81dd-1170faebc820;209.15.203.175
billykelly@example.com;(773)384-3346x058;a0744fc6-22c2-2924-5b11-a74ede8d5ef7;214.127.209.223
smithlisa@example.org;001-627-933-1227x29372;7ea429d6-14e7-991e-80da-71f3907a3080;178.241.159.98
harrisjohn@example.com;260-773-8856x75775;bf4b6009-9ffc-98e6-bfb7-7119efde98d3;205.140.130.100
smithleah@example.org;+1-584-913-9753x52383;ca4d41cb-fcc2-40c7-7f91-3978f55722a2;206.19.177.116
amy24@example.org;541.696.5304x80015;5d6c0297-3574-be0b-38fd-aaf1bdb3a719;134.199.124.28
heather07@example.org;+1-523-887-2351x2776;1a438a5f-5395-5e23-1331-caca68a34ae2;55.211.195.150
flynnleslie@example.org;001-477-714-4387x9654;6d63fa39-6250-6fb9-0435-068eb6f3e01c;222.21.137.222
kellymanning@example.org;355-703-2952;114d3b3c-5368-560b-1525-403d883683be;161.225.38.47
odomcraig@example.org;753.288.2129x404;e01c2283-9635-4034-56d4-405cf7e8fe74;212.50.145.92
lisamoore@example.com;(802)602-2366x979;6ab85363-3bf9-445c-b856-d063868daaa8;56.63.143.47
nicoleboyle@example.org;(371)327-8867x9266;dd300272-8405-c8e3-6023-7f787f3a7961;106.217.140.101
josephmendez@example.net;267-892-3645x1581;09a6733d-d632-111a-f053-41b37a90d604;128.121.88.235
qguerrero@example.org;+1-542-614-2392x4829;0d6de815-8ef3-a04c-b456-ff83df601cfa;218.26.239.205
awebb@example.net;332.342.7585x08196;140adfad-a3ab-a5bb-6645-cc73a8a6e875;178.119.221.153
jessicacole@example.com;001-830-969-7618;f4762e85-23ac-9e5a-4829-1f69334ae94b;189.63.110.40
kristigill@example.org;001-753-919-8382x949;681612d5-9461-4722-508c-1536b19dffd6;109.50.151.64
barrettfrederick@example.net;(695)397-2239;0cf95455-778d-97db-90ad-a60f3be45efc;167.177.246.50
lewiskenneth@example.net;001-432-430-1909x826;4b0b37ae-27bf-233c-2344-abbe67f3cfdb;179.191.100.35
gary59@example.com;(943)813-7182;40bd18f7-57bd-1b42-e3bd-644e6823bf02;196.251.219.214
joshuajohnson@example.com;953.854.9969;71516c0a-a75f-7cdc-de0f-e7620ce450b5;134.76.113.204
rgardner@example.net;500.370.3104x0945;724a1b16-ea9f-c3bc-d3a5-b348c977d5a4;122.174.20.179
ybowen@example.org;(908)834-7119;dd5f9618-33c3-7bd5-149c-0cc5755bf686;157.138.35.148
wparks@example.com;941.341.7293x934;d7d2864f-9c11-f966-b128-6f07f79697e3;88.58.113.47
michaelliu@example.com;774-925-0980;c0886ec9-777c-aac8-f0c7-c785f089ec24;52.170.100.43
karenhernandez@example.org;+1-822-902-5710;fe30df43-f78e-2a8f-f6e7-ebeca48e7e38;218.204.163.201
hlee@example.org;841-213-2554x51232;b3baedfc-d713-d2c4-a5f4-c04c1b3eac78;199.16.221.23
asmith@example.org;4424199127;918d9c1e-bc0a-963a-f1e5-94c311ee4362;218.38.88.78
tracey28@example.org;317-231-7515;ec152ebc-daf4-b402-e987-e1525fc13844;175.0.165.180
vthompson@example.net;348.610.6702x0486;4c741961-26c4-a241-0c4c-e775938d7a46;223.97.36.70
jesse39@example.org;235-902-5855;953df68b-db0a-4d20-7ed7-3f0a132bfe28;40.216.144.187
kingrachel@example.org;001-957-984-8058;e52b53c7-772b-5fa4-51b4-5abad833aefb;13.112.198.63
shawnbeck@example.com;(214)668-0734;a77108d9-a513-1ac8-fee5-e2ed65d76a86;73.239.211.1
icampbell@example.com;+1-857-384-7951x490;41c8d17e-b510-f96c-9f62-154f8c2f187f;136.88.73.51
littlethomas@example.org;2447871198;48646c16-c129-3b8e-f505-eb4e0d991cd8;200.177.146.125
robertstewart@example.org;352.715.8031x76090;b6c6a5f8-9533-0c65-61a1-499df46f0ba7;47.209.181.213
jeremyanderson@example.com;522-264-9044;073dd657-352b-bbed-6538-06348d3cc25c;202.216.166.211
rogercoleman@example.org;+1-287-471-3390x2887;5028ec03-7c68-6257-bc93-d6295b9a0a8c;134.144.146.98
murphyrichard@example.net;(980)311-2590x53802;362e56d4-025f-8f7f-bcd6-26e7cb50506f;164.229.120.219
huntkevin@example.org;(891)597-2502;887b8a34-8a8f-9549-a88f-0078ffacbb62;46.0.144.9
frederick47@example.com;426.954.9592;60502ca0-cc0d-29ad-8b8d-e9b496f2403f;192.143.229.63
derek82@example.org;(804)484-4996;b5cc016f-78e7-7844-2bbb-39df2801fb16;134.25.81.5
blake76@example.net;282.339.8639;3987f90e-effc-d9a3-24aa-de205f783859;219.24.201.248
kristinwaters@example.net;370.273.1494;8656805c-ed6a-fbbf-7c4e-aa3510af4c1a;3.214.151.80
amy49@example.com;773-337-5529x690;5b1d8d2d-f328-1c9a-f0d1-87bc36b3cf27;47.183.188.11
bryanamanda@example.net;001-697-611-0504;d4bafb7e-4739-2990-340d-077a10627bf3;214.58.57.237
wburns@example.net;762-853-7617;7884b019-b8e5-0fa2-096d-fe8b49fb2c5a;216.138.99.226
tdonaldson@example.org;8013912564;39d4dac4-2b5c-5b00-b6ed-5489c95c86fd;177.120.217.41
jacksonjohn@example.net;(453)812-7467x1181;0fd2c18e-5ef4-3546-1b5a-d3d983c67b80;79.115.183.157
johnstondan@example.net;721.933.9677x761;e8e09cae-72da-66b9-55a4-1a2a4005e16d;44.252.153.150
russellsutton@example.org;001-537-804-8642x848;a4918609-4746-f9b3-3163-28ec77e975f5;193.139.198.240
uherrera@example.com;2013487678;a5f4004a-0959-f76a-e161-586568d65a03;172.162.120.111
vlowe@example.org;001-870-816-3813x6738;1d64acdb-36af-73a7-f2ab-b94870bc3045;98.93.148.38
btyler@example.org;577-482-4084;3c268f0b-b347-ff77-7ef5-a299f37adeee;205.212.242.67
earlburton@example.net;+1-257-577-5272x4299;12a37350-5113-69ed-05c3-809249e08e88;130.40.120.255
ryansamantha@example.com;(999)921-2419;0e291bcf-4c69-00aa-bc55-ef07a59f6c93;196.152.181.170
dawnsmith@example.net;5313800193;5b9e9ad5-336f-3fbc-3833-13a99acea31b;47.210.59.119
lisa32@example.org;+1-551-759-6854x84263;14c90769-d20f-5e6e-9d2e-d8a17488a65b;199.42.243.117
katherinerodgers@example.org;001-368-995-1135x259;3f00b4ed-c758-654a-52bb-067370652aff;210.53.115.75
hardydennis@example.com;866-648-4073;ca74735d-6703-cb64-9576-af4d8fad1d5a;45.37.113.56
sean64@example.com;+1-852-978-4344;f13d3b9c-f3c0-ed32-c17b-daa1c24690d1;182.221.50.170
jordan67@example.org;444-647-3353x703;ae896f17-6112-e5fc-55b3-88300408aa2d;186.146.216.143
anthonyholmes@example.org;001-853-298-1701x3267;e062a09e-0667-d35c-4756-a82bbbc655d6;199.87.105.253
vcoleman@example.org;(485)931-0283x97319;fb4667a6-8491-a1c8-2715-94d81106c6cc;136.237.34.172
parkercristina@example.org;001-917-602-9413x413;2d594b12-fa7c-5ffd-e2eb-dc092115454e;218.31.2.199
carterjennifer@example.com;497.244.8812x393;f71e256f-ed9b-9c9e-dc0f-62a5b193de2e;79.209.160.246
ericphillips@example.net;323.695.6882x432;2f699e4c-9e53-c192-b6f4-675427ff4ad9;200.1.182.225
kevans@example.com;001-318-987-6026x117;4bda8036-3178-18f9-5058-9697c66fe413;22.42.129.151
fraziershelly@example.org;+1-298-399-2720x78180;344d152d-05d4-ed15-95cc-0d9d75564718;183.51.200.245
brian99@example.net;001-993-358-6040x9247;3618fe76-a4ca-a630-72c4-f531ef602420;85.2.29.180
tlyons@example.com;777-464-4796x876;d02fa58c-9b9d-fa9c-9eee-b73b092c1ebf;205.235.48.155
arthurjohnson@example.com;232.335.5967;1ad9cad0-a6bb-a817-bf92-04ce68f3ec57;83.72.176.255
travis32@example.net;001-437-876-4668;7d71cdb1-fbe1-bd13-ff33-9776f204a107;215.97.251.63
mitchelldarlene@example.org;9596177804;ec4066d4-f7a2-a30e-4c71-ca2c83b8d4c1;135.191.157.247
amy18@example.net;720-432-0355;48579736-9e72-485d-e38d-960b12f39aa9;175.240.125.42
qoneill@example.net;607.889.0259x870;a32b0fc5-9a34-fc29-b792-83c71238c4e6;4.63.51.105
jose11@example.net;(523)685-2006;d365bbe2-008f-e3ba-43dc-e5ca4020889b;131.111.45.175
bbrock@example.com;001-747-882-5169x3814;9672e45a-23e3-2440-316c-1d8a7ba93f2e;198.167.48.170
brownlaura@example.net;456.836.9562x1727;ab6157a3-0d2b-2fdf-60dd-dbcffb978f0a;150.252.203.96
yhoffman@example.org;+1-743-432-3763x9403;cacc8aca-3f8f-0a3f-2e55-5cfb5894689b;96.66.105.105
ramirezmelvin@example.com;+1-544-820-7651;7eb5d687-0b0e-dbe3-3060-5c1b0cbdebe1;35.122.191.45
andrea88@example.com;3118452467;d770fc7d-6231-13ab-a64e-a9f66936ba00;188.220.64.139
julie66@example.com;001-667-638-8446x5897;7a834296-7b01-74b4-a2c6-719334e071c2;36.125.16.54
denise82@example.com;+1-398-720-5083;76b5fc1b-eb36-ec05-5062-e4108c67fb1e;164.7.135.192
mercadoantonio@example.net;446-373-0471x410;239d2c0f-3dc1-e73b-6ceb-6641d3e7656c;92.170.7.136
maddenclarence@example.net;(911)884-2464;6ce907a8-aac7-2221-6ee5-3fb64a0dabe4;15.171.113.243
hchandler@example.net;+1-626-607-5583x02180;27b37b4e-5fe5-dc79-68c1-68a44ad52b1d;143.232.24.16
parkersara@example.net;(215)723-9363;3cf7173d-f44d-9518-35bc-2185f453c70f;215.176.133.161
lprice@example.com;345.641.1827x216;1efb109c-63bb-a25e-0a46-bceede4a2546;217.29.83.97
ashleyhenderson@example.com;+1-206-902-1297x6626;2ddb174c-8a00-1075-8ee7-15754b79b2c2;208.251.206.174
fpatrick@example.com;(984)814-7063x8693;66b8c63f-cd45-9844-d821-4c0294446480;174.198.184.129
wagnerstanley@example.net;241.343.7321;7ef5df48-3d56-1899-99bf-f0b43e9ae40f;212.109.214.226
tracey28@example.org;317-231-7515;ec152ebc-daf4-b402-e987-e1525fc13844;212.193.129.63
kmorgan@example.org;(446)996-1328;061453cf-d476-9b70-4ee3-eeb2159ed8b5;25.174.73.251
sandra19@example.com;9964766598;7b56a54b-1308-e8ca-99bf-f6e751102a76;196.159.109.105
chaddavis@example.net;734-872-8309;8b4d71b9-db36-3e3a-935c-e44a35260df1;5.87.62.40
hkeller@example.com;751-253-4497x45331;87f46526-dcb5-bc6f-d5fe-c51239216784;161.116.91.68
johnsonchristopher@example.net;285.988.1041x96203;b9137c76-9bfd-9904-8acc-736f3accbe8f;209.65.255.246
grahamchristina@example.org;(540)993-4124x9379;2040674e-5fc4-6881-4900-8d34afa19997;78.78.192.11
barnessteven@example.org;+1-971-895-7615;f94efb25-6073-0fda-2a58-dc477194424f;164.249.251.165
victor00@example.net;215.852.4673;1adcbe95-9f88-9b94-f0b0-02fe11ac15b6;131.251.55.62
qwilcox@example.org;001-874-855-3073x5643;c0bbe479-dcf6-bd42-5cd3-ed20636093eb;174.7.118.145
connermelissa@example.com;(468)459-5553;af15e02c-bd01-1343-cdab-3e2fab55514a;194.169.85.29
lauraallen@example.com;001-521-928-3058x1781;ada070bd-1004-f429-1ae8-d55b9c458e1a;134.193.175.180
marksimmons@example.com;(701)309-3969x447;1510c959-e9dc-96f7-a758-4f45230836e1;207.230.97.128
amandacarr@example.org;869.489.8245x4928;9cbbfa20-2acc-6860-77c8-3e1181818a73;198.250.135.248
vincent11@example.org;692-493-1568x436;64ad409e-5c57-7049-ce4c-a615532dc5a3;35.208.21.82
dtucker@example.com;835-573-9811;1a28a3b2-9693-8a64-31c5-6fe993834f80;142.144.125.151
bradleyreese@example.net;5256154444;90add5be-2da0-6dae-32c9-d11835f39076;160.95.115.216
holderbrandon@example.com;357.242.4794x4328;73bc70c5-d0ff-b5d2-64c2-f4a86b543ad7;223.215.113.218
morsedavid@example.com;680.225.9677x3131;718c3d96-3e4b-4610-ec10-807f1d9ba622;206.224.137.55
steven29@example.com;+1-724-443-9226x8144;a68a2de2-c7e3-e64b-e5e6-9885d9eb4cbb;219.209.31.80
kimberlylang@example.net;840-939-6631x93225;78ad24f8-ba5a-797a-a4cf-447825733888;46.44.99.205
michael56@example.com;(966)907-2573x21004;d3d721b2-813e-f50d-4cb6-15984931f916;185.236.232.183
hmeyer@example.net;311.637.0725;f1b14753-02d6-1ed3-e7d0-da723163e869;218.153.3.84
ashley60@example.net;408.433.7676x14455;d6a433ef-a271-75d0-1fd2-865fbac62b1c;222.168.43.84
hernandeztodd@example.com;+1-208-737-2324x839;405d8690-f9af-f588-f712-4d7f010eee8f;75.234.41.34
morgan58@example.net;(589)288-6306;a623854f-6bfc-dc55-0523-cf9336644bf5;223.227.227.64
wschaefer@example.net;001-577-627-1966x06605;d20d1009-a7b2-8307-eb1e-12d6423873d7;149.35.118.46
pford@example.com;947.963.3166x1855;6b327de5-f667-d0e4-8609-251ffe862c77;209.77.18.22
riveramark@example.com;5303562134;a012a09b-0b58-e229-14e7-f836b7710a44;81.145.156.216
sanderson@example.org;+1-285-297-2286;0b4a4277-e09f-7fa8-d4b9-ce96730491d8;107.203.209.171
tcraig@example.org;001-420-240-7174;3078f2e4-31a1-1386-fb12-13c6341dc44e;221.110.183.54
suzannehamilton@example.org;827.964.5422x19567;7e5fb2af-499c-9081-d425-7a4a1aeb10ea;159.116.252.107
kevin71@example.org;342-476-8272;c93a8b81-6eec-8fea-6414-3c19dcd14773;200.204.103.116
sarahcarroll@example.com;(252)739-5666x23715;378f0086-8a5a-23e7-2a57-3ee083dfd16b;199.135.200.243
colleenwong@example.com;001-744-593-8020x56022;65232644-2316-2e55-518b-597f064ba68e;212.229.151.222
smithnicole@example.com;+1-439-758-8263x44346;1de79ec3-af58-8680-89fa-5e8f617f940f;187.7.222.124
kelli69@example.net;+1-837-402-9133x7454;c104a486-f718-ceb1-530c-83e8e1f3bc25;182.118.85.78
johnsondeborah@example.net;(260)347-0544;e7dd4826-7ff5-049e-ed0f-1efe2c2af16e;214.119.219.245
zbarnes@example.net;001-615-621-2501x88043;8cdb09cf-982e-8fd2-f250-20146b6cf394;205.142.158.152
robertortiz@example.net;771.549.9302x0680;252f1e5c-0985-018e-5b5a-881538ec011d;87.35.14.223
melissaharper@example.org;(257)565-5032;5fca753b-c9f0-75e5-fd33-b3faa69daf74;217.222.252.16
alicia69@example.net;(499)432-3080;6e2111fc-a730-88e8-68ea-ad79e3cd35c4;222.82.20.168
udaugherty@example.com;001-931-920-6733x02551;39b67cec-854f-31a9-ea1e-a85d753202df;162.234.205.3
vfleming@example.org;+1-801-462-8705x116;a51bedad-36a6-a4f4-feb6-1d06e4a06a8e;188.3.54.149
cassidycompton@example.net;836-538-2061x9561;c97dc494-2c43-e1d3-531b-96e0e7b395a0;170.241.204.190
andrea11@example.com;+1-884-454-4352x5863;69e5c25b-e828-2ece-4356-d154e90767d6;164.34.54.172
andersonronald@example.net;353-436-5626;70402580-940f-b75a-e311-0cdab1a1323c;197.134.225.19
hannahfoster@example.net;380-655-5168x3347;f7bd1b23-cbdc-727a-a3ef-933d5fc1f803;155.93.33.100
kevinthompson@example.org;815.524.0412;b889db84-706f-977a-1d62-cb0abaf2c29d;182.242.121.209
erinmartin@example.org;844-394-2079x354;138e640e-bda1-1b97-84a4-57fd22837b69;197.208.91.23
madison45@example.net;871.523.4775x1793;476a8c27-683c-723a-05df-130548ba3952;202.198.220.194
allisonboone@example.com;(479)227-8435;7060e58b-e6a4-763f-8e00-f2abfd2afeec;140.218.160.227
samuel49@example.com;+1-673-942-2955;6496f580-9b8b-1726-6878-e31779790220;168.45.14.141
karaorr@example.com;387-368-5884x032;858a71f0-585c-6bba-6990-f445268e4e24;223.138.34.243
matthew63@example.net;001-580-337-4135;2fd379b8-d961-1b1a-8029-3a5dd3f8b49a;150.195.56.236
jacksonjoseph@example.org;638.597.2810x7153;4976cf70-5021-b789-a186-b06b4384ce39;218.97.93.156
paulpatton@example.com;225.371.3254x0357;35b14025-7818-f8af-4fd8-871c59065970;142.86.169.30
tuckermichael@example.org;458.650.6634x2556;dbb2cdc1-a22e-4517-1624-708ff33a244d;207.78.33.43
hollyayers@example.com;502.515.6932x619;fad24b2a-696d-198b-b35b-3803646d10d2;128.16.168.245
matthewsjason@example.net;+1-725-618-5181x2766;7aee0364-2a5a-df64-3a34-870fd1bd40fa;136.235.39.201
osbornedanny@example.com;(301)742-0261x9659;4e021015-9d8d-d38c-ff42-cc03999a425c;222.125.189.134
rubiojoshua@example.net;305-200-7452x0258;3e52508b-5259-7865-4b4b-ad081a7dd322;16.15.226.57
michaelperry@example.net;251-909-7018x974;8344d791-3534-6061-13af-1e819dab12aa;121.9.110.131
rochoa@example.org;(392)227-4777;785880a2-d9c1-8a6d-5893-db3257b3db7c;85.211.30.68
clarkebetty@example.com;(588)961-6481;c1ad60b3-70e6-70cd-e3ed-0407f02ae772;169.236.139.211
william06@example.com;001-359-664-4605x8058;a2047f79-1edf-acfa-b29a-8d3e3d9535f0;187.40.26.154
kkelley@example.org;4412206930;0ae8bb7b-9283-ffec-bc18-a98891c909fe;98.211.229.64
jaycummings@example.org;(973)862-5494x366;52570870-2f98-6ec1-be66-bc525ee60cce;205.219.123.205
tuckerwilliam@example.org;267-944-7543x17260;2e2bb5c0-deec-50e2-1c0a-bdef7eec0bb3;159.14.87.208
andrew15@example.org;888.929.3938x625;9f22263b-690a-9005-2e9c-302aacce481e;20.41.110.167
carolyn97@example.net;294-430-9243;5cee6b3a-f91c-6287-4f16-21c12c7ac85c;192.38.150.226
hsanders@example.com;307-361-0234;cfce4bbb-0ff8-2c8e-389a-64f3fa9d4c4b;114.91.149.61
phillipsholly@example.net;994.463.3432x9588;1f91f6a7-0320-4b84-59d1-ebdf713b7620;220.245.99.162
kanebrittany@example.org;001-406-367-2656x9946;89825f46-6814-fd8b-6435-41d979e0acf7;35.75.134.74
gsteele@example.com;437-273-7191x482;4204177c-e5ab-16f5-8f74-b5d099736fb4;128.145.21.10
petersontroy@example.org;+1-691-869-7442x238;fef771b2-ec3a-ba2c-70e2-81722c738576;54.13.143.169
woodslatasha@example.net;392-260-5958x842;afb50597-6ed3-7547-e2e4-0dd126446057;156.237.195.37
ericksonjeffery@example.net;749-986-3099;52fd1150-d198-03fc-dff3-4869360217a5;173.76.133.204
patriciajensen@example.com;+1-710-339-2390;76305e82-9263-25e4-27b6-1badfc10e2d4;164.208.110.116
jensenmark@example.com;001-240-602-7796x6446;a2ab25b4-1bec-b0e0-4811-65cdc717fc70;112.150.219.138
todd17@example.com;+1-275-944-1789x5275;781dd457-d283-c8ce-8880-da8042d35307;62.24.20.178
mauricewilliams@example.com;4012131481;966f1217-ee4d-956c-3f5c-2c2a835ea1c4;199.121.226.150
katherine49@example.net;446-915-0157x0334;ca22e1a7-ca0a-7e3a-7ab0-6cfa21e78b57;147.166.164.140
ecarney@example.net;402-214-1846x44609;a8bb9235-26af-e6b0-0fe4-1ffe113ac1ef;217.203.73.131
mooneychristine@example.org;243.364.6195x13892;3b7dcecb-ddee-c766-3ec6-d533a8b74a69;98.48.214.42
walkerlaura@example.org;391.382.3765x11048;0bc3c8b4-8572-81f0-9df5-89dd3e26a2a9;74.3.162.228
oliviahernandez@example.net;347-344-1342x4336;7b9bd014-bcd9-b6f3-f387-753f20a3ddbd;157.64.7.3
emma12@example.net;588.628.3368x0243;c98663df-a2aa-c3be-6e6c-ce6d44ab1c56;129.82.133.158
churchdustin@example.com;643.605.3454;7a16e0f8-2956-90f5-d0c7-9d171c2055a0;129.47.0.202
charles65@example.net;6509288431;d5b8f5f9-102e-1381-c8b4-b80c13485bc4;202.24.144.159
michael78@example.com;994.428.2334x1676;f2b64b7f-613a-852a-314d-54e97dae519c;217.21.104.7
ihamilton@example.net;+1-474-572-4731;6a1c9ef3-16d0-409c-4885-8910d12253cd;48.176.243.171
skrueger@example.com;+1-973-886-3907x208;a8a3d64c-178a-55bf-1938-9de525b5945a;160.56.54.67
dominique96@example.org;001-496-888-9935x6494;c235bda6-3b7f-c4a2-fb27-c60128d936d4;204.254.212.167
carriemelton@example.net;001-767-500-7930;66b0f1c8-c6d6-0107-8626-8bcf6f145c77;70.62.90.239
matthewhartman@example.com;506.210.7111x9882;047690c5-beb1-0d7e-f4cf-3f9365b40cd7;185.102.56.15
briana89@example.org;213-880-9937x204;91513664-e55d-0360-f5a0-3744c440853d;70.143.167.81
ortegawilliam@example.net;+1-273-998-3550x465;68fdd888-bcb9-90df-d449-453548cd1976;162.104.125.30
adean@example.org;840.457.4836x93377;9eb0fb7e-8eb1-8203-95d5-5b14ba016a9f;1.242.28.208
kingkenneth@example.net;240.443.6715x8023;83679fec-be6c-3432-e738-d81da5864912;189.144.225.63
cbradley@example.org;272-841-8837x719;a3d516c4-d239-99f8-4780-15aa2871aa27;203.237.246.235
fosterstacy@example.net;(666)681-3660;42cf6c6a-c55d-1c17-3f15-2c96c982deb8;182.38.91.115
lindsaycantu@example.net;585.431.9398x881;3272efe5-155d-e1a1-3cd9-d4fe89fb4455;164.241.215.95
bradysara@example.org;+1-781-983-2602;970f3e7d-4016-9ca2-031e-d59c11016425;177.185.77.7
wlarsen@example.net;539.696.3768;5a42babc-308e-ffe6-1d6c-bc0e47ae87eb;164.128.130.226
cassandrahernandez@example.com;001-641-215-7895;0037b500-d8f3-71ea-a9c2-4812ca5fe72c;12.95.13.3
mayernancy@example.com;001-355-528-7255x695;e71796f2-5c51-1e18-9b30-a965e46b2ddf;155.209.171.26
michellewilson@example.net;477-303-7651x51188;9c267523-516a-51ac-73a8-e8c7de31a506;223.99.0.234
george11@example.org;5188540173;1bef5f9b-4cce-348f-acec-618330f1b213;196.53.102.174
ywilcox@example.com;331-700-5649x791;606ccbb7-938e-da13-bae7-c95004a3e04f;114.36.236.15
stephaniemason@example.org;8567522547;72224629-dd23-11a6-9bf8-3fe46e7423c6;139.151.84.51
janicegreen@example.org;497-696-4148x814;f5ab1adf-f6ce-fb31-1b78-b04bb505217c;203.234.220.148
garysaunders@example.net;+1-608-807-6215x5444;9d752a02-a443-018b-2669-3e42378adef6;175.138.191.51
lstanley@example.net;+1-639-530-1527;b4ba023d-3ead-4a90-31be-ba1c0807e2d4;206.92.71.110
jillmorrison@example.net;707.237.6734x121;0d833ad3-ceaa-2b51-81ff-006da51d3d37;119.138.121.14
connermike@example.com;(428)222-1171x2610;21add182-3a1b-cebd-9f48-c15ddb017230;93.223.72.127
lutzchristian@example.org;813.717.0578x3494;c8b44759-f539-9da1-33ab-25933f0a1567;208.52.79.132
hugheskevin@example.com;001-308-712-0842;65e87b48-8086-e1ec-ca4c-b84128344a9b;28.10.129.153
michaelgallegos@example.com;906.546.3710x9987;58f44b32-6fdc-68b5-e481-7f53758f00c6;130.210.159.145
tbarron@example.net;685-428-4474;793b3cad-c246-ebd4-3c73-5176a7ae833d;119.141.157.117
laurenfrazier@example.net;541.598.7313x977;5366f282-9b5e-448b-5a94-51f6efa6cdf8;70.0.204.249
cathy12@example.net;001-297-996-2187x105;41955f94-07b4-6a1f-f434-fb30127623a3;55.97.39.32
kelliecabrera@example.com;965.762.3432;87ef10fe-fecb-efa1-1ff2-fcd0dfaa3d23;43.118.255.171
ulester@example.com;239.749.7635;32e48149-31ff-6828-fa02-e3115f2944fe;178.11.162.181
daniel37@example.com;456-266-0305;0efc2d71-bdc0-044d-77fc-da4e9c5b4476;223.20.86.197
amy50@example.com;001-202-757-5926x44507;0d7199b5-ae6a-fe5c-a937-f26c4b701c3d;194.0.129.250
patricia97@example.org;2636941203;d204c986-3d6e-a841-22fa-03c18ae9734f;147.84.87.190
rachelespinoza@example.org;(297)531-6796x89179;1001f17c-6ff8-ac25-704d-373950ea7a41;211.233.219.102
tonyahamilton@example.org;636-391-0875;9433fbef-fd0b-76cd-4313-d7341117764c;197.110.152.142
ytorres@example.org;001-475-768-0382;26639aa3-e98b-4900-91f0-2d4c1cc62712;73.79.21.112
mollymarquez@example.org;+1-865-952-3536x78545;59dfa88e-0150-8005-1c4b-bcbb83ca092c;156.129.61.55
kristinwilliams@example.net;+1-227-254-1311;2bddbdc7-f9aa-8ed8-382e-549859db15da;54.186.249.19
davidmartinez@example.net;(430)523-1205x06380;420428e9-05ae-7159-cfea-f7bc950841c3;147.68.171.254
wmedina@example.com;412-388-5476x53328;33fc0d31-98d3-8651-17d7-5c3025e0c02f;87.110.216.182
julie98@example.net;520.240.8837x22068;cac24daf-bd63-ed45-b25e-ee81758a4e41;12.79.5.66
rodriguezkimberly@example.org;(846)219-4606;6af54919-c960-0883-b329-20831136ce1c;187.250.32.148
amandasmith@example.net;(547)293-1545x00522;6d6eeefe-bf1e-58b8-7865-c1d0080f7eb8;121.183.65.186
ucrosby@example.com;+1-774-469-9978x0270;d156da82-4c2a-5d4b-c8c4-21b363701117;98.127.157.7
xwilliams@example.org;488.475.5883x46512;4dddfb56-c730-a663-b0a8-81fe9c29cc7d;79.41.218.164
kristarobinson@example.com;351-228-2915;114e4059-fa91-6e59-46d0-e3415afb0a6b;220.74.59.84
marshallpatrick@example.com;(233)577-4186x75726;a69d0666-9a40-d3c4-1c3f-2aa3fc57172e;173.228.187.219
ashley02@example.com;690.712.5011;90098eb7-4a84-7441-d9c3-69b745ff94dc;92.238.192.240
roberttanner@example.com;(307)638-4739x8607;ed0b55f6-8868-52f3-422f-5e39f3ae6065;123.189.85.197
adamallen@example.com;(741)213-3817x0540;ea148823-3cb5-8d90-4431-a98cde2782e7;66.240.247.94
nbowman@example.org;001-827-686-8298x15949;684b49e9-f46b-300d-1e91-306b1fb7fce2;135.252.17.46
walkergeorge@example.net;756-205-3093x27038;fad09282-d2c1-f42b-32c3-111c529a0837;206.191.82.82
amanda18@example.net;784.596.2716x88464;77ffb3a8-e340-0cc0-b29b-05df4c5f4bb3;40.253.176.241
edwinparker@example.net;(230)442-3807x111;cf2207a9-203d-79c6-01c0-f5a0dabc00dc;196.135.218.148
gary38@example.com;515-382-5670x74261;28fb78af-84ca-5b71-9325-019888f6bda2;183.107.157.67
evanskristy@example.net;3964480841;1cc2bd48-cb5d-1734-56f9-27a67b6e7d30;152.187.195.170
katherinejones@example.org;001-456-508-6899x6776;19a66add-7e35-be30-1268-d300143ade51;194.82.52.4
stevenswilliam@example.net;(936)723-4199x69365;769b7b4f-f9b5-ce96-15c9-32e47b6b7993;106.241.149.159
sullivanrandall@example.net;(680)815-9592;d111424c-13f0-0627-3322-ad1a14eecb82;99.36.244.53
johnsonrobert@example.com;+1-623-677-1925x77994;a98248cf-ecf4-f149-e788-b3ecef67e0ef;130.152.137.197
angela02@example.com;(295)687-9593;44924d87-01da-3e5c-b1f1-021a0215695b;186.51.194.177
ymarshall@example.org;(248)738-6708x8742;d4128f53-0a01-6bbb-9775-000c3c32360c;78.151.232.48
michele68@example.org;001-999-718-5801;91513664-e55d-0360-f5a0-3744c440853d;70.143.167.81
nguyenwilliam@example.org;(813)278-1467x47510;7144a63e-7eaf-d8c2-12c6-38ccf41f71bd;41.141.250.162
andersonmatthew@example.com;724-342-5947x0412;d85d3711-3cd9-322e-610b-53974128f198;216.143.129.192
lynnsummer@example.net;001-739-412-0230x4142;6c248d39-ee61-348f-3d1a-65f84970720e;219.115.190.160
nathanielwalls@example.net;3342340100;5e2c24f3-0148-ee45-749c-5ba228985abc;217.178.251.10
blackburnjessica@example.net;968.875.7837x29529;0103dbfe-9f15-0572-b33c-b69dcc4b8216;187.137.119.38
christineaguilar@example.org;(799)566-1572x496;63f3938d-4e0d-acc7-100c-c1668c691e07;113.109.41.12
anthonyschmidt@example.com;383-709-2840x1598;fba57420-97d4-6fbb-7a15-d13c9c85d8c5;149.80.177.115
alec69@example.com;632-413-9354x74645;f471a7e4-2fba-1771-2144-fcba6aae4480;209.178.13.56
newtonbrittney@example.com;404-761-5392x77134;9f6375d6-3234-cd30-d292-b4cb06b8c54c;210.70.192.104
stephanie86@example.net;(703)958-9556x6111;5be2bf6b-7174-30ee-3b4c-3b695283cfe0;170.20.145.47
freemanjennifer@example.net;(307)379-5720x616;289de173-3ed5-559f-a11f-4a9c14a2e0a7;14.239.129.203
joshuaberry@example.net;527.906.4726;708b38d5-5a62-3818-ddd7-04fc05add4d4;117.149.70.202
petersensandra@example.net;(308)310-2819;bc5718a3-bd32-ca33-c435-003345ff6f52;28.227.172.131
arthurgarcia@example.net;(935)458-3458;5d7198bb-81ca-b8e1-8e3a-9b32fa3c0b9f;215.97.9.71
david50@example.com;225.511.1510x1850;2b0a1fe0-a5fa-1230-4847-c21cb4fd3a05;205.189.171.249
doughertyvanessa@example.org;+1-977-798-9282x635;a628a437-1721-13f6-f900-63e218143866;190.201.122.129
richardsonsarah@example.org;+1-295-816-7587;79ec5e9f-2a8b-5a59-650d-60c54cdc8287;221.91.184.239
davismary@example.org;428.637.6470;fd935bda-3da2-53f7-3912-386f188cee07;48.162.105.244
zlopez@example.org;001-696-351-0185x21762;0f1195b3-358d-e301-bfd4-be1575638eda;153.183.141.147
candacegallagher@example.net;+1-855-538-3593x1856;32d9ba9f-3edf-36aa-e41a-3bd918657561;165.191.192.205
davidbrandt@example.org;+1-690-950-6731;82747891-3ede-fd4b-efb4-5f5c19bda65a;136.238.16.47
lhendrix@example.net;001-394-612-1808x07785;79104dd8-1764-6798-482f-588ec015cd14;24.241.205.228
bjames@example.com;421-559-6008x543;a0f06625-488c-15fc-f922-bd5014d593ad;62.17.37.118
caleb46@example.com;001-583-593-4809x897;81cd698a-efc0-6d5f-60c4-e26653e698c9;27.27.195.251
lisa84@example.net;+1-271-671-9199x30042;3ef056a8-7ba2-099c-274f-03c64bdff7df;82.121.242.245
njones@example.com;578-387-6278x323;e84727f0-93e4-9b98-4880-14bcdb8a6b05;177.206.181.124
perezkenneth@example.org;373.731.0943x844;288b4c23-ecb1-019a-7998-1156101f5a4e;148.110.155.203
nicole26@example.org;001-269-628-0087x888;47784127-d7e2-416b-5870-2ab52c8c9a86;78.207.205.174
stephanie63@example.com;(747)370-3196;702b4467-3775-e3b4-47f3-73634186af6c;162.214.18.96
mannjoseph@example.com;+1-866-332-5583x584;029acad2-7229-72c6-8bcd-ef2d5c2217fa;130.164.244.4
darrenkramer@example.net;621-527-3672x651;6a9fd6e4-320d-3b8b-3787-f52311942517;93.222.87.189
hmontgomery@example.com;(516)847-2865x91043;0289287a-3405-fb25-1b26-1701d91d9546;132.244.221.218
hacosta@example.net;+1-839-660-7862x197;944ff600-83d9-0f24-81e6-7f32e03a1b28;139.199.10.221
candacetownsend@example.net;(273)990-0682;46835a46-a39f-f0e9-a68f-2212817bb46d;211.11.197.181
denise61@example.net;(328)618-4980x4318;42d59487-6e3b-069b-cffc-495ae1f423a7;133.246.146.53
laura75@example.net;001-454-242-8728x22292;77270541-5e05-e850-9084-e8e62668bb35;217.115.129.161
christina43@example.org;+1-440-945-3559x6807;99c40829-33f1-15fd-eae4-e95e329e157b;174.89.179.204
bryantpatrick@example.com;(909)810-5948x97195;bdaba8bd-90bc-86f4-c904-464ff73a25f8;192.0.160.22
simpsontamara@example.com;001-811-828-7709x9089;1ae2f0ac-97ee-fae3-dee1-d2b554d99fcf;145.11.232.161
wolfeabigail@example.org;+1-723-333-1942x54012;b1f484b7-5f4b-fcb7-5e60-80136a7aad08;138.195.190.102
brownstanley@example.com;327.280.8259;4305f9ee-0bc1-d1ed-1857-3c210691d3f4;13.144.31.202
anthony48@example.com;472.230.5787x2794;083b57cf-d691-2ac2-58a2-82258f81b240;113.182.239.10
sherrythomas@example.net;887-432-0871x45437;7fd3f657-7441-ead4-6708-3c8e6e058d63;192.129.112.150
chadkoch@example.com;+1-513-932-0783x33637;8710839b-f189-cd77-fe5d-62e3383d160c;170.67.125.166
elizabethmorris@example.com;+1-597-406-9988x719;2f98f7a2-17bb-969e-21f4-fc453ba49021;38.156.157.100
riveratonya@example.com;001-773-477-3246x1059;7addf067-448c-0cc7-cd7d-ec8a436199f6;133.214.123.124
aprilaguirre@example.net;678-354-2833x9306;20a24989-2d60-0b6d-864f-fab6a96ef8e7;195.44.137.234
ljordan@example.com;001-291-986-7690x4380;71f176f1-2dc2-9724-49e9-2797bdb1d6cf;202.85.25.87
mhuang@example.org;+1-347-797-7689;1b4e94e2-7b60-18cf-4bd5-fcb0e4365109;35.40.80.239
jameszamora@example.com;(774)649-7609x379;fcb49530-6cba-3f16-fc87-12bebfe37150;173.49.250.52
jessetrujillo@example.org;893-244-7884x191;77da1190-7cbd-3569-8031-6138d4a8b658;220.184.245.12
fuentesariel@example.org;001-414-441-8571x04168;81b3edeb-4b44-d776-cd0b-6477be52c1f2;201.155.131.16
davidmcdonald@example.com;(644)688-0472;3420f4bd-24e7-e5d0-4c16-fbb9cc51bb6c;59.241.235.17
lisarowe@example.com;736.569.6397;84d126a6-5ebb-f311-dc21-b915eaa4859d;211.29.198.2
ggreene@example.com;975.235.5260;083b57cf-d691-2ac2-58a2-82258f81b240;113.182.239.10
scottjones@example.org;001-560-384-9116x1284;f3e20297-9082-6ce8-bd71-cb16530cdec6;205.143.109.57
aaronbrennan@example.org;763-322-2551x943;7225d07c-46f2-9780-c655-bd4889dc128e;167.244.225.42
millsthomas@example.net;+1-676-866-0995x97227;b71e5c5f-ea8e-7626-d97b-6024c16d83f1;34.7.159.1
gewing@example.net;001-485-728-2462;9f332bde-398d-12a5-08da-ba6dbe9063e2;221.71.79.147
tylerperez@example.org;(314)338-7522x7904;56c70640-1766-6acf-3306-4b4f2b194f89;82.0.99.37
moorenatalie@example.com;(934)529-6016x27049;9c5ab1f7-476a-b41e-0237-c0706e7fed7a;43.172.77.57
jacksonrachel@example.com;581-512-5602;68bd8879-b4b1-976a-59f0-5ac68b1c184a;146.127.46.213
sullivankarla@example.com;(583)830-1935;e35ef340-1d1b-e6d4-54c7-05ffad71d395;26.163.81.37
heatherclark@example.net;886.875.7520x99778;d653a9e9-16e8-5a86-97a5-e5d666875296;192.152.121.5
alexanderbriggs@example.org;001-857-907-7326x34500;20c62042-8b78-6183-5b55-32583d2757fe;162.85.186.240
christinamorris@example.org;410-786-7213;5d0001c5-2ec7-b6f3-6bea-f4ae690fc671;202.142.164.109
john21@example.com;+1-565-993-8592x1275;932bf0f2-2023-0d14-3a60-8284853356ca;161.126.183.169
elizabethgraham@example.com;(855)795-7046;bc8096eb-c2ea-1a04-ed50-3856202e8383;77.212.88.100
christine33@example.org;001-400-959-7823x9915;42a53c2f-79c6-6dcf-e2cb-a0519723a5eb;179.180.40.117
bakerbreanna@example.com;001-453-708-5851x7164;55b4d239-a7ae-06c0-b4a4-8853e5ef9b6c;136.52.95.47
caitlinanderson@example.net;(236)810-6030;124b6f47-eeda-43e5-624a-b3875a78f48f;205.192.89.248
williamlopez@example.com;+1-201-327-5100;e2ccc09a-0460-34c3-2d08-7846d5f4b01f;209.61.100.177
jenningssarah@example.com;251-677-0968;a79c0793-bcf1-ed65-ece7-3d232c97e126;58.200.103.211
mcgeedavid@example.com;954.933.1942x755;1eaac8d6-38c7-5d38-252b-d847c196b289;216.80.196.209
harrismichael@example.com;467.479.8978x98576;874e04b0-21f1-02be-58d8-db2b9062a051;131.235.150.228
patrick13@example.org;(455)378-8437x6454;436f1974-f1c1-9322-90ce-93381623a5cc;208.244.134.25
whendrix@example.com;(411)638-4771;a82588ba-30a4-4984-3745-25be96dc90e3;208.88.207.217
fgonzalez@example.org;(452)202-8015x1345;31b5a0c6-a198-1e54-afbd-67a07d80e36e;86.201.167.88
josemccoy@example.net;001-632-492-2921x0665;bd729216-0f9a-4f3d-96dc-3736187ddf5e;70.43.140.62
johnsonmiguel@example.org;229-477-5207x18455;69b4549a-48be-0a52-7393-fb3cbf8ea521;172.63.153.113
dnorman@example.org;001-733-715-1905;640eb41a-87f0-cd58-374c-cb82b9bf131b;139.158.157.123
holmesholly@example.com;240.497.5366x48103;b2a42c2f-9345-5eac-4caa-3be25e08c605;207.240.53.108
natalie28@example.com;595-354-5353x992;34ee7cc3-6657-c7c2-0845-fd6fa2c5b279;25.232.104.168
collinsjoshua@example.com;+1-513-441-4403;19cde193-9063-2533-8978-79a253507265;218.224.82.5
woodhayley@example.net;(582)871-3059x3840;e4f44e04-cc49-599c-75bb-84e4be471677;181.154.229.104
schwartzraymond@example.net;+1-262-913-5758x307;da729093-c279-3ffb-1425-f551619d76dc;219.14.183.230
tylerjohnson@example.org;001-862-433-6438x1956;3c0cdbc6-1611-e6b8-87ac-59c0f81402b1;83.154.134.250
vicki17@example.net;(720)386-9766;95ec39c8-dd4e-b4df-7cb8-359e9cbc459e;142.42.84.181
ymatthews@example.com;395.489.7349x079;977cd973-541c-6bed-1004-48e3868adabb;159.3.1.172
nathancraig@example.com;407.355.9491x0454;439713a8-7409-8b26-0461-4185c57108d9;192.187.116.192
frodriguez@example.com;3563360076;d2227cd8-71f4-ae9b-8186-c31123194581;203.142.201.25
simmonsjacqueline@example.com;+1-468-825-1679x73987;0e5f23a1-57d5-6d7f-c5bc-8d07ee2932f1;144.231.112.9
nbenson@example.org;284.451.6041x80071;191c2781-b844-ce16-96bc-224e9b92d360;36.219.75.217
moralestravis@example.org;441.334.9946x2069;0edfda6a-40d8-cdf8-d2ff-a8d6dfeb30f3;86.205.246.231
grahamgregory@example.org;977.867.2989;fb6aff29-ae79-3e23-4f90-c2dacef648af;3.166.25.59
josephbyrd@example.com;+1-979-441-7522;eca3a305-abc4-39d0-0e83-de8a52e45c7a;200.222.44.21
lthompson@example.net;(427)884-1082;16bd1af7-b4ba-5e7e-5216-0b7111e68ae9;218.119.213.254
fburgess@example.net;933-869-4921x80907;80262e7d-37b0-a70c-4666-dcce0d6894bd;79.161.184.152
williamsamanda@example.com;(305)608-8083;810ad4d4-8e8b-7d06-4fd5-c422831041ad;221.41.77.221
nancy48@example.org;+1-662-310-0019x83433;adc8971a-1714-7ec2-9164-269d50720897;219.153.198.146
william26@example.com;7067192252;6c864054-2766-1213-957e-969eef68e267;190.163.171.255
allenashley@example.net;001-218-996-1013x8047;f86e9c46-d139-48f8-59f2-7355909a97a8;181.106.131.1
solomonryan@example.com;285.936.3538;4bcd493c-2a97-0d8b-fb47-39040d245101;218.163.35.141
haileyscott@example.org;550.484.4459x272;de958e6d-a767-08e5-0500-c73f1f5d5d38;36.172.142.160
michael85@example.org;001-912-980-8870x12184;f4d6871a-c0d2-4151-6de5-1388a0173e1b;88.224.8.75
bradleydustin@example.org;+1-779-320-7203;a95cb5a4-5fad-f4c1-f312-2fb2831f45da;89.117.197.9
russellhartman@example.com;931.880.7198;bd4cf077-e4ec-0fdb-4277-82f045b3fdea;140.4.164.105
bconley@example.net;2543321296;87d6918b-cbc7-52d7-b20c-efde42434afd;65.88.160.143
melaniewilson@example.net;603.793.8130;8954e1bc-9694-6abc-5959-66bcd0fe105f;24.48.145.121
jonesleslie@example.net;437.865.0001x887;a401c3d3-5733-1bdd-7993-683d258f7138;207.19.140.238
nataliejohnson@example.net;2397892628;c186f114-ee15-29ff-59c2-6e3cffa1372e;199.97.128.198
jeffery96@example.net;(399)234-0117x021;7370803f-b1cf-c19f-c316-da4cb6884982;206.193.174.249
qdavis@example.com;6058020539;e2d1f7df-1c75-7123-cc8f-38d35a671782;53.53.67.228
todd54@example.net;001-529-212-5846x651;8046a7c5-0a4e-e6aa-c6f2-1d61970701d4;173.68.239.46
madisonfrazier@example.com;231-372-8016x6680;1f575682-aa2f-bc62-56b9-46d8ac055727;206.75.49.144
parkerjackson@example.org;+1-556-825-7953;c059456f-2d8e-6bfc-7cdf-f29051e5cb95;180.252.56.182
aimee66@example.org;(478)482-3700x1353;fdc485ab-514d-9f9c-08e7-d010f541189f;139.147.124.194
luis34@example.net;975-624-1087x74000;a9f93297-0297-72ee-dfbb-15b7b584e066;190.70.207.117
perryjeremiah@example.net;001-728-485-8461x334;08555b5e-b94c-863d-6a97-1eacf15a6647;60.194.87.149
jacobglover@example.com;461.272.5673;79d7a674-e88b-35c7-be48-3aadfb1aebe1;208.118.253.179
samanthablanchard@example.org;+1-339-975-3567;45b99c8e-df46-ac1c-b3b1-063737aa193f;117.67.73.172
jamescrawford@example.org;5243211478;4c0152fa-e70e-12a0-6b0c-58a4fd236759;9.17.2.73
leachcaroline@example.org;001-818-821-7356x804;1a84e722-28d8-9643-a10d-9600539a549c;195.163.0.249
xbowman@example.com;(306)451-6098;35e7ad13-eb5e-52ba-1bbb-2a3b62ff7352;172.195.80.50
alexis83@example.com;970.672.1126;bca6d0f4-9d1d-27f3-513f-c3d3deb4cd9d;221.155.69.133
michaelyoung@example.com;(620)919-5541;769b96f7-523d-5648-aaf7-938e50a557e7;213.168.7.37
hgriffith@example.net;636-825-5140x4430;4b1ab2e3-335c-affa-ab33-7291d64123e6;36.187.59.66
lloydsummer@example.org;+1-252-655-3748;b2a3d726-3c54-3e52-b4f8-d151e51a4972;78.139.154.246
lsims@example.net;001-800-495-0161x667;5b5b4902-f948-8553-8e51-adf5ab17fd67;141.46.37.109
haleantonio@example.org;(542)608-6795x8800;34746bb7-12ac-8d34-91fb-67ce3273628a;204.4.179.221
michaelsmith@example.org;991-313-6839x4196;9bc4d1cb-0e3a-0f15-e431-b30b12a99988;199.215.241.90
terry56@example.com;2282412732;7253ff28-f122-f57d-b3df-03352e5ec58d;207.59.158.108
robert13@example.com;001-449-906-4769x65360;0a13c430-37e1-5164-660f-53200ab3cce3;194.189.47.119
iweber@example.com;001-927-963-6899x1123;93133a94-8c2b-2345-2d32-0967bd33a16b;22.237.75.73
opatrick@example.org;5873580172;8183718f-8c2d-0f36-e586-06eaea1abd7c;201.222.80.148
ashley31@example.com;+1-451-452-1290x2618;7c0420f9-6abc-5c08-cec7-52185df29651;11.164.141.168
gonzalezsophia@example.com;8499962869;dcc63a87-988c-dc4a-1359-331da3578108;124.162.207.225
glennamy@example.com;001-263-730-0008x94943;0fbf2df3-858b-2bf2-bf86-83a4db0b4fc4;178.97.162.57
nicole26@example.org;+1-387-283-3772x90046;47784127-d7e2-416b-5870-2ab52c8c9a86;139.110.244.46
loganralph@example.net;833.526.9739x930;a4f50831-045f-6687-19ac-b5dffb1cffa7;124.246.215.125
colemanleah@example.org;569.524.4947;7666abbf-7ba7-26bd-6dfa-702df0059505;126.92.73.142
curtisjohnny@example.com;537-221-8819x731;4b535d69-4f7a-3c5e-186f-edc7a4b1b878;104.129.25.252
nmahoney@example.com;(284)334-3077x550;4ee9092a-eff8-57a7-1c4d-a2e034e94303;197.225.170.151
ipeterson@example.org;425-272-8045x35069;c343232f-860b-4328-4b96-23eea8eda4c3;72.242.178.45
james58@example.org;001-535-901-2305x24080;6d37e4a5-e551-8cc2-a956-bd5a4b960cee;194.60.148.86
katelynrobbins@example.com;+1-873-797-7825x6769;31bd678a-0690-bbc6-614d-ba2a0ef9c3ef;206.34.141.50
james42@example.net;+1-426-226-0716x61308;50363d90-0fed-b9bd-9722-c100348cabad;166.224.163.238
jillbrown@example.com;908-354-7773x67548;3cbb35ec-a506-09e7-cf9b-d269046acd01;133.185.149.245
dominguezrichard@example.net;294.857.8010;796d6e06-0bd6-88b1-908e-065a4ce59626;197.13.255.98
jberger@example.org;953-231-5586x8316;9a2eb33f-d1ab-0bf0-c2e2-1ae55a81a584;194.199.67.178
lisabailey@example.net;504-747-9185x15566;d1f3535c-179c-56f0-e837-9419ef21b452;132.2.193.169
taylordana@example.net;860.721.1672x04424;f2d6ba83-02d9-fa71-91cc-650dd5b75201;197.9.148.109
rossamanda@example.org;+1-760-720-5992x6539;f4579e82-daa4-29b1-1b62-1d99e1a14676;218.225.222.22
syoung@example.net;001-528-247-4450x414;5b882863-f20b-09c9-3bbb-149db1f7dc69;41.189.45.250
avilaamber@example.org;306.880.9597x246;5972589e-d62d-702c-6a30-6757fed025b9;147.33.188.191
jburch@example.net;763-264-1777x2982;9f255ec8-c076-9350-b60a-331c2c9c20b4;159.38.98.134
lisafry@example.net;872-776-7164x9238;333e6471-c6c5-1606-6ca0-b6c8e267a6fd;217.104.60.121
lopezbrandon@example.net;904.636.7906;de8f6b56-468c-ed49-4b53-6ec4eea9a4b9;31.134.100.172
smithnicole@example.com;(767)609-9778x6655;1de79ec3-af58-8680-89fa-5e8f617f940f;187.7.222.124
michaelmorrison@example.org;658-457-9865x3957;042a8bce-3fac-1a63-e1db-662a525c73fa;199.200.135.203
hcharles@example.org;001-788-687-0289x796;ad1cd050-6ab9-8d40-c172-e66c8641c768;57.141.180.50
phillipowens@example.com;(202)616-7166x0736;1246adef-0e01-dc00-5809-a6279e81ba7e;222.185.252.44
katherine45@example.com;001-489-287-6175x319;d36b776d-bf5a-b3c7-ec98-353246b2dfc2;57.17.12.36
abigailhines@example.com;738.929.3191x0486;7c67a9b0-5859-de7a-1cd8-6ba2ced63975;49.137.202.74
collinskenneth@example.net;707.755.4493x684;7e25dc4c-989b-a9c3-dec9-8f1ece87815a;192.83.150.116
dcarson@example.com;235.769.2993;1da88e39-91d0-cad3-bd84-0885f447cefb;139.29.61.204
kgomez@example.net;565-719-1398;e79669ef-b82e-3434-6441-42ef6624c566;128.108.149.49
yvettejones@example.org;(857)358-8146x380;7a4252b9-6657-aa40-fbb7-a375a4279bb1;195.167.130.237
cunninghamgregory@example.org;651.236.8945x0677;0446c9d1-5193-6f78-b98d-f2f0ae706a7c;204.29.160.251
michaeldunlap@example.org;+1-533-266-2955x48980;d0716ccb-02d6-1673-8b18-d96dd8c12a17;19.124.76.227
nlarson@example.com;420-962-8636x6383;1cf50608-8b0c-dac2-fbc7-809db7b8ff39;47.19.47.198
brian59@example.net;(854)816-2346x6444;f3b6b616-3ac7-4311-af14-ae6728c20a3a;152.82.128.36
dennis52@example.net;374-332-4604;78736ed6-9bb5-08ac-d505-afb78ac3939f;90.138.129.85
sara52@example.net;(893)554-1379;c0509c1f-5317-41b8-4995-c0202d9783e3;18.1.22.225
samanthastevens@example.org;810-835-1444;ac6ccd53-9e68-c6f1-1813-8f214870a4cb;195.105.74.183
zwilson@example.net;001-487-347-9704x1290;1e396bbf-3a4e-3b11-9387-3a3d68d2706a;194.161.243.232
wphillips@example.com;+1-518-597-2550x358;f7ef3b86-b001-616a-e459-c797592a7f32;180.93.25.130
urobinson@example.com;+1-605-364-2622x928;08b5b99d-d397-351e-07f7-7c52772d3b06;48.34.24.121
yhernandez@example.net;001-709-680-5073x697;9bc67997-15a0-9318-22d8-0ce5f0e0e1d3;176.210.42.153
ericmarquez@example.org;001-794-826-1762;6257b968-8f26-4930-a8f0-dbf999d07f04;29.18.144.88
shannonpalmer@example.com;001-392-327-4636;36813d3f-66fa-6593-7ade-0cae594c4a2d;144.12.117.168
ralphmorgan@example.net;001-561-843-1930x452;2fcef48f-804b-e6e2-a1cb-b75e62d02481;185.37.149.68
walterskerri@example.net;810.445.6624x267;811c172e-698e-6a5d-512a-e26cce5d4466;136.88.174.175
anthonyaguirre@example.org;9733413819;cd1dfb66-c689-c6f7-49c3-f2ab84617bba;213.127.59.246
ericrodriguez@example.org;001-568-431-9170x34145;e4c34211-7f14-18a8-f1e0-ce96f9b12ad3;157.188.160.234
sharonhurst@example.com;617.873.2172x54590;f58735b7-cc3e-ee02-8164-fa2b88ca0ef6;196.59.71.24
pamelachang@example.com;796.368.2411x2233;800e4d5d-a5ea-02e4-cbea-343bfd2b1705;218.38.156.90
timothycarrillo@example.com;(911)860-2640x45647;94e66944-5117-c736-c2b0-d6ba9532f921;196.87.253.183
jamesdominic@example.com;7292821006;bbecd6a9-a7c2-fdd6-8034-0d7861448eec;208.250.196.72
laura82@example.com;(498)201-3696x5050;d3807840-25f1-e84f-944b-268c68cd89da;65.14.28.77
pabbott@example.org;960.257.8986x71612;8877307c-e707-cc04-d709-1db6d07ba472;20.175.46.20
grahamhannah@example.org;313.795.3258;78a8b062-58a2-4df8-6a59-8adaa34b6565;20.157.67.235
kellymeghan@example.net;835-392-2571;e6cfeb84-e485-db04-a70d-02dec3cf6b61;206.225.135.226
stephanie47@example.com;001-478-244-5786x9168;0a591b20-0f2c-ca75-34d0-870104a43966;215.149.39.86
preed@example.org;(273)699-7668x711;c03df36e-89e1-f4d9-bccf-c18a56d49612;67.149.94.74
amywright@example.org;001-933-599-0107x474;30275d38-5901-436c-59e1-4c23aaa98163;23.251.174.188
alyssa58@example.com;(749)479-0057;17b09254-247e-cfca-0408-828aaf4097fe;222.212.128.251
karenreed@example.net;+1-490-803-2412x3618;8954e1bc-9694-6abc-5959-66bcd0fe105f;130.162.18.11
dwebb@example.org;917.965.2243;22ed651a-4907-a742-c48d-f5f65e2a4c6d;201.129.68.127
yvonnecampbell@example.net;430-371-9015;46c8b4b1-8934-c582-e7ac-22cc59297fa1;129.56.78.189
hmunoz@example.com;504-346-5111;28b75a98-e4c7-e892-5482-265ff0b9b1aa;185.199.139.141
david72@example.org;914.900.5569x699;9e14b9d0-ca42-af91-8c05-d3abe868cefe;153.122.167.195
mooreapril@example.org;+1-654-594-0004x3462;aee17afc-165e-41a8-57cc-b770a7e50bfd;138.81.211.146
richard56@example.org;(695)490-6559;01020f68-d7f6-dcf4-400d-d224137ada39;175.11.136.244
millerlauren@example.net;907-388-7906x122;3f9bd8d7-f38b-6095-471c-2695f9b5a204;90.149.134.170
sandraelliott@example.org;222-744-1005;fdb8dc1e-a415-b0b6-5099-fd82e0a728dd;221.98.192.109
brian74@example.com;+1-549-394-5250;dba161c6-6f05-7c77-0d06-f57d86d9e5a6;190.241.153.214
lisaedwards@example.net;232.708.6091x549;4dff035d-247d-b096-576c-6ce52d24c0b7;19.24.205.75
jonathanwilliams@example.net;001-933-599-0107x474;5b6db709-4239-57e7-d8b5-a3273bc1ddb6;95.76.52.58
ramseyrebecca@example.org;(246)982-2389;ec0530bc-4b3d-336b-9c54-2f05bf95b4de;167.11.5.40
qespinoza@example.org;2167283093;09f4aba5-e859-7136-37bf-59dd6602926d;170.69.69.253
yroberts@example.net;742-620-7033;7848366f-9272-77b8-5345-7c26f9c8ffa7;51.182.179.133
brownoscar@example.org;(925)372-9636x75053;c9da5a10-f546-4195-05f0-a0698de16904;217.57.211.95
johnlopez@example.net;527.990.9657x0989;6b648b56-c4dc-ac50-d720-9f66909c53d5;213.87.223.25
aowen@example.com;887.573.9336x744;0d1560f4-bc7e-0eeb-2b51-34ac4edfb6a7;220.204.109.42
eshannon@example.com;902.581.8415x845;490a60b8-1ade-d3db-1b00-b2a73f774411;84.170.97.238
williscassandra@example.net;001-334-588-7048x872;55fda1be-66d8-51b4-6710-986b2e67edca;214.96.226.25
frobinson@example.net;(794)666-6165;1012abc0-95c4-fa38-c56b-8b5c8cb713af;147.51.11.154
suzanne46@example.net;001-599-829-0888;50819ee1-4760-6816-fead-f3e95bc93d57;223.254.229.87
kathy38@example.net;(897)576-6751;4b420800-4b94-a590-d631-a22f87ad2b03;70.131.21.33
millervictoria@example.org;001-888-525-4233;f0508169-8e1b-18bf-d0db-8cac8d427a25;202.129.174.39
pughphillip@example.com;(505)466-6449;8d51006d-78a3-5fea-20a4-ebb6ecca9460;194.18.14.133
phuynh@example.org;448.839.0698;5f27261c-0ebe-666b-2cb8-4393c8186b71;33.3.204.117
brucemelvin@example.com;001-938-439-9826;ce295a85-eca4-1fd8-c49d-4e800101bf54;99.111.44.43
michaelsmith@example.com;833-742-8207x2782;71128e5c-08b0-b241-1521-8c7651575446;24.92.9.8
vclarke@example.net;001-646-952-9111x2205;5c721455-87c1-b386-0c5b-6f0916a37254;186.228.217.184
qvega@example.com;+1-919-810-2144x35476;c1102b2b-eb3c-ca55-bd52-dc5ba0bb1398;82.33.127.113
michelleramirez@example.net;495-687-8546x33645;7e1beb5a-2c59-5911-3721-da48d056cd42;176.151.138.127
oford@example.org;(217)257-9128;676391e7-5d92-0291-05ac-5891f70ba646;172.228.45.85
christopherstevens@example.net;7552470452;080f64d5-adac-5d6b-55fb-a67f6891131c;124.2.84.6
rodriguezshawn@example.net;(729)584-0775;45f0fc5d-18e3-3563-b6d3-a5536fcb6dfe;174.2.105.228
christopherhicks@example.com;+1-427-314-6049x8610;9ddea270-0472-fd93-fa0d-51cfa012553e;207.75.157.114
scottreynolds@example.net;807.627.1771x34497;b99998fc-c2c1-c513-579c-3e4a6a8ba839;68.12.61.131
scott88@example.net;464.609.2245x3688;fa186f5d-b6e0-c223-900b-7777d5d17db5;193.94.222.156
janetmartinez@example.org;680.225.9677x3131;b3b0a9fc-a3d4-8067-df31-8663a363e26e;206.224.137.55
shawn09@example.org;001-736-261-3280x281;80cd6ea8-c0fb-72fa-1782-b1c716b12594;187.70.190.28
kathleenwright@example.com;746-753-2282x83773;fa1016ae-290b-2417-a9fb-3d306f0fa1b8;101.77.15.209
lkim@example.org;(243)863-1835;a430301a-d706-e8c4-2912-96964e877f20;142.247.202.163
gutierrezalyssa@example.net;484-979-5298;7be93b07-07ad-1369-342c-17af8bd88605;76.131.234.64
fernandezmelanie@example.com;295.678.1159;8440d6d0-4ed4-c771-dc4e-9451d849586c;30.208.15.12
oweaver@example.net;(866)982-7854;2661cf30-bdab-ec49-e7b8-bb5faf7c2110;53.9.29.212
lisa66@example.org;677.768.6258x93074;ed1926ed-dc9a-eae3-ddf0-e1dbf6b5486c;23.71.144.18
larsonkerry@example.org;265-401-2446x151;39bf0961-1314-d847-97f7-c9ff5aad3e48;6.171.249.219
jason48@example.net;+1-211-860-0408x3077;6090c6fe-da2b-969c-5e23-22054437e516;197.174.213.233
rreid@example.org;804.850.8001;a3c1ace9-7739-51b6-e9f9-b7dd51522572;166.163.76.57
blankenshiprobert@example.net;288-691-9998x5560;8bbb490f-1651-3cdb-1fa3-6a616b36be49;1.76.5.153
jamesmack@example.com;001-954-860-7918x1663;ef9f7c9d-dfd0-a941-6702-9fba181091c5;74.104.9.250
susan12@example.net;001-949-874-3015;b3d71351-f1b8-2611-8140-0db1a8c056b3;90.149.134.170
michelle52@example.org;+1-383-479-4606x92849;9f76999d-91a2-a5ca-a06e-9d015e4ecd62;30.51.8.178
hbradley@example.org;(568)887-2246x5016;2a8b236b-9469-8baf-b6be-2271986557e2;214.235.96.14
charmon@example.org;750.731.5095x65339;52394664-13e3-3cd2-d2e5-34856d789010;28.139.122.173
eric89@example.net;606-323-3179;10cd5f6f-2472-d053-7880-91efa9df3f6e;46.73.173.15
wduncan@example.org;(402)455-4805x01619;084a4d5e-f683-aa9f-c2a0-1143c663eb6a;152.171.100.212
thensley@example.com;629-319-6084;731c201a-d53d-e78f-fc1c-c5623677b20a;4.239.35.183
ashleyvirginia@example.com;+1-770-234-6260x53553;7fb327f4-2d79-0ff4-4b31-0c5afce73026;174.113.125.127
henry74@example.com;001-414-406-1408x480;ca7206c8-6c6f-9a1f-3071-782baea8e93e;197.216.149.112
david12@example.com;+1-768-612-0452x9935;a5634496-9844-6eb4-b03d-a8903e84b563;215.116.151.133
ksmith@example.org;(993)227-1048x2709;508a88f0-60f3-f1e2-d5b6-166408c7b36c;216.52.17.123
williamsmary@example.com;386.549.0906;b27733fb-62b4-2edd-75b4-bd03f0f4e5f1;107.253.116.203
ashleyhuynh@example.com;(507)886-2521x80269;ac5b5f85-6a5b-f461-56cf-4504114be7f1;91.69.111.88
eugene26@example.org;(208)427-7564x5872;0bff0e3d-302d-f136-cc01-a48d0b11e80b;3.100.100.81
cwatkins@example.org;001-701-998-3091x847;155f0666-af23-81ae-bffd-5345597615f0;165.244.63.40
pmooney@example.org;988.986.1623;0014d719-3417-66e1-fe17-e64243fdf363;192.94.217.147
mia28@example.com;001-621-821-1655x0441;7d482771-30a7-c1e3-20f2-3dd4adf64730;129.128.21.96
jacobsanchez@example.net;(938)908-3714;d6854b8a-69fc-e3b8-4cc0-14b3f70a4dd3;222.82.48.189
brandiking@example.net;522.247.5943;391b3be0-72c2-99d4-c5c1-1dd288783e85;221.117.27.183
taraklein@example.com;706-472-9542;91fc0b8b-ba2e-4f5b-5f4c-21b4fd08ac8b;20.101.236.227
isaiahmathis@example.com;+1-817-308-6732x437;1d0505ea-7644-00d9-1660-8b37c481a46d;199.240.252.176
mendozabrandon@example.com;001-653-818-7376x1011;fcc3f6ea-af96-7861-5a43-20fa663597fa;51.128.214.172
wcooley@example.org;001-757-260-1922;a998555d-6e9c-5ada-b826-ba72ccfeb12b;150.118.148.200
johnmorris@example.net;001-601-233-6804x1500;1355b812-d894-9bb4-d7c5-f54c61e8f446;203.94.106.120
hansenjenna@example.com;660.668.8216x30294;2e55bd04-5ccc-7783-b3d1-b9ebb26352e6;181.5.162.142
raymondbartlett@example.net;498.713.1838x857;293a8f9b-948b-a7fd-fd76-0a1a7aaf3062;88.89.139.109
khall@example.org;+1-684-957-3702;0c13b4bb-685c-ec9c-0395-0a8cd6ce428a;213.188.178.82
davidsmith@example.org;+1-444-599-6850x36712;fd2b933c-d501-a5d6-15ae-feabc96d8f20;183.179.142.26
nicholas19@example.net;+1-982-938-4272x492;b59100ad-d22d-06d2-f6b4-35b9486130dc;195.128.35.101
thomaspatricia@example.org;700.722.0324x2143;600d49ac-1d8f-ced8-70d6-c67c14ae1f22;115.169.248.246
maureenschneider@example.com;+1-955-589-7184x11036;a61a6913-9e3f-7c21-34b2-a2e6b52114ee;208.9.48.116
briana89@example.org;213-880-9937x204;d86899b3-da5a-f2d6-7c83-f42f04429478;216.165.40.140
timothysmith@example.com;915-478-2215;7f655fed-3f29-b1f2-6337-65f7d4590f9a;166.223.114.155
pmartin@example.org;496.822.1962x97808;6827f975-0974-ec54-221c-850368d19754;98.168.11.140
nlee@example.org;986-771-7072;247705b0-460c-073d-b5b0-c61a1d140ed4;34.225.99.241
jfletcher@example.com;265.919.5016x04462;8652ea67-f2f9-e268-8fd9-da6c5eae6e0b;208.28.72.132
psaunders@example.com;795-572-6637x2570;5c7366b1-8a95-ecc1-987b-e633bf8e737c;70.248.25.135
jenkinsthomas@example.com;001-469-685-9106x676;bb3faaca-a945-5c3e-446f-0859d0190cfe;137.152.144.234
keithwatson@example.org;(823)530-2144;a590fb92-e072-fe9a-5ab9-a80d972d4f7a;204.52.164.4
jennifer37@example.org;(783)815-4121;249f8ad7-9d26-bf96-32b2-732d55d7d4d1;180.17.225.166
reynoldsjason@example.org;989-738-6543;d5cf4d3b-660c-bc77-f9fa-f299a6434f8e;190.75.89.27
youngmatthew@example.net;479-219-7308x95562;a2b40011-2829-e239-4d4a-28074b39736a;161.3.247.23
melissa97@example.org;254-640-0816;c1c27e10-e709-0060-3c7b-6a841d0008ee;99.134.244.235
jsanders@example.net;(430)496-6749x76256;328f7baf-1516-d285-3b26-83d3eaf7e85f;178.110.0.99
mathisharry@example.net;810.218.3634x485;0356e345-c05a-711c-85f8-ba683931736f;153.56.43.110
tiffany93@example.org;001-377-459-9545x535;17c28b83-a2e0-a978-bc98-cc6d13dc63a0;222.216.182.55
johnsoncynthia@example.com;001-507-517-8583;fba4e18d-885a-21ca-2272-485b48c376c4;74.132.141.26
sdavis@example.net;683-786-5663x5123;627f00d4-0fdc-fcbc-97bc-bec52ca6254b;143.129.11.125
hcarlson@example.com;+1-350-912-8624x512;84b2195a-38b5-a8ef-011b-d37da44e9a2d;213.241.175.8
iburke@example.org;319.548.5042x101;9f740025-aa99-961b-7e3d-6b73366ca0cc;197.225.244.20
murphydaniel@example.net;273.433.6278x103;43fc7a12-3480-70d7-8497-d36e93224eba;18.159.184.95
maureen21@example.org;803-541-6938;16b0dc94-0bf0-1c28-5468-519a64cbc70d;213.3.173.40
kellyjohnson@example.com;992-941-5277x83822;e80bbfa2-6c1c-fb6a-7ed6-0c5a2cb64163;218.132.30.244
mullenscott@example.org;+1-257-585-7000x15403;fa3181b5-4177-93b1-3cf2-4c371c6691e9;145.251.148.220
rossangela@example.org;5107185389;e126fc48-9271-8b5a-00a9-d508c562c0b0;187.176.113.44
mary39@example.net;+1-644-346-7094;f305be96-c11a-af69-08ac-d022a25edfca;50.105.96.141
leemegan@example.net;+1-925-665-4945x740;117cb470-c1f9-92fb-16d5-d14af8d755e0;145.126.36.56
pcunningham@example.net;001-757-860-1878x26851;10a06638-6cbb-47e6-6025-5f35100b305b;215.28.110.48
thomasmorgan@example.org;617-552-8440;54ea87b5-bb49-e33d-d392-79ef51a2b07c;13.100.82.233
seanroberts@example.org;+1-923-274-3373;1a0ded6c-c8a2-8f75-6a7b-10afe4979c63;216.250.252.137
samuel19@example.org;8567522547;b3119260-4da6-cd92-fde6-9cc279f7c609;139.151.84.51
pandrews@example.org;(448)780-5374;51846e52-972d-f414-ac4d-b8a47a952af9;108.78.74.220
andrewpowell@example.org;315.989.0474x1029;4300d132-b7c5-8065-b1bf-07846e2a036f;37.28.170.191
mzhang@example.org;520-391-2619x0704;1604233c-053a-a0e1-9883-3034c6cc538c;207.223.201.181
gdavis@example.com;977.262.3679;aacdf055-089d-58d8-742e-45b6e04d399d;16.2.206.37
savannah85@example.com;001-632-345-8940x53388;e7385103-8a38-97db-1fc6-33dd9dd78892;102.55.115.77
xortiz@example.com;+1-820-276-9402;d72511c0-e7e8-c038-a8a5-7fb64ae8155b;169.62.186.170
pfranco@example.net;438.200.3161;f42c0a95-416d-a0e5-e0e4-9e8acc051b20;187.142.146.76
walterandrea@example.org;(610)393-5609x35189;d9d43ba4-b123-5095-b09a-ab27eaeac52f;33.107.141.242
ohenson@example.net;001-589-805-4493x28883;87f624fd-271f-42e7-8265-d1e5e4c21f75;34.246.124.189
stevenchavez@example.net;666-346-2582;fed93d6f-0d29-55ee-a2aa-21a309bfaf22;103.37.213.70
aaron51@example.com;+1-597-212-4615x2995;ee40bf11-6cef-396b-8a61-8f9fbd81e367;58.164.89.186
oconnorjeremy@example.org;+1-365-239-9498;ff6fefbc-6e1e-11f5-b84e-a073621896e9;221.80.146.150
xwalsh@example.net;510-820-9409x3447;779ec967-9de7-b127-e8b5-18997086ed35;185.246.186.206
kelsey58@example.org;001-227-752-3542;9331da78-2937-950c-9f67-32ac01f7980c;156.201.174.132
hray@example.net;001-927-772-2383x82804;e8c0ca52-b074-1412-b1eb-7432816ada7d;206.147.164.179
greenzoe@example.com;4207538960;0dafdaf9-b2a0-aac4-0fa4-050027adcfdd;159.219.30.70
joshua29@example.com;955.581.4396x37967;9d854c67-240a-6a69-004e-cbe2f08b123a;109.112.101.218
uschultz@example.com;(266)439-2090;ba9a7833-0dbb-bc92-9b40-918a19d73449;16.250.4.255
holderbrandon@example.com;635.592.5527x691;962477df-8be3-06aa-a955-fbbad7a9a3c8;201.242.21.27
kathrynmorales@example.com;9618861714;88bab8de-4b5f-8e04-28e7-40a30c5440a1;196.106.192.122
chelsea28@example.com;770.979.7171;942aeba5-03c4-7e71-1a9b-4e3bda8afcbe;190.79.78.145
kendracollins@example.net;+1-892-736-8043x9157;eae32f11-1ad9-4d90-59d7-92f03f614f6d;153.27.243.119
richard49@example.net;+1-203-370-2968;485ad797-d752-d0e3-f5db-ae6792e8aa00;118.229.1.148
erinlowe@example.org;(287)836-7753x934;f5803063-f6d0-e680-02fa-812ffe0aaafc;131.51.251.45
moorerachel@example.com;+1-373-774-6457;a5309bed-148c-e60c-d04c-69d5899b8ef1;211.188.240.24
isaac74@example.org;(630)507-0563x5026;e8cc843d-1708-df3b-f3bc-256729df9ff4;196.218.227.219
rcoleman@example.com;+1-870-293-0038x234;f068e594-7b48-c095-3fc7-280c072b588a;214.171.124.50
stewartalbert@example.net;001-715-231-9721x8373;8c50a177-32a5-bf2f-e818-a6482a5bd39d;222.134.194.70
sandraelliott@example.com;695.839.4816;5de08700-befc-5ab0-6c86-2404018c2964;198.216.68.101
elliottmitchell@example.com;569.782.3203x611;dc827260-513b-3b79-5a9a-2e577339169e;185.118.176.39
heather07@example.org;+1-902-848-4288x43570;5cee3053-0ef3-e6fe-c9ff-575bd5b8bb3a;141.144.179.206
eric03@example.com;001-569-867-8816;f5e179c4-92de-fa98-a057-803b88c03a9b;129.145.86.229
gutierrezkimberly@example.net;+1-520-789-2343x47861;a6bc7ad8-9eba-2f20-ead8-4a25612e5504;51.108.19.185
ericksonjared@example.net;(409)812-3339x60351;a2855d2f-8ed1-cd68-11b0-d8984ff7fa68;223.167.203.211
younggeorge@example.net;999-649-7103x93764;77d018a4-eb78-f0d2-68ef-b7ecc98c5362;69.25.97.179
andradetyler@example.org;4915974865;54a8062f-4f70-123a-680e-f85a14eae37b;204.2.155.17
moorebrent@example.com;503-749-7638x575;23d0fb21-9929-70e4-1373-b80004743c1a;135.77.98.148
gonzalezjames@example.net;969.732.5737;475ca869-6304-170c-c908-3317f3c92cb1;149.50.23.200
gary92@example.net;001-757-260-1922;eae6f357-0e04-302c-3d13-e0916bfeb7a6;150.118.148.200
cesar53@example.net;+1-756-246-0752x4050;b9f3c37d-fc6f-0a7a-7802-88505112b6dd;105.214.98.160
abbottsamantha@example.org;3302244165;7457a469-241b-02f0-ef63-7bd5f06348b6;87.189.249.9
david21@example.net;441-280-0997x3776;64f135f3-9071-ada6-1be8-c26514582aba;216.118.243.51
melissaking@example.com;911-920-6168x036;43089f3f-1851-960e-863c-4a9cbe81b1d3;147.87.132.12
daniel68@example.net;001-502-753-2309x8378;23542870-1b7f-acfb-3f8c-0d837d51a6e2;145.61.104.110
victoria73@example.com;526.480.2396x6468;c93dc780-04bf-f0fb-3d50-551ab0eb51a3;55.156.227.105
bking@example.com;840-503-2303x3007;149d3e30-3838-a883-4897-60dd469164f5;173.132.9.86
carrmichelle@example.com;(295)369-8640x928;7cf75eaa-3606-30fa-f202-e833f87cb9a7;156.109.148.58
sarabrown@example.org;488.500.1401;295d28a7-433b-c3d1-2eda-defb2c99a6f9;205.5.17.239
glopez@example.net;7149833317;1cda90fe-840f-d4f6-17c0-631101c72b1f;131.151.83.175
cadkins@example.org;(459)676-0653;2f4e4dc5-a824-d7d2-d58f-0c130f3838fd;142.10.197.220
gonzalezbrian@example.org;(663)858-7871x44332;5c892465-20ba-099c-416b-5834ea8f1dd3;180.191.131.227
kathrynmorales@example.com;555.253.4589x85652;9ff86812-a00f-356c-bbb0-b45aea579d2d;196.106.192.122
robertwhitehead@example.com;(286)607-4191;4d7c4117-c307-0d20-7fea-a98988000908;205.85.160.142
ierickson@example.net;943-924-6830;54b1e3cb-4991-01a2-1de6-58cee67d195e;157.140.220.41
campbellfelicia@example.net;5596424152;12b2b3e8-e926-c717-631a-122d25900819;3.227.239.83
robertsstephanie@example.org;001-621-952-9180x180;dc275abe-ead1-36a4-5c6e-3e6f10dcb4a5;156.166.77.34
duncansarah@example.net;(941)890-8969x393;a85fe634-1a1c-7f4c-e608-adbd19d2a9a8;147.137.84.24
qwallace@example.com;001-373-603-9080;c08b29e8-1450-b805-1ec2-6f168f3752b9;222.36.220.217
sduran@example.org;205-526-8316;a5e5e5d5-17cb-aea7-3bc5-fdd3a2f30175;28.149.37.250
jacoblarson@example.com;(440)770-4562x908;2a987c40-1575-e7d5-986c-587a12c41edd;187.25.229.25
marcus45@example.com;884.946.2616x5050;89dc17e0-6125-3079-e542-cc4d120e13ff;156.54.180.198
david26@example.org;2957068461;41adda2e-75f3-71fb-6fd4-66293753c136;206.225.12.86
martinezlee@example.net;(440)972-6586x59296;49d3a8a1-81ba-95e0-a62f-8f1f7e54e967;217.139.174.42
travis72@example.org;6372091575;0d68d591-1888-ac9d-62c5-7086108915c7;176.250.169.91
david26@example.org;686-788-7915x64799;e91c35d2-2033-24e0-6ea3-b6c340f3c405;3.166.193.173
glawrence@example.org;+1-862-919-1682x303;6af10bd0-6e25-ade5-cf7b-3dd6b5c64c31;29.84.243.36
loripowell@example.org;(597)698-0111x13745;4a428f2c-1688-b6c5-efbb-a1b78a1a07cf;214.59.87.157
megangould@example.org;001-477-515-9930x19511;e6cacfa3-53ad-e571-4a0e-f8f328015714;162.33.43.187
wflores@example.net;(404)614-9204;bc48b57d-7a9b-2407-c7fa-6fb4a80ddba4;213.4.21.201
matthewflores@example.org;660-420-6303;edbbc32e-b290-4a0d-dba4-07122f6eb25b;140.23.151.21
patrickbaker@example.org;239.560.1960x27057;5c707f6e-1d99-0cb4-4680-34971dd7f9bc;214.137.180.182
sandersamanda@example.net;(682)216-7694x0446;6597dac1-80a2-eab1-1ec5-d37f9ada6b6a;165.155.213.132
samuel67@example.org;(564)220-9410;aa3342db-6186-7c59-3a18-34bf6d2d355c;33.3.204.117
carrillodenise@example.org;911.595.0176;6fa91929-435f-3392-fb8d-065cd095e9c0;200.197.213.138
qschmidt@example.net;+1-454-350-1218;e8a870fa-5410-e7b6-1ba1-8f07475475a4;90.44.122.165
tiffanydillon@example.org;640-597-4942x11623;f3e81085-d987-d140-7e5f-e9536e9d15a7;140.45.15.158
travis65@example.org;209-724-3857x18404;30be9e38-88ab-9f5a-82a8-80f7f49ff13b;79.222.248.115
morrisbrad@example.com;(953)762-2622;ef373101-8b38-3559-9b33-a8f004d28451;214.25.44.104
kennethmartin@example.com;001-241-484-9257;f6f5f688-1b27-82e1-9339-a9ba3c7df3c3;213.150.207.243
brett71@example.org;6689394095;7f22926f-fad8-74d5-4aec-075fb248705b;109.8.113.151
lisadavenport@example.com;975.389.8910x09533;7ea9d750-e504-3570-c1f9-8d0f491345c4;119.124.226.72
mcneiltanya@example.net;001-603-432-6061x140;213fe5b7-7f2c-a1aa-ef48-00423459baf1;207.210.170.118
xfrye@example.com;472.450.0822x9353;a77d6974-3260-1338-a94c-4c052c11c165;8.107.112.44
currykristina@example.com;001-352-566-9411;f9c893fe-3629-59cf-f048-966d7100fb31;221.145.117.201
leejeremy@example.net;+1-942-374-6570x6920;91a3318d-4cc4-45fd-43b3-605139db4d5f;152.219.112.69
tina65@example.org;+1-372-341-5827x63580;e0dad615-fb86-098b-c48b-2a730c88c193;194.22.189.58
wendyramirez@example.com;773.758.8737;096191b3-60eb-fa1b-3d58-45677c0749ff;7.198.119.218
griffithcody@example.net;(700)721-4939x640;a1575352-90af-dc58-ec04-72bf6f4bd33a;73.127.162.157
dpotts@example.com;001-882-867-8329x27300;3c3fd6d3-bac3-d9ad-8ae6-1390608e255e;39.97.237.34
cynthiapearson@example.org;945.825.6724;ab6157a3-0d2b-2fdf-60dd-dbcffb978f0a;150.252.203.96
fuentesamanda@example.com;001-231-659-5474x63821;7ee80612-f6dd-2a57-7530-d6e5cf70dd46;214.56.255.161
davisfrancisco@example.com;3519922084;08cf59cc-3bb5-8b8c-085b-89755d77fe8d;29.45.23.250
jocelyncisneros@example.org;(597)396-9291x240;d66b6949-2b14-77ad-3433-533d773d4814;223.204.134.44
thomasashley@example.org;501.805.3048;7357a704-041e-6b76-c797-e7d015931c65;42.247.210.168
williamsmichelle@example.com;+1-448-939-0010x92937;31ee0533-3d7b-b4aa-209b-077df98606dd;158.199.82.66
mharris@example.net;(742)310-1873x775;98751030-f4c1-256c-79d5-9b3cb29b8a11;114.97.39.54
wayne17@example.org;001-919-383-8152;77b37777-e1c0-46a9-f9f6-319849956d02;220.85.163.198
kristen06@example.org;(750)510-9133;bc6f6217-05bb-479a-e6fc-a6fa2f6fd650;4.99.144.80
john98@example.com;980-912-2494x994;00b74f43-b324-c48a-fb37-9e43d784442a;192.88.177.62
justinschaefer@example.org;(694)310-0718x251;fdc0ce21-7723-977a-b4ab-c76f2abc9bfa;135.76.77.58
victoriapadilla@example.net;478.946.4457;80de2c30-0a11-e544-c2e2-7d2d6bcf76e2;56.230.199.132
stephen69@example.net;471-608-0713;11b010c3-2413-7a71-8821-3986be377020;122.175.173.147
scott06@example.com;(818)263-8005;341cac1b-f78a-3bc6-85ed-e720b865233d;45.25.196.245
philipcunningham@example.org;+1-573-309-0045x7836;45f6fcf5-4d31-f774-cc80-0e7179f553f7;197.241.3.86
aaron81@example.com;367.504.2959x437;9d45c734-6c20-0638-ae9e-b7385d553ea2;188.45.204.78
pattersontracey@example.net;001-379-511-5656x1707;8f5aac18-d2e3-61b5-7849-e1c4beb1cec3;169.180.44.92
ojohnson@example.org;811-386-4551;c9015fff-41e8-7089-74ad-11cde1ca63e5;67.136.184.102
evan82@example.net;812.683.4750;df023117-7cca-357e-d407-86db7aba11ce;208.194.46.156
rachelbrown@example.net;389.755.2018x55114;955314ed-796f-d077-3732-a0fba78e7f99;202.205.46.13
johnpeterson@example.net;001-293-446-6689x7026;f19a2321-559b-c280-cd8d-513656e710b8;145.33.104.135
vfleming@example.org;001-899-958-8139x642;a51bedad-36a6-a4f4-feb6-1d06e4a06a8e;136.90.132.111
paulsmith@example.org;+1-717-674-8160x96333;000cf980-7016-6069-2d93-4652ea1ad92b;188.234.78.72
howejames@example.com;001-501-827-1069x62458;c4c55f5d-8d73-6196-9105-99f0986a5557;188.252.13.144
thomas36@example.org;469-765-8762;5a918935-3918-9466-34ca-5cbec5dfa9aa;198.111.255.67
hannaadam@example.com;+1-446-243-9996x6440;5109edb1-2998-c214-9ee9-cd587bbfc80b;113.172.164.186
wrightamy@example.org;5198397887;e936118a-e20e-4169-05df-3485f65dd37f;202.148.210.224
bryantdonna@example.com;225.658.0135;3f296b14-b82b-e9b9-6d81-d0872ab95041;204.176.17.226
slong@example.net;2706002710;85c89c6b-f02d-f051-d082-8059aba819c8;196.163.194.48
trevor75@example.org;3652781316;0e2daaa1-e929-e1d9-883c-7230cf6b93f9;64.171.181.233
thomascaldwell@example.com;835.219.4948x8193;b70cd77b-404a-eaf5-f93a-baa5e84c9dbc;124.162.207.225
gregory04@example.com;001-684-233-4281x07605;75f2febc-0991-d696-0230-695ab2dee8ca;158.87.69.84
ylynn@example.com;931-873-7588;4462391d-8dd8-2134-4c76-b6506027de11;157.91.28.116
qmccall@example.com;+1-342-593-7811x2439;60227981-bc06-13d3-001a-b272b963f992;17.244.37.176
wolfjacob@example.com;689-462-9113;8d837fbd-227b-af38-5460-0366acca1994;201.48.236.45
lramirez@example.org;6355748427;39b67cec-854f-31a9-ea1e-a85d753202df;162.234.205.3
teresa14@example.org;799-275-6931x4116;4e5febcc-abf6-c2c6-1a76-577635407884;163.121.146.137
gterry@example.com;(919)485-2798x2623;8a76aefb-4db9-d03a-0d77-b802acb55ce0;74.20.191.191
kathy52@example.net;909-509-8024x10564;088de75b-486d-f1a0-a871-f47a322ab0ff;158.121.52.161
erinmartin@example.org;844-394-2079x354;5b1a2d91-04cc-03d9-f3d9-bedca826099a;217.224.251.3
hbaxter@example.org;+1-793-956-4795;47f5c11b-a769-5c7b-f399-890c62cc066a;199.164.29.57
ritabrock@example.com;518-662-2965x335;e70c9cac-37a1-9456-248d-d063d2523516;132.153.83.77
skelly@example.com;838.985.0982x3374;e1c6ad38-4b5a-1e23-2d6c-d55f60de6694;131.20.55.148
sanderscynthia@example.com;+1-768-862-8289x05168;fc6dbcd8-89cf-d0b0-9299-2694aeef20e5;25.44.197.82
julie34@example.org;235-587-1405x4610;8991d22e-d98a-f576-aae2-2086993270b6;160.182.47.175
deborah27@example.org;+1-684-957-3702;5fde105b-be4d-450e-401c-1e237776764f;213.188.178.82
perezbetty@example.com;+1-760-720-5992x6539;e1fee85d-d81a-8583-ab1b-70f727035fe1;193.39.200.9
edwin39@example.net;+1-356-204-1499x77200;c22214ac-0d7f-6f01-b200-e36d482aec60;208.230.208.132
sparker@example.net;001-367-964-9414x781;0e78b4f4-da73-fd61-a6ef-f69a6d3767a5;157.64.96.122
melissasheppard@example.net;988-268-8323x705;f46f2a72-5ab2-f493-1cac-d563792f5c62;146.98.215.218
eriklopez@example.org;001-677-641-6724;2a7ae020-9feb-7708-edd9-f8beef9cc6c7;5.57.180.156
elong@example.org;841.437.2686;989abb3f-1e44-4d9b-ecd0-0fd57ce90317;151.187.75.150
david75@example.com;001-456-805-6175x971;2a046c91-ab59-0091-370a-a31c4a36ef94;209.113.194.165
thomasarnold@example.net;218-535-8529x894;86c8127d-e0bf-8825-ac4a-889df30b2e58;207.19.140.238
laura86@example.com;+1-955-883-3735;76d2ba35-68cf-112e-f4a8-9b4299ec0190;141.146.227.125
robertsonvirginia@example.org;001-668-575-7641x7635;fe27e2f6-b226-752b-9b48-2b2ecac61d83;149.70.10.131
martindebbie@example.net;410-756-2810x579;7c780b8d-a7cf-7d49-719c-8feb3a4dfdaf;200.199.84.77
erin11@example.net;001-723-249-2871x805;3656ef47-9789-652f-a05e-a68049e62938;142.4.113.28
blakealexis@example.com;2249240992;bb1e9430-3157-d6a7-4a06-f970ae669330;157.64.252.28
colemanrobin@example.com;4353511140;ca22fe20-2c4f-bc8b-33e1-98ae9e87dc46;137.183.157.224
tracy47@example.com;001-684-396-3628;4dd13346-b716-6530-ae75-06ef6a9cbb09;192.108.108.243
kevinanderson@example.net;650-852-5798x593;892ea347-4ec5-9889-ce09-023a701f235c;50.20.69.57
jennifer20@example.org;595-722-7806x8535;d37b22c3-8d3a-415f-cf36-3c131e15e154;175.132.192.28
heathermiddleton@example.com;753.346.5720;8a0d3856-c6d2-0b68-844c-c9d8553da8ad;217.10.143.56
wmoore@example.net;(523)769-5370;44cc468b-8a38-95a9-6683-56c05f7f9c48;58.5.26.25
tyler89@example.com;937-914-6847x90109;20d17028-a3ee-203a-58b3-f2480ab2a734;53.182.204.44
paul50@example.net;8326995406;728a9fa8-e620-e338-cddf-b0aac5fa79d3;61.212.81.75
rowlandrichard@example.com;(636)720-2386x472;42a591a3-fc32-901b-9f70-0f78beb34895;9.92.194.165
burnssarah@example.net;001-771-227-1982;581be4bd-5de8-3540-b148-98de30ba5cec;206.195.107.105
goodwinjenna@example.net;(586)295-3365;feed5556-a7bf-1b49-7ae0-bd1cb622357d;36.30.198.247
ihale@example.net;+1-625-936-5193;95918bcc-5e91-09b3-6ed0-bcf23f7b328e;141.1.26.127
patrick77@example.net;740-228-3787;49130da2-4ec3-80e7-f2be-c8e54281053a;99.22.25.206
emosley@example.org;982-807-8569;225171d1-80db-d16c-d7f0-523cc1e1a4c3;94.169.150.61
donnavelasquez@example.com;5938009052;289a5289-a6bf-3516-5aaf-f9a5a7be0b0b;62.136.221.15
lucerokenneth@example.net;+1-394-970-7108x80417;23012f6a-1358-50a1-5c73-d3ed00115ae6;183.117.160.191
fcarter@example.org;+1-499-398-5177;49e697e9-7d58-5cf2-4855-c92fb5a6f32e;219.199.78.42
rebeccabarron@example.com;(655)414-2448x2344;9722a0a7-2eee-42eb-c352-01941eca63eb;206.58.41.139
michael60@example.org;+1-981-480-9773x60920;3e9b3919-3536-44eb-708c-74e5a6113ae8;133.228.170.209
trevorpatterson@example.com;+1-967-939-7008x7985;8fede3db-0e1f-bd3c-6ba6-b328f184b950;116.254.234.189
popefrances@example.com;5777599238;9cf93d4d-abdf-4288-8429-2e4bf524fc05;191.228.109.163
davidsmith@example.org;274-986-7522x9882;fd2b933c-d501-a5d6-15ae-feabc96d8f20;183.179.142.26
garciadawn@example.net;2383874469;2ced6209-63af-c809-eadc-301ea7c4e935;204.138.70.128
kristenmartin@example.org;+1-876-242-4866x8257;d17e25cf-6899-12e8-7231-cfb91edf45f7;196.229.136.127
edwardrice@example.org;(317)674-6829x6249;c9dbb8e5-c07e-2134-c893-a69fb13e91ea;65.52.84.158
qpena@example.org;911.346.1107x3821;9b21c78e-7fe0-ce1b-d11b-0ecf16169e13;118.148.205.11
leahtaylor@example.com;001-770-654-6241x60905;d3c1ec23-7098-4828-34b1-e27d48716b1a;199.40.168.88
antoniostout@example.org;358.493.1953x3598;0d034755-88c4-bf80-d7e7-293628b07bef;135.227.34.165
lhendrix@example.com;(897)581-3334;8459a9d0-0a90-f22a-22c3-5481d0904f03;85.233.159.234
beverlyjohnson@example.net;286-843-3845x5322;77997120-cd56-7ef4-c10e-0f18fc5cb523;32.119.95.88
hunteredwards@example.com;(375)932-4349x8602;afd74dff-b232-aac6-21ec-9e4fb04096b0;59.227.19.183
jennifercastaneda@example.net;3885298547;43da7be1-81bc-b0d4-e2b2-3b18f43daa4c;138.27.212.0
hchan@example.com;403.580.0197;c1307531-f4c8-a230-d26e-e905ad60914c;34.10.232.211
brandon69@example.com;(805)607-8377x66768;bbf68dfc-136c-e18f-206d-f74c56ef2af3;107.86.232.163
denisewilson@example.com;(744)765-7379;3a7934c3-dad6-637b-c078-feea6c2793c9;138.163.82.30
danny97@example.net;693.343.1402x747;b97e10b6-0a86-7704-e5e0-851bbd7a432f;160.38.247.63
fergusondennis@example.org;001-283-456-2536x61225;aac254c6-c08f-9fe0-4579-92d42fa84035;167.89.214.160
yjones@example.com;552.280.9921x723;e16de4cf-ccb6-d845-435a-a9b8520971ba;161.186.252.96
hollowaydeborah@example.net;+1-637-332-8999;8ba652eb-4b3e-d1ae-2e8e-942f89a8dc81;133.196.210.233
benjaminmarsh@example.com;446-835-4093x27872;0e0358a1-6f7d-a55e-f13e-df918623b7cc;221.167.69.42
olivia43@example.org;001-570-609-0838x280;fae84c3a-2850-cbb7-4b4b-ed0127e48576;139.87.128.191
eric08@example.com;+1-996-208-9125x155;ed18bc67-5709-76bb-b950-1843640c612e;217.37.20.61
michaeljordan@example.org;336.694.3719;66ff3bea-0935-b22b-d693-19d9469780b8;213.213.76.234
kenneth66@example.org;405-902-0223;64ced8e8-226b-32dc-5617-d8261d52fb68;108.85.234.235
kellyjohnson@example.org;796-605-6380x4555;da90d097-b6cb-49da-c9ad-7e80865a1cf0;131.120.153.201
hparker@example.net;+1-468-985-9433;29f05462-dee5-5162-1018-c88dcd5d4ef6;194.249.48.140
curtismonique@example.org;001-407-324-3546x7714;09a99854-32a2-ad03-6e14-07f30b873b36;158.28.229.42
cassiedaniel@example.org;+1-636-605-1244x29523;dbae3876-e136-fb8c-fd0a-b97562d5ebde;141.85.115.30
dylanevans@example.com;448.512.7779x37295;bba497e4-e8ff-c741-65a7-ed663b355d99;207.117.75.4
vle@example.net;5556491230;634b72ce-6efb-3ed7-4c69-41774fe9aa34;223.196.248.152
vanessa83@example.net;+1-851-413-8687x7727;2d917597-08ee-5e1f-bb03-72ea59e05b23;174.103.61.216
vchristian@example.com;737-472-2386x603;4b4bd422-f418-dcaf-68c1-1a157a21f314;37.12.176.92
hancockhannah@example.com;975-635-0032;1f10c0dc-079f-35d2-a1e4-d867161ad078;142.228.245.4
smithaustin@example.net;678-354-2833x9306;42d59487-6e3b-069b-cffc-495ae1f423a7;133.246.146.53
chasewatson@example.org;+1-593-630-4168x779;3543e1f3-9e52-7191-126c-09f4331c90d7;201.206.109.3
sharon49@example.net;794-263-6911x31624;c3909aa2-45d2-b009-0009-0953a1206f8c;32.254.199.40
aperez@example.org;749-576-8494;43265171-91ab-a0f9-ccb2-da49949e38b6;111.79.77.223
jeromehall@example.net;(332)533-0494x8305;9d285e02-5baa-b0ee-b9bc-184bb2c01bc1;221.132.185.31
robertchan@example.com;836-657-4461x39401;bae4f830-b6ff-c255-1b39-839544cab6d4;184.137.104.9
phillip34@example.net;999-540-7996x0377;3967b0f0-5646-4cf8-5daf-4d345da7ecb9;222.209.73.21
mckinneyjulia@example.org;+1-325-656-2356;8c8d85cc-d5f5-9c5a-8f11-32f7339c3a83;223.74.216.47
brownbrian@example.org;001-952-614-1789x2583;99b5f964-fcc3-e14c-52d9-fd0f66fbb856;17.172.113.41
uhamilton@example.com;869-455-7144x17616;763beb73-8b5e-e9c0-0ec0-dc82e3cf8293;207.233.232.168
higginssylvia@example.org;706-399-6083;13a87ea5-eeae-a812-e41c-752ae60ece12;142.150.230.219
sheila75@example.net;479.580.1591;d6368419-3790-8ff3-9ca7-988a1b5cefa1;39.101.219.63
joshuajones@example.net;465-281-8905;e2bfce18-a6e0-a06f-7020-12fef2dd4995;212.216.36.237
hmata@example.com;490.604.0894x588;65284259-ad32-40d5-3e8c-43232b36f0ea;182.154.219.53
williamjordan@example.org;935.748.2490;aa222b81-8534-eb86-33d3-05be799959c6;175.32.81.140
brendaparks@example.org;428-966-0746x358;0d63a5bd-0a99-6ca0-8d4b-b2a08e20843d;162.193.23.221
stacywilliams@example.com;+1-572-655-7506x1887;fde7d739-fb7b-5a76-ce97-8c0c8e720ffe;218.204.198.124
daniel87@example.com;2183312469;9e3a9471-dc30-7ab6-683b-6d06c620638c;172.35.234.174
vwallace@example.net;001-759-418-8353x131;6cde55a6-4b8f-1859-0025-7b94c2f7fc0b;207.100.176.114
shannonjeanette@example.net;001-578-362-4356x050;6a5e1909-ac9c-0110-d57b-7c14f51fb774;134.228.186.169
nicholasgamble@example.com;+1-306-860-8946;e1ec72dd-5556-c6ef-adbf-db16fd455515;203.151.121.58
eugene26@example.org;+1-291-985-9415;7d87d4ed-01d4-1cb0-ff51-e500acebbf7b;3.100.100.81
yangangela@example.org;+1-349-922-0942x6866;a9d4a93c-c376-3f53-1986-b2434ed58711;144.61.83.237
grantbenjamin@example.com;7825455384;01a2e6ce-5c10-472a-2e2b-58d3858f9bb0;93.80.109.60
holly33@example.com;(768)233-0898;c1496937-cd70-be59-f4dc-2a4f20bfc0e3;15.51.78.225
mfoster@example.net;(894)740-6345x850;944d08f8-dc08-98d6-1fa5-491787f61fd1;201.150.210.165
laura01@example.net;975.561.2608x9788;0d359ffe-237d-3e5a-f045-f6f842e70206;113.133.219.226
hendricksmelissa@example.org;(779)597-8404;d33ebfe7-3350-b6e2-25e3-1edcbcdf3911;74.242.251.46
ufarrell@example.org;440-317-6435;54813b85-e73f-8438-b254-a70630dc425e;40.56.58.21
pbrowning@example.org;589-580-1513x55006;da035343-a2ee-f08d-79f6-94c66b5362a8;193.189.208.54
ashley23@example.net;7729331547;e4d6c2fc-565b-f986-3f95-5724b7217e27;164.165.157.205
alexandertyler@example.org;(219)419-7188x012;f11d3529-19ca-fb4a-0b96-c13207a55452;63.227.24.228
jasonspencer@example.com;811.695.4705;9a760bc2-e391-8807-5347-d74e6cb4e23b;87.89.106.59
cthomas@example.net;+1-675-848-8934x675;0807168a-295f-3746-a8ff-ae3958ffcd39;195.88.245.94
andrew22@example.com;4032552194;5c39cc46-cd5e-f2f6-d0b0-4653d142ef26;164.56.93.111
phillipselizabeth@example.org;392.373.6882x244;1dd634d4-7058-83ab-a03a-e94852266057;55.62.149.24
kelly31@example.org;001-469-215-5858x439;c4acdf25-26ec-d440-f47b-ee4a20c8bb5f;219.85.51.142
lynnsummer@example.net;001-739-412-0230x4142;ef7aee05-313a-d69b-5e1a-0c87b76b6bd3;222.156.54.25
thomas38@example.org;231.297.5048x939;72c3fb4e-fe61-9e92-3ff8-0c5f28f2224f;136.194.168.15
brownmarissa@example.net;+1-366-537-0842x56383;64b531ba-05d1-1912-5956-699753253693;192.161.190.50
haileyross@example.com;+1-788-304-3499x685;96ad4eff-7359-cadf-2c01-ebcf5aec4e72;220.254.201.92
thorntondarlene@example.org;855.638.4887x584;f7c23f36-fb8f-a94e-23d6-a30ec6d87960;169.3.193.29
rhardy@example.net;(771)201-1876;620041ef-e419-6617-1e8b-dba84e48ca16;75.189.33.19
debrasteele@example.org;001-242-415-6732x2921;531faf35-21e3-f615-5ad8-b1f520ba3941;11.175.195.138
millermario@example.org;3128065191;665fa5f4-e7ac-4e1a-5aef-a6561b59c286;19.29.5.111
katherine28@example.net;(979)486-0548x677;468fe57f-6212-ec1e-58b5-0113ffbe7200;203.19.24.249
rayarnold@example.com;607.889.0259x870;a32b0fc5-9a34-fc29-b792-83c71238c4e6;4.63.51.105
stewartmary@example.net;+1-368-302-0440;23bb9be6-7c27-7e23-65fa-b277a51cbfea;2.172.8.103
ktucker@example.com;703.457.6457;e4a86a5e-6bc5-467c-bb2b-85a272dff243;35.86.93.217
pauljordan@example.org;(594)509-2797x1564;c53a54b4-4694-05b3-70f5-92aaa6cc73df;31.104.83.225
edwardstimothy@example.com;(971)274-6727;18827a47-a658-d85c-f1ed-bd4519e93e46;216.96.125.15
thomas85@example.org;640-285-1475;e604cf1e-cdc5-92bc-3d35-7d18d3da0443;33.134.151.215
dustin68@example.net;606-323-3179;e16b0a05-1542-1e66-925a-4f4f971c1f67;130.249.34.37
billyhamilton@example.net;845.986.8744x6315;da376661-0684-595e-8aa0-bedb050b2177;141.239.71.120
hneal@example.com;409-899-3714x16633;8f15110a-72d9-900a-05b5-7fa107b5a024;200.145.155.74
kylewilliams@example.com;4788141467;5e7bfdd8-8b43-6fb7-4e91-a11e55702d2d;121.217.13.139
georgesanchez@example.net;388.890.8662x6626;bca5cc76-bf7a-8eb2-eb54-3874356ef681;136.46.49.216
charles16@example.com;(275)277-5520;c812f89d-a783-0908-8c79-04ff82b91e59;166.163.76.57
mcdonaldjennifer@example.com;+1-287-872-1100x4694;79886920-0cb8-07e4-5e0a-0e221025cadb;180.184.160.40
markrandolph@example.com;+1-807-726-3929x57599;8d0315cc-147f-7be4-ff7b-e9887a8459f8;82.186.215.43
joseph97@example.net;+1-257-696-8335x39321;2b98f683-9f11-a898-59ae-9c377a98241f;122.237.76.205
wmiller@example.net;798-278-2524;2abe14f9-02d4-120a-9107-680249284a95;159.187.208.213
paul53@example.net;+1-559-509-3042x3799;5327efcd-e954-eb62-5dde-01c96e1b4e3e;34.110.190.59
lee58@example.org;8154939834;deb2a98f-4f46-3d8b-49a4-1d92068d401d;153.121.250.162
rachelanderson@example.com;(569)707-0596x44592;555063ed-cddc-f1fe-ee7d-cabe83523067;135.66.53.77
kimberlyporter@example.com;+1-273-918-7895x3104;7a08e478-c854-5c65-57a1-b3e76a62490a;196.222.90.167
jennifermedina@example.net;(582)731-9905x35634;6cd9dd48-6c62-3a2d-469c-874bb58edeca;210.216.243.186
nelsoncaroline@example.net;+1-458-435-4919x0789;a89fe268-b1fc-6122-ba20-a8d0fa6e2f61;159.52.141.69
chelsea73@example.net;4072794422;0c6ae519-6c68-82e4-e5d4-48963b2aed85;223.132.83.48
angelcook@example.com;(946)983-3469x77286;83a8747e-6a7a-2cfb-1454-516cc900d4b2;208.204.172.199
lindahiggins@example.com;+1-211-646-5818x944;6be2f64c-b3b3-3663-83b4-0cfea7bcb81d;5.223.173.121
reyesjason@example.org;250.514.1377x22682;f7dd8e06-d8ef-6e81-5d6d-a1fb9d993363;189.163.194.240
michaelsawyer@example.org;+1-931-415-8115x262;57cac8c5-154a-5d5b-de9e-b5ce4a447e3a;110.43.22.174
turnermarissa@example.org;391-896-6699x246;a44e999a-b3aa-a475-c393-284560e034a4;173.122.29.94
aday@example.net;9159474586;27994be1-2b22-f8a9-4e12-4d54ff3a9def;186.102.104.50
jeromesmith@example.com;674.344.6892x19735;fab92d5d-4931-1099-9fc1-af72bf6c1b54;142.72.129.75
ubarrett@example.com;+1-839-660-7862x197;3f9ccff3-8e49-55db-1ea1-ff609af8d038;219.101.84.48
haley49@example.com;391-575-5333;e12e65b6-5b66-ac71-fc28-882eb7d03e7b;203.52.212.31
wendyyoder@example.org;001-218-436-6390x28718;3ddefbfe-38e6-a3df-cb48-c08d66445926;216.165.40.140
patricktucker@example.net;219.792.5476;07fcb7ca-90a7-011b-3fa3-a3f891a54ef9;190.0.214.210
lewiskenneth@example.net;001-432-430-1909x826;4b0b37ae-27bf-233c-2344-abbe67f3cfdb;116.81.142.164
christina83@example.com;675.682.3054;d17e25cf-6899-12e8-7231-cfb91edf45f7;196.229.136.127
brianna77@example.org;+1-647-330-4281;ef7fdf15-9a30-97c2-5168-a3d5b7ae1720;14.234.46.194
iscott@example.net;836-657-4461x39401;bae4f830-b6ff-c255-1b39-839544cab6d4;5.14.236.143
bakeraudrey@example.org;001-454-788-0576;8aa73e76-6fb7-318a-ead2-b2b93c729b0d;203.59.166.194
browndavid@example.com;795-379-2020;bba8dd1c-6b5f-d61e-dcc2-45aa7758ce52;105.132.120.232
smithkathleen@example.com;547.601.6854x9708;c9927c5e-79f2-79c1-271c-d3541339906c;221.10.109.78
morgantaylor@example.net;692-296-8665x540;22c1b3f8-b656-a203-aa10-2d3766dbcd76;219.2.33.233
kimberly12@example.org;577-410-1849;ea47880a-1f7f-d042-a7f1-846e82b44b79;149.220.206.48
justinmathews@example.net;001-649-925-9442x689;c7095786-77bd-1e66-a519-befcb29735eb;185.137.83.139
alfredsmith@example.org;310.220.1252x11845;714e6c9f-9c2b-b9b4-a987-3156e9d42e60;77.193.38.73
kyle13@example.net;+1-949-742-3356;7c39d114-6872-dc05-44f0-4114a041901d;215.79.187.34
georgekristen@example.net;+1-775-330-4637x9687;0539cd27-d318-7cc0-401b-b0bbdab572f2;197.168.15.15
khernandez@example.com;+1-692-579-2501x6822;916bb549-70c7-9f44-f17e-ee32cf4b5516;196.231.52.194
jamesenglish@example.com;(929)541-5555;3f8582b5-00f9-0164-4fe3-b757fba9afb2;70.207.30.122
carololson@example.com;(337)235-5908x5242;05b8fd03-a052-aac3-46ff-2d5df8afb407;152.141.115.221
littlecaitlin@example.net;(358)783-7227x689;af8e88c7-3376-73d2-0978-5a2faae238fd;61.139.66.81
robert60@example.com;(838)852-9024x4353;e57c53db-baab-76a0-3fd3-9ac7721091e9;210.113.19.36
susanellis@example.net;707-607-9952x87224;33114815-aaa7-2a55-cff3-1040d3288bde;138.115.182.117
connermike@example.com;318-442-9539x843;e539b474-eb12-522b-2c56-c674cbe0f254;11.80.152.56
johnespinoza@example.net;(216)566-9141;a89fea61-a2e2-5c8f-82ab-8e55a214069f;21.253.89.68
jordanchristopher@example.org;669-757-3198;f1fbf9ea-de1b-757e-0604-d669600bb129;220.171.144.248
davidallen@example.org;(845)975-1282;ea91b99e-4c8c-9fc2-ac1b-b96c38157d33;200.29.142.10
jenna81@example.com;583-873-5438x65713;d16ac319-005e-536b-ee71-d5cbddf71cfa;131.57.168.103
xrodriguez@example.org;7622879329;70ba6e66-183e-cab4-578d-7b7c93b5b0b4;113.226.65.180
joneschristopher@example.org;737-277-5730x559;dadbf0f1-55cb-b0da-ed99-f4d1adc0e14c;200.57.252.59
josephvang@example.com;(357)243-7895;fe20b7e8-d377-f902-3bd3-c4f83cd02413;223.105.209.254
vwolf@example.org;+1-924-831-9831x7643;320b31fb-34b8-d294-a50f-1b3e5b1bfb63;162.244.81.186
lauren28@example.net;4747346593;9100c505-7414-92d6-3f4c-2932ddbdf502;146.25.76.227
denise38@example.net;001-334-249-5817;5d7e9875-85e4-e1ea-da4f-e3f0ebe6b36e;185.180.128.79
mallory50@example.net;+1-232-567-3462;1bdabf0f-0294-3d71-3e41-e01815c25351;75.67.190.207
shannonjeanette@example.net;001-894-853-9708x83944;b8d54c5c-5be7-d430-2b64-04828a3e8829;222.184.145.63
thomas70@example.org;+1-456-511-6793x782;3cddb957-f687-efbb-1c1b-d43614ce7c28;204.59.20.41
hkeller@example.net;+1-658-937-0454x94829;fc99c844-fcc1-e953-74b7-81eaf510c7aa;15.229.188.193
kellyfaulkner@example.org;+1-954-498-8136;87389c68-ebfb-51a9-876b-6f09d8cad566;35.139.132.11
jessicaadams@example.org;662-730-3199;25edafe4-29df-4e75-b5cb-29e529c2b7cf;222.41.170.2
seangay@example.net;358.965.0634;12c0427f-049b-9285-9ec1-ea59077a6662;89.112.230.118
amber49@example.com;+1-838-489-0975x4304;6b29e5f8-3972-ba8c-57c6-b021afc61e37;80.171.159.128
markmoore@example.net;+1-404-366-0963x32045;6b23dc1e-69c5-8d4d-7801-84fef9835808;184.211.242.101
allen76@example.net;(573)311-9111x1941;1d6f0d0f-cad5-824d-e62a-3e4528923ed0;208.6.112.203
atownsend@example.org;397.471.9768x371;fdfd32ab-58e1-8f6b-f660-d1cbd4f55760;136.137.148.92
erin42@example.org;(505)466-6449;96dac168-121d-97ce-2ab2-cbe04afb8023;166.241.178.63
meganclark@example.org;404.827.8991x96310;a3fb711a-f635-b90f-0fcb-a0d9086a37de;164.210.164.23
chenderson@example.org;843-381-0016;4dd1a3c1-c156-ff76-c992-c365c1ac3d1e;184.50.47.241
denise66@example.com;001-853-621-1336x96716;27e96569-1aa5-b271-ae25-b5e93ba87101;163.121.146.137
marciamckinney@example.com;417-362-8004;c5a4e5d4-0f4d-f7ab-528c-5ee88f6fb54e;61.4.197.88
mdelacruz@example.net;427.337.8105x22092;40d6c8aa-3580-d215-efa6-ccb11c85cc84;221.34.74.221
valerie54@example.org;+1-507-349-4861x144;08cf59cc-3bb5-8b8c-085b-89755d77fe8d;29.45.23.250
anthonymoody@example.org;+1-560-635-5561;2caa98bf-2c0f-30b7-1402-dea6b1e70a31;217.217.163.35
dhill@example.net;001-383-665-0140x815;7c951e18-6a33-96c2-9ea4-3cd45f7c1cf5;133.143.48.40
christina49@example.net;848.733.1688x376;901e418e-ee1b-975f-215e-7fc9ab29aea0;21.40.212.96
bradysherri@example.org;(845)462-3636x2699;5c294ce2-f597-6fa3-ac5b-836044945255;35.40.52.154
patriciaknight@example.net;(614)791-1475x521;95624c9d-c370-a7db-2329-848ccf48adb9;91.57.199.40
debrafrazier@example.net;321-934-5679;7df6dc52-b3a1-ff76-5844-92330be6a0c6;191.163.212.15
arnoldtheresa@example.com;001-613-751-8228x3164;9198a8dc-0378-be31-de80-7b27e59bc731;124.152.169.95
ggilmore@example.com;(612)262-6065;5324c1bf-6aa2-2069-28dd-ce4ddc5e6330;204.164.121.199
whendrix@example.com;(750)817-4003;65ed1f41-28de-eb2e-0215-d2e78cea5d50;208.88.207.217
vberry@example.net;(513)479-7677;11edc69c-ea54-4caa-7923-9befdd9981c3;204.74.58.0
cookbrian@example.com;363-889-4968;d65e9a26-7613-618f-c28a-7fb3430e9063;198.60.214.202
amanda52@example.com;+1-263-418-3163x302;88b4c7c7-6111-f925-dfc6-25cc26df25fb;118.255.49.72
churchdustin@example.com;316.924.2496x2473;a431f100-ae01-ebfa-d2bb-cedabda4f3d4;98.89.186.214
kgonzalez@example.org;001-418-822-7111x8585;a8c2bbbf-5663-fa39-d29b-9d1a672946e0;46.29.223.163
ericmaldonado@example.org;941-629-4256x350;d69b5b4e-4200-efd6-1f28-ac084ebb2e87;62.41.214.155
trivers@example.net;505-635-0954x47658;8bf9423a-d49b-44d7-2d88-aa3258e1326f;18.27.103.163
jesseoconnell@example.org;643.947.6803x9459;8e1112c7-97b5-220e-561c-1ce3c54bbd7f;63.231.165.115
mark24@example.org;001-537-209-9345x243;b9beda76-bce3-a4f8-3b63-82dd44bb042c;214.208.53.251
marksandrew@example.com;2803210550;9cf3b634-36f6-2470-f296-2b7592406346;144.178.103.4
paynerachel@example.com;3117836617;7315462e-ea06-3d28-0364-cbb3e2bc3afc;82.148.213.58
nelsonjacob@example.org;001-655-445-4532x1955;56e6eafb-4eb9-a20c-ad27-0a2d480a5141;180.125.132.218
nfoster@example.org;001-519-994-8406x284;e44f06ac-bf53-af13-1c7e-09a5536bb46f;219.4.134.181
coopergina@example.org;508.346.8768;cd880925-a795-ae8d-437f-7a4fac8f6011;39.231.54.113
twalton@example.org;001-729-374-4599;db8a2790-6427-2fb0-60d4-99513dd8a114;201.148.71.192
wayne04@example.com;479-228-6123x244;a9b6a4e4-9e32-5202-9d1b-c7aff839d7c9;220.76.57.54
cochranjacqueline@example.com;001-652-641-3873x755;fef8d903-78dd-1018-5443-2a793614795d;87.217.206.103
brandonnelson@example.org;+1-343-444-9745x80131;f8998458-d9da-986e-7383-3e0b30205ce5;31.57.40.190
erica44@example.net;001-519-565-6681x1521;fa27ba5c-365e-5ef8-8dc8-720a98b75021;223.159.67.228
mrose@example.com;+1-679-972-8162;bc1a8613-45ab-5d68-4c3e-435619d8c54f;152.178.35.104
elizabethsmith@example.net;205-569-7035x007;90dfb8db-0261-7eec-d7b0-840f343d0248;69.198.219.88
debra44@example.com;9873688862;be75f773-5c0c-96d2-dc20-d1ad0487244b;162.181.47.177
yjohnson@example.org;+1-927-878-6948x85352;8b0ae3a7-2328-fb63-f673-289358b2ea4a;167.253.91.154
fgonzalez@example.org;505-729-9446x4564;9ab1dc2d-d3bc-e4b7-575b-62071f7a3305;5.175.80.231
dpotts@example.com;3662234478;e0cca1b0-be2b-2163-8bb5-30806de13d22;195.116.113.78
hardinggabriel@example.net;+1-808-565-7566x1598;8d037575-3b18-70c1-947b-e387819257e2;118.110.190.192
brandon60@example.org;(831)722-3451;bd838f8e-eb70-2843-5e7d-8d0a6feb0985;152.144.48.120
reyescrystal@example.com;674.346.8867;c8957030-5bc2-d004-c12d-4e04d3b1d52c;158.229.209.91
dhowell@example.com;377.728.1250x1423;fe435336-220c-14a4-f6da-1e25b63934aa;6.68.179.28
elizabeth15@example.org;001-986-380-2009x1884;2b23b870-854d-0229-ab75-d974f723bbe2;146.68.91.147
pricenicole@example.com;001-430-726-9362x0612;a5bb3926-2d4e-6a7a-2d9e-ff77723746a0;165.52.212.105
jermainemendoza@example.org;(740)314-1106;50e44613-64e0-773c-3201-3c6131215bd9;131.150.7.221
julie97@example.org;5233591769;2f92c28e-235d-5b9f-a261-1ea05fc7a47f;173.85.109.36
heather04@example.net;290-335-3961x81368;53f33f20-264a-f9f6-6941-6ed31fc3fd51;123.190.51.185
melissascott@example.net;568-874-8940x19717;b3899bea-a210-05df-a972-e54d0923a15d;111.39.87.252
kristen31@example.net;773-615-3378;8420f1f2-d2fd-02ce-d8fb-7e4ea8860392;223.241.76.54
sabrinahaynes@example.org;001-843-352-6278x61815;8da41466-1407-62a5-1cf4-6b308d69fcf2;138.108.92.232
lawrencedaniel@example.com;001-443-730-0005x7353;bafd6440-9881-0465-c49a-39c575894e18;200.2.4.141
fmiller@example.net;(664)338-0509x4861;6e96a8de-fd60-13f3-dc10-25c3201acb3e;151.78.183.121
tgibson@example.org;(938)475-3142x2486;9a2f8ee4-171a-789f-5632-c2503fff2258;101.0.38.26
taylormartha@example.org;734.515.7039;380bf5e3-718b-24b1-815e-b86554ee1165;221.89.222.159
brewerthomas@example.net;839-814-0506x962;e078403e-0f94-5124-566b-cea1a60bb457;20.253.207.101
simmonsrichard@example.com;(804)872-8317x8397;2dd36488-20d7-78d6-a32d-5685a8a189af;221.9.71.32
spayne@example.net;001-364-840-1893x153;890969b6-074d-45b7-e142-99c87a065351;149.136.154.34
nicholas15@example.net;634.875.0057x5732;dafca966-76f1-89b4-9767-e58056834620;189.70.75.19
meyerlee@example.com;955.724.2069x453;a42e636a-485e-5968-dddd-ffbc67b11ac0;28.18.194.254
srodriguez@example.com;001-779-723-2769x989;635fc0af-8080-9015-5ae0-547777adab2b;218.118.5.5
marychaney@example.org;2732009913;e370beaf-c6c3-b6f6-41a3-ae317be30b57;69.115.146.238
carl80@example.org;567.623.0565x9349;bb74fc53-6770-4137-da3c-f218cb14b8c0;113.115.104.204
melissa18@example.org;(805)751-1329x61100;61f5893d-1b3c-72d8-7eaf-aaf0a491e66f;27.165.177.98
stacy79@example.org;+1-980-655-0355x71789;a58a993f-65bb-e3ec-d446-51aa46669214;169.253.237.44
matthewdean@example.com;7409298305;77b37777-e1c0-46a9-f9f6-319849956d02;100.227.165.146
rogerwilcox@example.org;990-344-9822x14591;28db401d-cb44-183a-feb7-170af5b2c9e5;9.72.33.219
cassandra55@example.org;+1-444-599-6850x36712;aa1331d0-fbaf-0376-bc2f-bbbdf7bb9223;212.214.13.22
copelandjames@example.net;001-668-352-0957x159;adfd2a67-ee7f-7d89-2840-2165622de84b;214.33.51.163
ljones@example.com;001-816-463-9965x73269;9d263f31-8876-744a-4554-f9ebf3f9329b;166.172.190.231
francis19@example.com;619-228-2626x973;7a6bab02-889c-ca64-365f-54d1b6a30b33;165.231.87.176
amandamcdaniel@example.net;+1-741-514-4886x5250;c641f16e-ef70-1555-35b9-2dde1cad0541;210.136.155.72
amy24@example.com;(842)954-9910x08045;17df8209-4f31-6f07-1f57-6fdb7d263094;159.49.141.235
justinhayes@example.org;001-418-822-7111x8585;a8c2bbbf-5663-fa39-d29b-9d1a672946e0;133.95.64.178
roberthughes@example.net;546.553.3220x220;569116fb-7190-8dd7-95a1-755159eb91e5;114.178.59.211
jamestyler@example.com;+1-668-500-7987x84755;67a32b5e-245b-71bb-f15d-e34bb9d4092c;223.208.137.180
iwilliams@example.org;001-844-783-5478x6389;f01ae7d5-da0f-7657-9e4b-bc0a24f9e5d2;202.143.56.153
brooke93@example.net;(459)351-5054x2344;4339e4e1-0ded-4057-4377-3665d3837f1a;144.106.143.238
meyerashley@example.org;909.301.4563x068;e70144b7-f41c-e4ae-f29d-40b5610ba831;170.83.238.47
mjohnson@example.net;+1-591-960-0297x326;ae2947e3-477a-ed52-3a06-73b21c9a387e;192.1.75.23
amandabonilla@example.com;8353973872;6cd7792f-fd80-46e4-1a75-dc7be6ad19b5;185.29.175.210
travis42@example.net;(860)545-2415x49163;dfba4d42-be5c-1d89-b6b8-fbed56875261;113.247.240.163
tannerlamb@example.com;+1-363-718-9637x4890;43c9bf63-a087-742c-89ae-977eddff4178;206.26.69.167
ucain@example.org;277-653-9720;fd0a7b1f-0222-bd30-c677-a029ba42db9e;73.73.180.175
qmccarty@example.net;001-679-978-5023;d068555b-dd66-2cb5-72da-94db22c24a68;66.134.157.49
bridgesyolanda@example.org;410-358-9800x09730;1b9561ad-99f6-0af3-fc4e-87927d632460;148.106.243.62
lori32@example.org;001-615-961-1317x49132;719e946b-2ee5-229f-d118-56b42b8a0fac;32.254.138.241
katherine48@example.org;001-824-810-8178x575;6b6a531c-978a-5d87-b0cc-65b80631a614;137.75.67.53
wanda19@example.org;953-238-5959x461;7d768638-377f-6966-b13b-11b020c8fdcb;147.4.125.130
alyssadavis@example.com;577-482-4084;d67ea91c-23f6-f5e4-8d5d-c6c20a799742;187.17.21.104
ihale@example.net;291.421.8788;efd57b01-d87b-7721-960b-c9373a39f8a9;141.1.26.127
angelaballard@example.net;+1-929-973-6154x05115;36548757-2c2b-12d0-04ef-2931bfbd4eff;37.216.207.238
moranjeffrey@example.org;+1-480-933-7965x180;13a08dbe-ac06-898a-ac5c-9a9f203b9b76;57.3.13.106
colekelli@example.com;001-859-692-5645x5441;2befba36-dc8e-d1c0-c7ab-d98cfa4e0669;121.129.200.117
wardsherri@example.org;001-865-229-7913;52fd464a-94f4-bf84-0863-99468a636566;108.185.75.18
dorothycarlson@example.org;(980)744-1681;324892ce-8a6b-0219-8b1b-7312d018eb96;173.112.167.134
brownamber@example.net;669.780.5131;5297bf0d-6794-65d1-9489-df8e83599198;136.94.162.173
yclark@example.org;(878)388-9191x565;83ed4b91-eb8c-3a91-9410-66d919054269;150.169.27.254
robertjohnson@example.net;001-445-738-3645x823;f9b4f8a8-c8dd-5781-9b9b-975c5bbd56a9;221.107.49.71
dunnpatricia@example.net;601-209-8394x066;f43ae81d-d0d1-d3f5-f4f5-c83cf4c948f3;57.117.113.231
browncheryl@example.com;(588)499-2342x8638;546a06b6-c85f-dd8f-1f20-cae5db3ca18f;138.51.80.223
lowerywilliam@example.com;406-423-9725;f0a2f50e-e7d4-5e83-e451-8a3a13c1bc15;163.194.198.67
martinmicheal@example.net;001-992-986-1958x827;716323b9-19d8-2183-5603-f17814ff5e0e;22.17.212.24
martinezjames@example.net;766.688.1429x53155;9fe00c25-4750-6032-992a-ffe1a6e020ca;105.61.238.238
ann75@example.net;295.584.8400x4952;08a57c4a-51c2-cd30-5e38-d0ee1caa5f5d;24.146.47.58
daisymartin@example.net;(430)818-2307x237;3541873d-f6f3-1fa4-6902-e0157c70d62d;158.42.114.62
adrian17@example.com;963-703-3359;82e9f64b-5f32-1505-fc2b-3aca92269c9a;37.170.241.104
murillokirk@example.org;369.768.6606;187eb024-58ee-2db6-ba5c-699273f1bdee;180.50.5.36
whart@example.org;919.374.9218x8109;3c81bf75-e300-37c7-b0c8-1cbbe7eee763;1.34.144.101
rodney59@example.org;+1-954-653-4271x87067;7e1e123b-062a-6507-ab7f-f7cdda3c1972;193.126.144.15
fsmith@example.org;870-739-8496;e74cd62e-e45b-3adb-59ad-702fae5ae15e;173.194.123.172
butlerkelly@example.net;(217)257-9128;08df955c-f06c-da43-bd27-aff6dfe3948d;172.228.45.85
stephaniekline@example.com;(653)685-3953;de68117b-946c-0351-394e-8ba99eed762a;168.92.127.247
odelgado@example.org;(709)736-1512x44581;8652ea67-f2f9-e268-8fd9-da6c5eae6e0b;130.201.235.249
sierra17@example.com;(216)478-8370;fdc0ce21-7723-977a-b4ab-c76f2abc9bfa;135.76.77.58
wrightchristina@example.org;(789)761-1007x748;7849e57f-26fc-185e-5065-fdc194c2ac2c;204.166.28.197
nealaustin@example.net;6078978901;dc1a980f-f729-ce04-30fd-c89d98c62d2c;23.205.118.236
lloydmegan@example.com;987.351.9213x40548;c692c524-0ea0-b84c-8470-6b252991c9a3;203.104.0.174
hcarlson@example.com;829.935.0132x6720;84b2195a-38b5-a8ef-011b-d37da44e9a2d;132.141.182.116
aking@example.org;305-842-1274;7ffad599-77cf-d369-a52e-16c53d1e6afb;192.249.64.182
amanda84@example.org;+1-355-319-3467x816;de741d78-ca5e-3ddc-449d-9cc7ba3e747f;217.74.15.160
shaun86@example.net;460.661.6293x662;02548d2b-339b-4c43-62eb-8d0096dd616d;3.158.215.37
william21@example.net;+1-462-722-3938x6403;21874483-f848-3d65-c3bc-5dbd3a307e45;131.149.71.237
gonzalesheather@example.com;(984)815-1012x9094;bbcc1a22-97b7-d725-16b2-268f581ab0e9;130.85.118.247
solomonryan@example.com;285.936.3538;4bcd493c-2a97-0d8b-fb47-39040d245101;218.163.35.141
cookkelly@example.com;746-220-0923x48251;0bc69772-efdc-a540-35f7-18e7c4d7a1a8;193.212.102.141
harriskatrina@example.net;(553)317-3441;71aefa27-ca89-3ef0-c970-4332883cdafa;141.15.67.68
richard06@example.org;863.530.9425x5348;45741ea1-0f02-8f3f-d7ba-c9921184c662;156.244.149.94
phelpsanna@example.com;243-962-3777x917;5157a1cf-0bf1-fe2c-6fa1-ef977fb4efb3;198.154.217.227
charles61@example.net;512-487-0535;26a99fa2-7ce9-37ca-e68b-9318b2e1353b;87.0.87.175
rebecca56@example.org;(550)757-8323;1aca663e-0a70-983c-dd0a-78d79d278e7b;219.237.107.129
blacksandra@example.com;001-998-308-5958;28be9031-d4b5-5076-c470-c3f4ac6f5691;212.183.77.213
tiffanywhite@example.net;(252)753-1266;0b5dfc1c-2dab-a7c3-4d7d-aba950e61887;156.158.157.174
jessicasanders@example.net;509.828.2285x9411;7fb89dd6-5b96-26fd-450f-abb4eda46677;218.252.127.167
jlove@example.net;+1-829-838-6781x7722;b6c9c4e4-bf66-a272-23a2-117f7ecb3426;24.186.21.13
jonathanvazquez@example.org;(838)519-2687x01013;8dab9341-ec1d-47b3-db78-aa8009597b9c;196.152.0.65
phenderson@example.org;(299)916-5145x8883;ba1bd350-f96f-626f-724d-0b7dc3fcabf2;85.51.102.151
tamara25@example.net;(876)886-7358;29751a5a-ba7e-1d57-a13f-b321650cebd1;154.114.228.253
whitepatrick@example.net;(909)308-1691;9ee57fcc-0a81-3f3e-bfa5-bec3eff8f18d;142.28.197.160
wbarry@example.org;786-952-8984x2478;57c25f60-3100-a355-1a3d-df87dab201ad;204.152.207.239
nicholasjackson@example.org;358.965.0634;12c0427f-049b-9285-9ec1-ea59077a6662;89.112.230.118
angela11@example.net;409-566-4455x9714;88f2b4d3-bf5f-fc5c-a451-0127d5d84357;130.232.180.53
qgreen@example.com;001-694-231-1575x93924;8aa2da10-ee35-3534-4b8d-9a38d2eae9f4;26.120.233.220
howellscott@example.net;(916)749-2036x99799;88b19654-6a26-2c61-57ca-7ecc924b4f1a;116.196.154.116
odavis@example.com;877.508.8049x397;b26924fc-762f-8cc4-0e91-e2efbc2d399b;118.33.156.180
todd84@example.org;001-290-577-3860x778;0877abab-598f-62c4-6977-0b418f940152;71.13.59.156
popedustin@example.net;(959)498-1713x953;779b3e87-44f8-1836-a778-62278b57a92b;80.76.186.221
janderson@example.com;+1-273-531-4535;91607c7b-d144-7c72-9451-96c367850120;200.226.212.77
debra34@example.org;+1-906-493-3328;286f0f1d-d7a5-00c8-8af9-c5b0706cddc1;208.254.20.6
kleincurtis@example.org;001-899-867-2446x87091;659ccdde-0790-17bf-9f40-166b35a3fe37;94.41.169.207
scottallen@example.com;(710)201-7657x7424;a68a2de2-c7e3-e64b-e5e6-9885d9eb4cbb;108.129.6.231
julie97@example.org;479.781.6726x304;a0114615-2436-f719-4e0a-6790dffa0038;173.85.109.36
garydoyle@example.org;3115203231;7f19a620-44db-d7bf-34e7-1ff4845f0f79;176.74.229.130
lindsay17@example.org;3953638730;6d9e65d1-b2c9-d4c8-fef0-00b9621f0155;221.109.199.62
riveradennis@example.net;(245)936-0130;9c9022c2-1a50-1033-ec8b-0458e55cc77b;192.54.127.204
gardnerdarlene@example.net;+1-612-326-9706x8265;d1408946-debc-b748-e111-667d0f923de7;202.218.119.14
hansenchristine@example.com;+1-919-708-1145x338;059c79e4-6fb8-d6be-3f12-dc4040822db2;200.188.114.51
jamespugh@example.org;3926967290;09597b86-d5ff-d505-17da-6099b81b29b4;171.48.246.238
donnareynolds@example.net;(662)349-0847x334;0bbcf3eb-28f8-fc05-7255-fa97641980a4;84.128.185.108
hmaldonado@example.net;301.447.3853x0614;cbfd3e7c-cbf7-32f1-f64f-81a6c59348ff;170.134.16.233
donald10@example.com;001-755-998-0195x75869;abada9b9-e872-a468-7e6d-fb40392c8a8e;209.149.209.191
klarson@example.net;(762)773-0522;157bace9-6e9d-c93d-26fb-66db9e00cba7;49.0.113.106
annette75@example.com;+1-375-789-4478x0917;985e9031-d0c7-19f2-527f-16fcab27f28e;190.91.186.82
chaseorozco@example.net;220-259-0731x8447;15d11b14-2e82-3d5d-163e-ed4b6fa8e052;139.53.127.112
swilson@example.net;+1-979-451-4232x5978;62adf5a6-7f42-6150-9c40-3cb03defc621;221.22.59.239
danielstout@example.org;965-609-3952x25035;786a7433-a48a-67dd-9e54-dda889662cb6;204.18.1.61
simsdonald@example.org;+1-386-641-2965x110;f0ed7eed-2b04-eec7-e571-14cd5891b944;205.66.27.224
whitemadeline@example.org;255.855.4824x1129;a5006a84-8391-32c3-86e5-d1f705746927;157.55.72.237
clinevictor@example.com;001-636-354-9411x39577;07c6bebc-a820-a1a6-b5f5-b8aff09cd992;112.87.86.51
kennethhall@example.net;001-339-965-4436x81983;efd60ac0-a011-1016-e882-ffd069f6abf6;148.17.142.97
joshua92@example.com;(721)479-3786;c8424af7-e272-cf64-8f28-807b0444f949;29.24.7.115
listephen@example.com;232.202.0201x29080;a628a437-1721-13f6-f900-63e218143866;154.250.81.17
dporter@example.org;(443)740-5901x7750;45ba87d0-71c2-356f-8ef4-4505742a6bb4;60.44.28.81
xgutierrez@example.net;840-632-2274x6470;21746d3b-160b-2e83-ef51-1e8475701b41;189.253.68.9
qwashington@example.com;(263)558-3070x3293;c73ac2ba-8114-b0f9-3827-67e18f35036a;223.167.203.211
snydercharles@example.org;(498)672-5902x3982;5465f3ce-7302-591a-5068-ec3ac81ed6a1;185.23.162.251
fwhitney@example.net;(491)819-9056x3564;e8be1ca3-81fb-d6c0-b7b1-f98eb8aca602;220.96.5.79
gdawson@example.net;001-451-800-2301x6785;9853dddd-3cf6-5d01-2799-b04940d57d52;177.113.208.234
rjacobs@example.org;+1-343-222-8410x2023;f0642b42-e7e1-1899-ed67-7db275519cd0;210.58.227.25
urobertson@example.org;8465696391;ef280bf3-38ff-9e6f-e980-a7ebfe91a1c6;204.253.183.14
smithrobin@example.net;001-937-970-7807;6c4e9339-0b90-f814-31ef-8a8a9d11502a;213.108.171.123
chad20@example.org;555-992-9485;eed33357-ef2a-73b3-14e8-b27bb399d380;220.108.141.116
robert51@example.net;+1-984-847-2198x914;75aeb85b-645f-739e-9d1e-45804bcc9481;103.100.158.83
pclements@example.com;(822)272-3419x4121;8bb4d017-9f3b-61dd-2cd0-3e595b187dbb;7.240.126.107
steven22@example.com;4178060235;08c1ae48-0db0-398d-38fa-b0685eba5850;209.126.34.203
cameron75@example.net;(357)402-5672x4403;497281fd-6018-829f-d2c4-dd517787c075;220.249.206.195
monicathompson@example.net;675.682.3054;d12ec16c-67d4-cd42-1ccb-b3d9aaf0b8b2;164.220.49.254
carmenhernandez@example.com;9024378561;c7e9f184-64f4-6240-b47e-24dc79fbb1d9;59.63.77.38
rose17@example.com;+1-523-547-6389x85216;a25f6209-ea29-89b0-6d0b-112aab31b4f0;193.39.131.220
scottjones@example.org;380-983-7840x8617;046ba0ae-15b9-aadd-5572-7eb302b49767;187.250.21.109
beth38@example.net;001-805-384-8691x810;a16337e3-2362-a5c6-9cc0-832d84ac905f;107.83.56.161
philip69@example.com;+1-954-581-7023x901;da08ecaf-ca71-49a2-e837-701de156dba4;198.7.239.163
guyarcher@example.com;(779)597-8404;62944164-23eb-7f2c-4358-995587f2eeb0;74.242.251.46
lisabrown@example.com;479.280.2143x612;40c8f2fc-1df5-3ef4-ad4a-16aaa5905f54;216.159.75.171
amanda91@example.com;(411)375-3960;18092ce7-76cf-e677-3a4e-0b0df66f1141;51.118.188.141
yolanda86@example.net;273-799-5600;033973b6-eed1-e5ae-bdfc-870267c2fc6b;200.255.49.24
hernandezelizabeth@example.org;634.872.1708;a32e2209-acd0-d19b-260a-3b57a2f4601e;146.174.44.123
randall19@example.org;685-988-8307x502;eeefa9c6-98ab-d149-428b-8b754896f974;63.33.190.42
angelgarner@example.org;214-842-4328x59251;f3b77fcb-4b20-0cfe-1300-d22f3ef25715;42.200.135.12
zrobinson@example.com;(335)791-9588;bf04eca6-4b27-1c57-91a2-268ca3450551;103.50.44.73
derek82@example.org;(804)484-4996;f64a1b6f-89c2-8a33-54a2-14e0c8895e0c;208.124.154.25
cathy18@example.com;940-583-4702x855;9f332bde-398d-12a5-08da-ba6dbe9063e2;221.71.79.147
jamesgonzalez@example.org;430-988-2010;ea80ccda-a363-3b61-59e6-35dc901c6377;8.206.166.12
kevinpollard@example.com;001-328-934-6249;b4f89358-8dec-0392-29c9-ef8a7ffbca85;140.59.178.140
gabrieldiaz@example.org;+1-900-417-9710;c4647e6e-43c9-7889-2365-0fc98e9bbcb2;28.54.211.73
freymichael@example.org;(852)468-9807x377;fcfd7c26-faf8-af8f-145d-132f706f0547;201.211.195.7
johnsoncorey@example.com;+1-910-852-3579;fab3ec80-3924-fab2-a896-f2ab74e61543;212.114.177.128
angela85@example.org;001-277-277-6321;1f69ae28-36e2-a931-f1cb-bf26daafb601;199.71.200.83
simsdonald@example.org;+1-386-641-2965x110;f0ed7eed-2b04-eec7-e571-14cd5891b944;205.66.27.224
gina77@example.com;778-489-7299x683;34cd6c59-b70d-1c88-1507-f2bf64b1ecdd;154.182.247.160
michellemanning@example.net;215.547.2782x9483;041e6095-fe35-44b4-6f19-1402bd540470;99.136.249.77
llong@example.com;+1-598-922-6156x41131;789952e5-6e6d-c1af-83d8-be61a4f59e7f;157.35.168.185
noblewendy@example.org;(725)440-7933;2bdc7acb-ed36-3501-b14e-1f475249302c;209.126.34.203
meganhall@example.com;(712)890-1851x45447;24493fa8-c341-aefc-d9b8-16afdfe1cf33;135.195.211.34
dgarrison@example.org;248.445.9903x27338;e5990c76-ee0a-79d3-dae8-a01d47796e99;196.94.124.178
matthewbarry@example.net;527-963-4079;7c13906a-d43c-7654-14b7-90d8ba139dba;138.182.18.4
nguyenwilliam@example.org;+1-541-642-7275x3537;a39e6111-8567-ba2d-ad4b-7bf0db40ea85;137.178.15.159
pinedasteven@example.org;+1-942-619-7024x568;13a1773b-ab80-c709-1a06-af2a058e2a38;33.224.247.112
chad81@example.com;718-582-1820;569116fb-7190-8dd7-95a1-755159eb91e5;210.119.184.232
lancewilliams@example.com;(784)825-7019;ace5da22-d73f-28ad-2e15-2eca7565a0dd;219.83.22.163
kimrebekah@example.net;+1-976-673-0520x44071;0d970210-2140-8c96-e421-8ea8aeeb7b8f;196.121.34.138
rose17@example.com;444-741-0359;a25f6209-ea29-89b0-6d0b-112aab31b4f0;142.182.242.188
millsjoseph@example.com;825-812-9572x04300;520dcc54-bcac-131b-4e5d-33f9963abfbb;96.229.204.234
rbrown@example.com;(580)501-3862;61e65616-bc07-3641-8be5-fd399d50ef02;117.153.150.44
austin06@example.org;(382)588-1139;2c495f8f-ee76-a531-e00c-886aea20cd36;122.147.151.211
kwalters@example.net;001-424-314-3915;47ad55d3-3be5-fca7-f872-b41b56ebdbdb;198.171.102.39
htaylor@example.org;745-979-5414;55306d77-96f4-f4e7-3f57-b5490858b348;33.58.241.57
ericsalinas@example.org;947.913.9437x70594;f8dd0c3e-a3ee-a265-ad0e-dad68b6344fb;200.72.76.141
timothyhughes@example.com;001-409-354-0304x68614;6efeec02-ac3c-fc1e-0c06-a9fc853f17ec;198.85.27.206
piercedonald@example.net;(545)408-8853;6f8182da-4ac0-fe6e-faad-4f235b416714;150.100.126.245
deanreed@example.org;(698)939-5832x263;21c748bb-dd80-4bac-0bb4-300210ab1bbc;206.12.5.221
qmartin@example.org;001-600-509-3524x807;a59b7229-d622-894e-671b-02786cfcf5f3;36.78.93.254
daniel94@example.com;001-210-948-1927x93895;0d47431a-c53e-7811-6147-776647121d79;12.47.50.77
heatherzimmerman@example.net;001-398-456-9186;7a7a6bc6-3f9f-a9bc-68f3-bc04bd6fdc26;178.203.9.132
williamsjoshua@example.com;809-881-0634x432;1f1e270f-0ce1-7666-119c-c63e1b9c6fbb;8.178.73.179
gwallace@example.com;001-358-309-0518x2648;436f3546-4f23-1fae-4ae5-32c551ad53cb;4.106.27.71
david79@example.net;(976)746-8647;f262ed17-61e4-1413-3267-1a522ad3a692;201.166.73.116
xcook@example.net;(614)343-4579x591;d621b883-add5-7aaa-fb87-89d18a60bb36;208.162.8.157
susan08@example.net;+1-792-754-1431x83155;cdbb01f3-e08b-3452-fe40-ebb170b7914b;140.222.182.226
hayesjoshua@example.net;822-642-5500x3235;3e06245a-95b2-2c5b-2cef-eaae8f0f0584;192.158.103.79
alexishale@example.com;(705)845-4597x7074;2ef6e0db-bac2-fedf-b4d5-6d52030b3697;197.77.151.246
matthewwhite@example.org;(917)826-1603x6545;f56b0da8-ef6f-bc75-80f2-c7dedbc85d92;133.37.5.244
fergusongary@example.net;001-560-723-1092x658;0a00829f-da1b-82a8-92bb-8240ed7109f5;221.126.183.0
jasonpierce@example.net;316.457.4877x73041;a8126f51-9637-f713-80d0-2957962a323a;72.244.90.247
uhamilton@example.com;869-455-7144x17616;763beb73-8b5e-e9c0-0ec0-dc82e3cf8293;96.9.91.59
barbara78@example.net;001-975-391-1656;e882f8ac-b31b-92dc-d128-668eaa691fb6;203.55.166.212
robert84@example.net;670.638.2338;7c3f7514-c7cc-a22f-c8cb-701086f804c5;187.143.213.182
cfrank@example.org;+1-695-927-0229;847618bf-c2bd-3308-c989-b048d59c37f8;103.171.184.0
pottskristen@example.com;001-675-360-7968;e9197e80-3183-2e4c-0786-ded14c02a77c;189.91.241.118
todd54@example.net;001-553-496-1915x86663;a75eb821-4a5a-3ce2-89c0-1b6c6ee6b59f;173.68.239.46
jonesheather@example.net;692.218.4542x2028;3a93e68f-6488-76e7-15c5-1fc142814360;145.107.196.47
vthomas@example.org;001-322-992-5067x084;e15e7dbd-ff46-7f56-b387-914b231cd064;64.240.21.142
kristinfisher@example.com;+1-375-864-9060x8055;aa5ac248-20c8-e226-c1ec-7595adb17bdc;8.199.248.136
robertortiz@example.net;771.549.9302x0680;67980e88-2117-ac7d-14e2-52a53fe829ea;87.35.14.223
amycruz@example.org;2363114827;ac2c8308-5a3e-2133-ffa7-f926fefb870e;210.163.167.215
fisherjoseph@example.org;606.685.3619x04365;ffc131c3-5b7c-b288-a4d7-18aa01ba29a4;216.201.234.126
stephen47@example.net;001-325-598-7797x5532;c692c524-0ea0-b84c-8470-6b252991c9a3;206.117.210.89
bridgetcooper@example.com;001-417-213-8469;facee426-315c-a19b-feea-cabc0f4dd8fa;162.116.173.138
collinseric@example.com;(631)564-8161;f0a0666d-2ce7-c6e3-b3cf-361f05b6a9de;181.209.218.69
michelle71@example.org;274-867-1126;0e1e8fc6-5ff5-7509-3b35-f40b7f06a9fa;166.37.85.191
hollowaytyler@example.com;855-289-7124;eadb0f9f-54fb-7355-26cb-5ae1f78bcac7;42.48.89.164
burtonchase@example.org;875.644.4974x6605;ba2adbdc-2adf-0d02-7ce6-76a401744847;193.109.236.8
ramirezmichael@example.net;+1-428-324-8380x9892;8cf0549f-77f5-6549-94b8-942c058abcc0;207.126.93.179
melissahamilton@example.net;651-899-7652x888;34f68da1-4c98-614b-f5ca-d02c5869e4ae;198.188.52.183
christie59@example.org;679.594.4370;66b3e127-b6f0-b768-44b3-ad83edc138c1;166.181.48.47
jocelyn70@example.org;482-282-2738;9d17f1f9-ea2e-08e2-069b-b61a5c2795bd;188.59.128.61
karalong@example.org;(785)844-1170x2493;02bf5a20-0f91-30d0-0bb7-7fcbfc237602;7.138.205.97
alexandermcdonald@example.net;725.714.1157x580;b0ad0045-3d47-1527-b1ac-952b0531c8a2;120.87.89.196
adamhawkins@example.net;842.672.6189;4f4baf83-a439-c6d7-9fe1-0a9828c1d1a4;176.2.107.19
randall19@example.org;685-988-8307x502;eeefa9c6-98ab-d149-428b-8b754896f974;50.255.16.79
hallandrea@example.net;(941)367-7512x805;f200793e-b05b-c8df-5939-16a2eed9449e;167.164.143.135
lisa66@example.org;001-504-314-7358x23477;9e3a9471-dc30-7ab6-683b-6d06c620638c;23.71.144.18
haleyevan@example.com;407.355.9491x0454;439713a8-7409-8b26-0461-4185c57108d9;182.167.76.233
fmoreno@example.com;977-334-2701;adfeaff3-c002-261e-b1e9-41a63d275802;31.216.90.242
richardcarroll@example.org;001-610-533-5453x2035;8ba77454-bce0-90d8-2fed-7b45bd6788e8;93.185.96.60
yjimenez@example.net;(519)667-2874x91757;e0745e6e-1c52-c495-08a7-f5a9584d6853;46.177.209.248
raymondmiller@example.com;+1-205-768-8497x24544;524a71a4-4645-b33e-2f43-9c754f6ca614;1.187.106.83
brandon22@example.org;001-352-437-8139x917;c15a5ccd-c6fb-d9b8-367f-14e7355bf9d9;137.124.244.219
lisathompson@example.com;(954)559-1618x318;fac68306-a228-19c1-ac5f-eb892250eea5;179.16.103.83
lsnyder@example.net;+1-347-721-9618x0064;28a7818a-85e8-1310-4c07-c55f066479eb;207.56.17.50
scott14@example.org;(559)352-9728;20d85a7a-3790-9bc4-b5ef-3d6d08c8c331;172.122.213.22
mnelson@example.org;+1-819-844-8121x816;4b4299ed-2759-af94-abc8-3102ae6a2716;181.242.89.222
phillipsbrianna@example.com;+1-289-472-7454x5696;a454fc9e-438b-b3fe-a8ed-217347f6b680;193.61.37.51
johnryan@example.com;734.635.6809x759;43bfcebc-376d-a169-0415-5a5ca1107392;23.193.228.89
zjennings@example.com;(349)583-3353x211;413b9454-9f27-e67f-675a-8415cf96f4eb;89.138.210.143
anthonyrodriguez@example.org;001-302-748-3928x448;3b0097c3-0d16-33ad-c5e1-8330a3eef987;138.220.48.68
adamsdonald@example.com;+1-873-746-0280x47096;1344fdf2-31ed-6411-a967-b157c01be01f;215.220.11.184
rebeccachoi@example.net;388-670-8864;a0a7cf1c-5c87-fba2-2caf-3ca317652d43;202.164.64.96
flowersheather@example.com;(901)853-6179x564;93785734-f037-e11f-243a-92a409f70695;162.197.238.108
phillip34@example.net;534.549.6880x091;fcae499d-e89d-5216-8fbf-2afe6c51821f;104.240.186.212
fsexton@example.net;(899)910-6712;586f6c72-9b2b-9bc7-9a5e-37a05acb411c;214.93.248.135
dgonzalez@example.org;(605)340-5356x46964;3b0bf5ef-7c1c-f97e-fcee-bc17fc5e0ddc;118.71.32.233
velezterri@example.com;+1-625-936-5193;95918bcc-5e91-09b3-6ed0-bcf23f7b328e;48.152.105.162
hramirez@example.com;(276)740-2922x81776;c36a12fb-6878-b3f3-250a-15506c8a8140;150.232.143.10
lorettahale@example.org;7786778063;2ed2ef97-1c67-a726-b807-1a48962ce600;193.189.110.140
richard63@example.com;+1-922-432-9063x616;75afcb7b-f1e0-04cc-b66b-efa125c0951c;222.177.6.118
tammy00@example.com;+1-937-324-2018x17957;05a4ebe3-967b-3244-b4db-a5e92a220e27;216.92.47.15
gregory17@example.net;001-770-954-5266;e07275b4-ec01-b0f7-03a0-5e824625f9e2;220.229.157.118
teresa96@example.net;(938)345-6014;2f94384b-f38b-efcc-dec9-44091e828a56;146.203.79.148
johnalvarez@example.net;349-753-3582;b74f9bd6-2917-26eb-0aed-c638e607c047;167.47.77.214
kimberlyevans@example.com;961-536-7866;ec702514-3be8-dc06-319d-67d34e25244a;218.58.230.112
robinsonchristina@example.org;001-493-834-0560x47288;37a8fc93-313a-6dfe-87c6-bedac08ef724;211.44.25.105
lindareeves@example.com;(249)304-2191;664af9cd-30d1-e0f2-fe30-28bea62f9a14;165.107.253.72
wilsonchristopher@example.com;+1-665-315-5377x81123;7e9d61a7-9831-b8f1-e0eb-38e8eab30485;182.167.224.127
kevinlambert@example.net;(270)896-4700;e75fbfca-0986-ebc0-d689-3a2f5cccbf6d;12.237.163.189
farmerjennifer@example.com;+1-413-783-6346x3921;5e494633-e26b-8ea9-b00b-801672fb66d7;26.15.119.188
theresa25@example.org;001-841-782-7161;560af38c-07e9-a4ff-0f43-00a119fde023;64.135.90.41
khorton@example.org;(945)659-2932;5c14f8a3-0c4b-079a-5033-5aa19160fe59;182.178.47.21
lauramiller@example.com;+1-501-591-7374;ee61df16-e6be-5c2f-553e-b4c93688e4f1;212.137.119.58
rhonda71@example.org;(337)856-5252;4b4beaae-b124-a50a-cfee-645ef3a50877;180.63.28.243
abigailryan@example.net;+1-582-708-6919;56e6eafb-4eb9-a20c-ad27-0a2d480a5141;180.125.132.218
josephmorrison@example.org;602.675.1103x388;1a9d6c98-7ce0-5021-5e55-85c60b1c9c09;222.121.172.55
jason53@example.com;(677)584-7914x2001;9e9cff65-2e49-9729-dc6e-6bcb92795452;187.62.15.122
james42@example.com;(872)485-2091;0f2b4927-bcd2-d3cd-35c5-8267393540ba;118.0.198.134
erica96@example.net;001-680-640-3091;2d9e9890-79fa-6aa8-729b-c6b8cc587023;221.27.200.120
mooreharold@example.net;254.682.9093;eb10b9a2-f27a-ec4b-be51-203014e3086f;50.73.154.252
jose55@example.com;(455)378-8437x6454;436f1974-f1c1-9322-90ce-93381623a5cc;208.244.134.25
hhayes@example.org;421.874.7399x0195;a657793c-257f-11ad-9371-75da4bf7ec3d;85.50.126.48
joshua18@example.net;918.837.1827x399;faa92336-8eb1-05f3-414b-8080596bb705;182.170.15.56
tracy99@example.com;001-511-893-6322x34098;4ef40ace-2202-d1be-a2ad-e3265f6e4f4d;176.217.74.172
lindagonzales@example.org;5054351488;2c7ae01b-fe08-0119-c990-6606663369d1;143.18.73.202
lmartinez@example.org;311.263.9578;556e922b-ce45-47a0-7ef1-48cf8033f9f3;100.44.217.234
kingrachel@example.org;001-957-984-8058;34f2d51c-1a3c-e2a8-e7e1-14028d7e8458;209.67.59.7
annelee@example.net;+1-916-943-7015x4581;a46f2bb5-0962-e3e7-8886-5c45061f92e5;202.208.151.104
jeffreyjefferson@example.net;654-972-0687;7c2d4ae7-86f3-3bd3-c13f-59b4a8bb1494;217.233.247.92
raymondmorrow@example.net;826-478-3750x1429;d488b33f-4d4e-5654-0b6d-b0a232d09153;140.70.168.17
pettyjose@example.net;607.452.2485x0627;ca98f231-60eb-93e6-5a7e-e897b078e288;183.131.227.232
daniel66@example.com;922-530-0290;a6989092-c827-7e99-f6e6-708e02d17eaf;43.196.16.198
andrehansen@example.net;823-993-5808x9839;fbe27983-c449-faaa-71ee-a04654f295a8;94.191.243.127
wgross@example.com;(435)533-8037x2815;948b8284-2c99-7b6e-f317-aa7399132c24;216.165.85.204
hernandezalbert@example.com;001-858-382-7022;f6f1d3e2-ea74-ffbe-a135-e7a217b09021;174.95.11.208
hcollins@example.com;+1-671-392-6859;c86693e2-afda-e71d-f10b-d899a5d0e12e;62.106.113.52
malloryroth@example.org;749.512.0561;c9a80df6-4654-2b68-5189-4462a6bc2a96;216.230.183.103
vincentgeorge@example.org;886.875.7520x99778;d653a9e9-16e8-5a86-97a5-e5d666875296;205.70.0.251
iscott@example.net;9382768602;99e5bf3f-4f4d-8020-917b-0cc5c9969a59;77.248.30.94
rhonda58@example.org;+1-558-925-9667;2cc18b80-401d-09a4-b0de-3722f632721d;211.44.20.82
kdiaz@example.com;301-944-5309;1edb017f-522a-a5c3-3de9-ef4d005b800b;148.68.30.232
bradleyjuarez@example.net;001-942-299-7529x50459;6bba2be7-5026-6e49-2553-a90296f81753;203.240.43.159
danielthomas@example.com;001-395-912-9870;16aebfb5-b1d6-66da-d90c-774c6176ffdf;135.10.193.191
punderwood@example.org;958.785.5929;a1a3832e-25c9-d817-11b7-f8b6598e72f1;202.38.212.64
erica44@example.net;001-519-565-6681x1521;91cd5763-322a-2577-4294-1164c731a6fb;153.243.129.197
christinecook@example.com;987.293.7739;af997043-49fb-021e-d4cd-bc3ed0f510d7;181.132.42.24
zhebert@example.org;(610)334-4655x36893;7132b429-7068-e7c5-4668-e5fd0d52a483;215.249.144.245
vazquezmargaret@example.com;+1-373-562-4497x6505;df0ab5dc-edd8-a46a-98ce-c07fffe7b8d7;90.207.32.122
hboyd@example.net;375.281.2131;4303a6a3-886d-e9e6-2cf8-7ee370173b63;13.125.169.7
summersderek@example.net;954-469-6012;d255975d-ac04-3618-13d9-295d3cd5cf25;33.41.65.243
jacobhogan@example.org;001-541-311-4670x36773;34fca326-2bd4-d028-7109-661a59859dbe;206.13.172.221
masonamy@example.org;+1-940-965-8487;7ba574b9-bc42-c300-b009-7794ea4ec787;203.136.2.116
ttran@example.org;+1-457-749-6587x29172;4fc2a3b5-ca0b-6ff7-cfd0-610107e5af22;112.29.53.92
alexandriaspencer@example.net;887.807.0680x88401;a0ee35b7-01c2-e6e0-06f9-d5f483bb1822;111.200.129.64
kellersara@example.com;948.902.4705x9527;5d6c0297-3574-be0b-38fd-aaf1bdb3a719;134.199.124.28
harperdanny@example.com;796-838-3021;e3f6b0e2-06d8-1523-a551-3f81b2a35035;166.153.179.252
stephanie91@example.org;226.709.0376x0136;cff77557-6d28-6ea1-f19c-8ea994f359f4;126.36.114.172
garrisonveronica@example.net;(876)886-7358;29751a5a-ba7e-1d57-a13f-b321650cebd1;79.166.47.34
millsellen@example.net;732.859.6628;1f32b957-3947-95a8-2ce9-a422fd918841;108.16.247.163
wrandolph@example.net;001-354-506-4392x81954;dc6adb9e-539f-3d26-cead-4b9593e791f8;171.169.197.38
snolan@example.org;001-487-624-8655;616f1731-9ed9-c7bc-ee21-ce95dcd5e25f;196.235.130.125
jeffreybass@example.net;989-996-9986x25848;bca5cc76-bf7a-8eb2-eb54-3874356ef681;136.46.49.216
lisaday@example.org;3143354680;41809a70-ebef-e50d-b4ca-9ed69afbe994;208.22.219.33
millerjames@example.org;321-934-5679;d63c4d63-89ee-c68a-93d7-ea9e4100e891;145.211.144.206
jason23@example.com;(481)523-9416x11307;df12b44d-8eb1-4057-4214-aa439f16e0a6;133.2.44.17
spencerjacob@example.com;001-478-430-6816x29140;d7a358b6-383b-e932-ac55-0de2652d529d;213.210.122.6
grantlopez@example.com;267-287-0025;17661456-83b2-9c3b-c51a-fba7934365fe;174.112.33.141
matthew20@example.net;001-590-589-5620x26226;647b23a3-7741-fc2b-25e3-eef5012ec00a;145.180.136.13
matthewwebb@example.net;(901)853-6179x564;93785734-f037-e11f-243a-92a409f70695;192.17.68.92
martinezian@example.net;001-312-442-7778x3914;e6b114b8-ee16-046b-32d9-94250bc6ca24;119.114.156.204
wscott@example.com;001-792-530-3794x84918;a11b7f7f-ae65-08f5-d53f-6a1dacfa40cd;38.174.160.179
nancy72@example.net;420.922.8591;30122b93-30d7-b2f4-b3d3-d0a7d61d5dc6;135.189.166.96
thompsonbrandi@example.org;+1-604-649-9984x8895;16d68105-c772-ff33-088e-25aff7fba420;213.126.240.92
stephaniekline@example.com;426.291.8789x6048;0016eb01-642b-d664-9aa9-2a98edc5d216;153.204.240.6
drogers@example.com;+1-992-790-6963;37727022-0d18-e922-82e4-b75c6eebfe93;135.115.179.43
sferguson@example.net;389-691-4217x5094;62b0ca28-6d37-81b0-e686-62368a367de3;154.141.119.113
mark24@example.org;(896)270-8293x68435;b9beda76-bce3-a4f8-3b63-82dd44bb042c;212.14.194.86
reynoldslinda@example.org;499.954.6745;c4cef303-edd4-6740-a70e-f78624d1133e;40.248.157.21
hardyjasmine@example.org;5712806449;b7029ecb-ed81-19c1-899f-ade2fc89da94;68.106.50.10
ahodges@example.com;001-773-513-8682x32444;b5b4e7b4-eabf-99de-4f11-2ccfe9453707;159.238.171.211
jessica37@example.org;001-680-823-5604x479;056edc5f-f0cd-4f65-9beb-0dcfd17f74e9;205.219.12.108
ellisnicole@example.org;+1-395-340-2740x561;a70c9e9e-fefa-6b4f-e1be-46242b922394;15.49.109.101
qboyle@example.com;001-513-304-0298x181;11e5914b-0ab5-06d3-5a01-fbb14020d460;200.99.114.2
usimpson@example.org;+1-898-828-0445x06561;fac420ac-7f27-b455-5bb1-400be82b6e8b;89.167.74.134
millersusan@example.com;+1-868-487-4523x016;bacdafe0-faab-35f3-db13-d5b01a0f7816;153.245.171.178
garzajoseph@example.com;969.380.4919x846;a3b05446-6ebc-6209-f55c-50690a0d1817;178.255.220.116
frankescobar@example.com;001-205-968-4439x6405;e41b80a1-5888-b62e-c13d-d33463a3a0c6;206.194.30.203
turnertheodore@example.net;6855299271;e416c7e4-c1d8-e691-1bab-7383ba579ae5;195.84.228.227
ndouglas@example.com;883-573-5910;caf1d029-976c-bc13-e14b-c65bd53eb44c;206.137.7.135
nprice@example.org;+1-604-796-4037x79820;42e00307-69cf-2480-81b1-9d71febbca9e;218.18.235.226
stevensonalyssa@example.net;001-559-907-0795x210;e7dfa29a-1d41-6a18-1c90-22fc74e24d1c;183.187.19.23
jonathan25@example.net;753.288.2129x404;bade57a2-f231-154a-7899-d71789f480d9;220.137.228.121
rebeccawallace@example.com;932.831.5779x35556;7546d2e9-df86-f20a-87d4-b96b7fee8487;192.23.35.141
nicholasmartinez@example.org;586.698.7992;4be203a2-6fbf-b56c-8cdb-98388f1e95d6;185.248.221.79
monicamartinez@example.org;382-382-4675x48625;6086f03f-f5a4-c717-3b61-b7be96633343;154.146.15.144
jenniferlee@example.net;001-287-420-5487x92866;16b91ff2-9f16-f149-ff24-abdc6600d420;27.184.253.0
hintonscott@example.com;860-266-1365x804;7db2a946-34aa-9322-10ed-463cfcb01cd1;104.163.152.203
hobbscourtney@example.org;685.994.0792;e0eb8b12-4664-b70c-50b6-acc9af5c3a82;132.28.226.230
elizabethmoore@example.net;397-850-9208x77230;e3f6b0e2-06d8-1523-a551-3f81b2a35035;166.153.179.252
vparker@example.com;+1-366-517-9781x5430;8e819b16-20be-87f1-8e10-34f3968542af;223.180.214.101
donovanstacy@example.com;+1-488-483-7424x0788;a23b485f-ffc2-e6ff-29c7-e88114b1f348;163.52.56.109
roypeck@example.org;546.720.0931x3765;d6231052-f30d-757f-4674-82b395799af9;216.148.205.28
melissaking@example.com;911-920-6168x036;43089f3f-1851-960e-863c-4a9cbe81b1d3;2.38.221.31
stephaniespencer@example.com;(481)523-9416x11307;7e24f017-706f-6145-a74d-541242ed214e;164.196.238.199
yjennings@example.net;799.570.0916;66a354c5-9022-5964-c46c-1c75f74940f8;153.240.214.174
wrightmichelle@example.com;986-854-6740x872;e895f480-edb1-5123-83f0-f207b867706b;6.168.168.119
martinezjustin@example.net;855-462-4992x34307;f76f8a67-03ad-0048-c708-db43aaac8e40;174.104.53.154
thomashicks@example.com;(509)930-8140;1364cfc4-9024-cb1b-b877-dfb38d77f9fb;207.84.245.148
stephaniethompson@example.org;+1-415-221-4666;ac642d41-3712-1694-bec1-2e2d1828d1b5;162.83.233.207
pamelamueller@example.org;(654)985-4429;a1f70741-88f7-e80d-5644-c50053874733;202.84.11.22
phillipbest@example.com;(378)805-4903;2b5703e7-b91c-eedb-ee80-3290a06665d5;210.115.255.192
bryan80@example.net;+1-787-841-1224x371;64b258af-cc27-8442-6d34-117f82131d1b;9.133.2.67
courtney17@example.com;8756379268;03eca807-1861-65e0-2c3e-a135032a0e47;22.255.69.214
andrewrobinson@example.com;600.724.2616x32925;4a55d27e-6f4b-ac1b-1cd9-787ad70f62a5;174.71.186.22
oscarriley@example.net;(935)316-9565x655;6547eeca-0795-d132-0fc9-2d4812da7895;199.196.60.104
walkeranthony@example.com;681.675.7742;690df024-7910-45ac-b9b8-044abba156a0;194.234.248.149
angela29@example.org;879-860-7734x23707;9a0cc1e5-a69c-0888-7402-a334905847cc;143.22.209.5
katie28@example.com;616-982-1056;87381e8f-381c-c906-a3d3-1ecffe72bc9a;18.155.84.80
chammond@example.org;758.294.3620x47335;358509d6-7ff5-9d3e-942e-f8e0477f3c54;214.190.143.231
jennifer26@example.com;+1-824-293-8466x6002;88e25def-bdcf-3b65-0b06-0d83180659d4;118.223.109.44
yangmorgan@example.org;525-940-3038x015;46b601e6-17f0-8824-bd05-1d3eceada361;195.142.170.20
kellymichael@example.com;945-391-7062x652;ae7e6147-fc31-4106-7939-a98b3a9ff41f;54.8.137.92
ingramjennifer@example.net;(243)841-1450x270;50796d2e-03e0-2bcf-b9c4-b5fbcaf31022;4.140.165.200
plowe@example.org;+1-545-332-4142x62460;fa70c18a-69b2-3c72-7977-a0d86d06d370;129.115.210.153
tammy17@example.net;+1-338-913-1187;20cb9eac-b29b-f21c-5e86-cc39354fefdb;11.249.216.25
davidsnyder@example.org;833.795.2641x209;d4d0e922-af1f-d443-7fec-7fd7e5b544d0;40.90.128.194
davidpatrick@example.org;4795252827;232d5ba4-ecbc-9199-a714-7f39ad8afbf6;24.28.166.231
emmabrown@example.com;275-720-0018x60231;979771a0-14bc-46cb-80ad-c6d966909ab9;139.215.160.175
karen27@example.org;+1-878-224-4572x11812;e6c5a16a-074c-4f6a-8b8d-b78fd83b7871;130.222.163.202
ronaldmcmahon@example.net;607.978.9224;02e8147e-c70e-c1a5-3fdb-f5ab3ced2e08;31.41.71.187
christian77@example.org;001-769-464-6078x11048;19f94fa4-23c4-6d54-339d-50241068ca00;207.249.205.139
lance85@example.net;(990)514-0421x13088;e5370d03-ac31-06a7-496f-f0513baa8378;218.57.112.100
mark70@example.net;600.238.9555x98060;356eb0bd-bd48-e5b1-e3c8-e778ef8d0217;67.112.75.138
hubermelissa@example.org;503.866.9079;50d14f30-a846-5f63-2b60-4d5a78d08f94;192.217.192.199
jesuslong@example.org;001-621-954-9133x439;c6e85ecc-3c93-9f02-c867-d697c87595ab;189.68.136.44
lowejessica@example.com;694.737.8808;e1595449-c4fd-7382-5b8f-53274ffa5fe3;179.85.174.131
charper@example.org;001-625-615-2471x81925;a47b4a1b-8c6b-e856-6ea7-d0785fd016d1;105.187.55.122
williamspaul@example.net;+1-973-470-5643x0247;7f1ff88d-482f-c278-adfc-6a3d424013cc;88.114.43.13
zgonzales@example.org;(508)768-9696x386;0465e39e-8700-49f7-5804-77fe95ac0452;97.57.133.15
willisdavid@example.com;594-250-9803x26914;afd55c1b-b1f4-0056-9b7c-b201a7e893e1;222.26.85.13
mcguirerobert@example.org;757.707.3917x5098;6068dd5b-a5db-1f09-857b-29adacac46bb;120.76.114.62
kaitlynflores@example.net;001-668-302-2424x086;7faf796f-e6f0-f026-12b9-a70d36a0819b;107.30.20.166
russellholt@example.com;001-522-379-5169x601;56309ecf-5ee0-516f-a827-398fa8d0a70b;2.78.106.134
kelly12@example.com;001-992-537-7932x17272;52f384e6-6ad3-3cee-5bbc-856bbc32a701;20.9.255.119
aliciacarroll@example.net;9804095775;f104303c-0222-ce91-76a4-20e39bf1d87f;151.159.91.199
rjordan@example.net;359-312-6066x053;697f2741-302e-9fc5-71f0-d97362cd9814;102.76.215.147
steventate@example.net;(275)704-7616x0256;ec547525-b206-8f44-b53d-45cf3e9a1191;186.56.97.1
gsims@example.net;+1-929-234-5632;80819378-8f93-8ef2-e34c-35406b5c8e58;33.6.170.48
zwhite@example.org;808.711.0869;66544505-752e-4712-d374-4c3105285787;52.78.238.55
robertknox@example.net;(579)474-7847;99cdd428-eb89-eb32-c80d-7fd43e6ecc80;34.96.225.57
pclements@example.com;(822)272-3419x4121;8bb4d017-9f3b-61dd-2cd0-3e595b187dbb;7.240.126.107
smithandrea@example.org;944.472.7003;c5d22d26-1c59-b6fc-b7e5-fccfa3351ff7;209.85.107.199
hinesdanielle@example.org;001-293-200-5369x6340;f2e088b2-16b3-f561-0211-6fe7a023b774;168.237.1.20
moodymichelle@example.org;(606)775-2783;1d9ec039-cdc3-a792-194a-cdd9572cf339;89.25.255.150
nbaker@example.com;258.795.5339;b07ef604-5485-943f-4281-605d8fb04a51;138.195.147.85
eriklopez@example.org;001-677-641-6724;dd835394-d091-5784-491e-be333d35ae8c;195.168.110.59
toddblackwell@example.org;560-542-4297;c09c20ed-733c-4c02-d2b9-2311e6b88247;219.148.107.191
kim94@example.com;001-284-224-4657x7417;f18030d6-ed04-c10f-b5f9-0e75235572a1;65.59.55.13
allen52@example.org;001-974-788-1132x2483;16c0ea03-307f-5e1e-a1c8-589816b56e7c;119.132.242.148
tstrickland@example.com;001-406-367-2656x9946;43703e10-a4cb-1058-3886-c376cdc283f1;35.75.134.74
mcintyredarlene@example.com;817.659.4961;bc970764-0c80-c191-c1fb-94aa52fe205a;161.152.134.175
amoore@example.net;9259161563;4b724f19-c668-a6a0-0f9d-b3ae9a101571;214.29.25.204
rangeljoshua@example.net;416-962-1239x158;4d2cedc5-7b7b-03ef-495f-4faf76f742d7;192.73.42.69
hayeskevin@example.com;(977)899-9157x6634;1b1c87f0-2e19-4f9c-dc27-baca06317a05;220.210.162.46
frankhoffman@example.net;+1-513-377-1143x1967;ad66a03e-c198-ee5a-d5e7-56a19cf406c9;165.182.109.58
ericbutler@example.org;+1-342-944-0762x37389;9435fde1-96c3-beef-26db-9fd3bf8c67d1;22.237.163.237
edward75@example.com;578-271-8110x3252;ea75cb86-498f-2807-078d-21e60989538e;102.226.196.101
cpage@example.com;001-942-299-7529x50459;c482a85f-8e88-b9d5-82db-b8dfb422313e;73.142.215.70
michellevalentine@example.org;001-640-910-4750;99c0c9d7-b348-78ac-edc9-4cc935f4ea94;209.223.209.110
onelson@example.org;(474)704-1931;6c667b1f-ee70-649a-ca95-e10098642204;168.91.15.140
markchapman@example.net;8098467992;87810cee-8f03-84fb-528f-86d10cc9ead4;107.222.72.8
susanwatson@example.com;+1-646-270-9206x03047;8ac67bc4-cc1a-bca2-571f-85ce6a611020;112.41.243.204
kathryn92@example.net;570.382.8906;3b0ac03a-496a-2060-d8bc-48b28e422478;12.164.214.72
dadams@example.net;+1-406-207-0677;d0d709b3-3800-a05f-7748-ccb8ccf73eb2;218.227.137.249
april64@example.org;+1-284-875-3850x998;48fc21ca-dc9c-2e67-4bfc-d783939a4f93;50.245.143.152
ramirezerin@example.com;+1-593-376-2091;593cd268-924a-d9d7-4380-66140d61aa84;123.233.80.129
edwardmiller@example.net;+1-892-312-2453x684;ee436b83-e80b-c14d-89d3-7a4c67c6de19;104.218.26.157
michelle83@example.net;214-345-5737x298;37f7caff-c283-5b9a-45b0-dd4a5c9825c6;135.4.18.251
william27@example.org;2995356426;a9b28949-f22d-4c42-cd2b-bfd1a2865702;19.137.110.74
donna68@example.com;+1-591-878-5905x423;ea309b79-831a-1d38-4b85-9f33a0f98695;152.63.51.241
kaylarusso@example.net;(665)506-3446x6347;4d0cf588-1b0c-7e50-d2a9-183b4a5c865c;172.85.56.201
ohuerta@example.org;(498)645-3845;544c78c1-ee87-63f0-6af0-f51c574f8fb4;185.140.157.238
stephanie41@example.net;+1-497-374-1346x57569;8843e116-9d38-90e5-5432-231a97123290;145.70.66.206
enash@example.net;404-632-5494x1320;1dc097d0-6fdd-00d2-e1b2-d69a0255a87c;98.82.22.164
chammond@example.net;(432)216-5755;9c264f50-5537-8bae-9138-27fb8698524f;219.21.77.250
jonathanfleming@example.org;001-683-821-8505x31953;cbc83da1-0d4e-bcce-7af9-2c12a929c7ab;195.10.104.178
thomasmorgan@example.org;2873817228;1d7187f4-59e3-e515-75fe-f4094160e964;114.136.137.24
seanortiz@example.net;001-387-725-2760x22022;f9267334-c331-3398-e260-24ffa6eeb453;193.104.28.148
hkeller@example.com;(776)276-4479;967e77c2-8492-0b69-eef4-5b64f272e643;65.214.117.152
gonzalezrussell@example.com;(721)729-7068;138705af-5bf3-3e72-be62-bddc8ba0967b;145.81.64.182
ebowen@example.net;+1-895-493-4181x139;68ea85ad-49c4-61dc-59ab-e167347b45e3;121.100.80.249
cthomas@example.com;(286)607-4191;96c04dd7-3cd2-c4db-fd6a-1a249eb39836;216.144.92.35
bellshannon@example.org;230.820.3364;7998a239-1361-c51e-4c6c-b523128220a9;78.243.109.121
christensengabriel@example.com;611-976-7884x817;989abb3f-1e44-4d9b-ecd0-0fd57ce90317;151.187.75.150
benjaminjohnson@example.net;001-671-791-7340x131;79edb387-d7ad-9d42-ddc5-fc2297bf792f;71.44.81.25
estephens@example.net;+1-535-741-4273x9183;17e9fe48-77f9-770f-6d54-631aac27d5c1;214.96.194.38
griffinchelsey@example.org;610-882-1482x967;9d4d0891-7f22-6665-f20e-177226f2d402;199.178.152.215
valeriesmith@example.org;699-478-7564x7222;f2bf1661-bb40-4386-7b2e-e0e3094ee22f;168.167.169.33
vincentrichard@example.net;(856)858-1577x606;8020e3bb-fe08-33ec-c937-56229e0edb53;21.23.130.254
fowlermelinda@example.com;776-860-3722x76456;c4fb4569-2709-9d52-2a65-30bb170c6fab;129.4.228.68
jenniferperkins@example.net;291.942.2795;2c34dc31-268c-151a-a373-b4b49ecb7ff3;182.194.187.205
ramirezjade@example.net;+1-914-211-4217x2040;06ba708b-4b76-d459-d0ce-016d47870ecf;171.167.208.81
bholland@example.org;001-434-494-1721;2c16319f-42a0-7963-effb-49fd0c3832a6;103.32.229.244
laurenwilliams@example.com;303.297.7147x8713;df1a7152-cf6d-4863-1943-9fa9d1ed59bf;140.106.54.18
lukehughes@example.org;499.740.7302;7b430d20-d025-8560-7f7a-292a5827344e;73.35.176.169
shane48@example.org;402.323.1488;886ac83e-46c8-97a0-9ddd-1b25aa9590ce;66.117.49.178
mary93@example.org;(889)390-0573x435;66fd559e-7cff-c72f-ace6-a5bef9f565d2;196.30.48.130
shawnmooney@example.org;(876)443-4303;20c02907-3dc2-3c73-5bbb-2ba1709cc94b;29.124.77.105
eguerrero@example.net;533.637.9230x95178;bd4f21bb-66d1-7efd-9ee5-8ebc61f8b5b4;204.31.195.86
williamsdeanna@example.org;001-977-695-1498;22c3f8ec-72d6-4748-2518-d3e08479c25e;19.159.163.82
qmiller@example.net;8085435688;478e4213-5d08-60bc-ccf8-1a33936b7472;16.63.20.109
daniellelang@example.com;001-973-532-4016x6589;140a610a-a7e3-99dc-9cd8-05e3afac859a;187.64.234.34
johnsims@example.org;001-603-432-6061x140;b0b13bbf-85cd-9425-f90e-8aa1fde0b54a;95.45.170.234
brian91@example.com;708.960.2553;7514b3a6-5153-5f4f-180f-6e3101198bde;221.99.158.136
susanclarke@example.net;001-524-865-5050x22264;b030dfb4-e079-7114-bf0b-6047b12a5486;103.110.214.76
regina90@example.org;001-528-493-5885;4cef7b40-23f3-665e-532e-0ef7ad06aae6;39.103.78.89
ortegawilliam@example.net;+1-273-998-3550x465;7031141b-5e9f-f9f1-b29d-1fa721ef0a40;102.252.9.206
bradleyhammond@example.com;001-970-219-6107x30488;e808a889-7ff6-8b75-bde6-d77e50930b13;104.36.117.187
schroederrobert@example.net;619-700-2656x576;c05b3d28-9c32-ca09-b84c-33acea60e5e7;215.191.127.42
hannahbrown@example.com;001-615-621-2501x88043;8cdb09cf-982e-8fd2-f250-20146b6cf394;218.85.193.69
kkelley@example.org;4412206930;0ae8bb7b-9283-ffec-bc18-a98891c909fe;98.211.229.64
ihenry@example.com;279.249.7618x161;84a58408-8abf-b606-18cc-6307ae1fc47e;202.29.90.94
bryantscott@example.org;223.357.5620x441;4079a0b9-5743-94b7-f272-f79ff7385c9e;221.163.141.173
phamsusan@example.org;715-795-4504x5241;5abf6c98-7088-b95d-fe43-f7425404ac91;194.132.201.212
travisphillips@example.com;+1-605-702-7135x22802;d2c0ed08-4fc3-4d33-25dd-3e438ad0cb6d;219.2.202.26
mcdonaldjennifer@example.net;(875)787-3567;1a7b9955-4484-1868-48e7-8342e649c419;206.31.67.33
crosselizabeth@example.com;001-252-322-1029x0183;350fce63-431c-7a79-8068-2e4bb45c55b3;169.150.119.231
david66@example.net;581-512-5602;68bd8879-b4b1-976a-59f0-5ac68b1c184a;162.217.151.19
rachelbautista@example.com;+1-654-724-4858x21408;66b0f1c8-c6d6-0107-8626-8bcf6f145c77;24.83.188.12
thomas28@example.net;811.689.8431x68498;4de5135b-33b5-b9a9-1bbd-d48329b3eb37;194.72.66.190
rbrooks@example.net;657-917-9037x5064;70c8250e-a1dd-1a85-3635-f88955e233e4;165.164.94.148
bcole@example.net;001-427-834-8596x30288;7a11a150-51a5-8b86-dfc6-5579298fd677;182.5.56.193
jenniferlee@example.net;001-287-420-5487x92866;58eb7d10-e468-0ee5-2968-74d957db9740;27.184.253.0
mluna@example.com;296-836-3609;405f9122-c05d-ca5f-d9d9-3f602d1ba447;220.131.133.179
kristina81@example.net;555-568-0398x7616;a8f303b3-43e1-46be-d00e-614716e52bfd;136.160.87.155
robertwinters@example.org;001-247-278-7680x744;418e7710-0cce-f109-8acd-e4d2fa39dcde;53.138.147.140
powellmelissa@example.org;374-365-4297;9647de82-a7a4-e529-ebb8-39020804df01;164.80.240.223
eweber@example.org;388.693.7000x3071;6102bb5a-c9c8-a33c-f317-86cdbd4609f2;143.165.159.63
stephaniehall@example.org;419-721-8462x96596;62e45de0-b61c-ca55-4ba3-1acf945f1c91;202.24.92.169
stephanie60@example.net;001-700-629-0738;862e30ed-9add-92ee-4cf0-fbeeb40396ac;220.21.141.168
jacobboyd@example.com;676.601.6557;03057d73-502a-a969-77bc-24cffc8d2195;110.47.21.73
darylpadilla@example.org;3023825833;68492264-4701-ab08-f001-f45365b196cf;147.241.74.33
andersonhoward@example.org;(260)673-8393x1520;73232679-6f2c-c2c5-e9a7-a548268cc9f2;61.154.42.179
christopher72@example.net;001-330-598-9977x389;2a426bee-1977-22a7-3e37-1c035fd1d47d;76.130.134.115
gowens@example.net;311.238.0974;8a63e451-5500-0a8e-3f78-8156e31fb132;156.129.199.70
joseph08@example.net;859.611.7975;7e7ac3fe-180d-6cec-6b1a-2368640afc9a;133.213.132.23
farmerjennifer@example.com;+1-413-783-6346x3921;93d50ebf-2f10-f982-7a9d-bc8a817eca6f;26.15.119.188
karenshaw@example.org;(600)224-1178;c81777f2-54cd-5c15-8ea9-444b32f56b7d;192.244.115.215
mrussell@example.com;951-719-2281x0456;88c5936e-6ed2-c302-0a53-cda04f368502;150.60.37.152
regina69@example.net;326-964-6435;61dc92b2-a9f9-7a44-035a-f24ff20eddf8;217.64.44.220
olivia19@example.net;985-625-0187x6160;49d1f73a-bf0b-ad2d-c440-7b9fb2fe1890;194.221.31.4
kimberlyallen@example.org;+1-616-751-9453;d512c94b-c6db-d961-ad12-d7adae0a6ba9;211.36.39.164
elizabeth56@example.org;(357)402-5672x4403;17ffbffd-12bf-bf66-380c-74aa03037182;220.249.206.195
garciabrian@example.org;(455)364-3668x50211;27b1f348-f6f3-f8da-212a-949bd711b3fd;108.13.239.64
daniellejohnson@example.org;701.225.0419x76694;d2e9ba46-e537-64c6-df2c-427c54fe5ff0;18.7.37.212
osmith@example.net;001-750-727-3365x94721;6b230af2-6760-2e84-0ec0-629124dd3ce2;65.65.253.148
juliawright@example.com;526-447-8026;f4b025ac-6ae4-e327-95e6-f5bd5a855f20;18.246.98.36
dawnmitchell@example.net;898-727-4233x760;e30300e0-475d-87db-5061-671466d23250;189.164.233.95
qschmidt@example.net;+1-454-350-1218;e8a870fa-5410-e7b6-1ba1-8f07475475a4;222.118.215.243
jose55@example.com;(859)711-3844x1574;e142fc52-ceb8-ae7d-db56-526512444af6;183.176.137.217
phillipseric@example.org;(704)821-5968;50173cf3-3f30-5c69-1a80-5413b3afa468;51.142.177.193
scott38@example.org;(857)547-2728;fd656fa7-832e-126a-7e65-7f03ae181c16;189.106.208.122
sesparza@example.net;001-219-446-9251x1927;ab22c37e-0846-2293-e5af-ebdffe735e8b;200.66.182.115
utodd@example.net;+1-774-491-0132;a5cea9b7-5219-e4ba-38fd-a56407160df7;31.219.204.165
thomaslori@example.com;567-775-7004x007;46585ece-afc0-338c-68c9-8d4a371bcd98;212.214.36.148
lindajackson@example.org;3286957624;44ea378f-5b1e-ac75-8391-25e61cc446a6;153.91.175.244
angela38@example.com;(311)248-0103;f8d3b94a-6868-52db-2fae-526a217d4c7a;211.237.246.246
blake71@example.com;881-979-8048x11692;a1c21ac8-191b-5eaa-e23c-4686f464e2e6;195.57.8.41
james43@example.com;001-310-622-4877;a264d79a-4a5a-431e-3f3f-0514b1d05f46;20.48.217.87
icarson@example.com;914.900.5569x699;9e14b9d0-ca42-af91-8c05-d3abe868cefe;210.213.15.48
ecarter@example.net;680.721.9374x89418;33c7b1d2-569f-202b-b8c6-753f8fc762e6;58.21.55.94
utorres@example.com;561-799-4380x549;2eb201a7-5cbe-5a9f-5e87-3bbe75c20156;192.233.236.219
michael93@example.net;9116729086;8f25a7e3-fb1a-5ee2-be6c-2a008c1ee09c;134.10.72.187
edwardslori@example.net;001-275-411-0355x6556;d77e8049-8b94-31bb-2c6d-4636580f7b93;223.82.81.64
huberanthony@example.net;001-868-994-2011;869b1b30-db68-bf46-4807-0aa236f3d93b;19.186.117.4
khernandez@example.com;001-405-235-3659x6649;26e43931-2ed7-f820-4f36-298095d3bc18;220.254.13.117
rosejody@example.net;999.208.0011x40900;14987a53-e6b3-9ff3-a932-a3226db2bbb4;100.253.187.196
cooknicholas@example.com;9053639755;02055ce3-7e06-5218-57ab-632315599f44;205.241.6.35
andersonhoward@example.org;(260)673-8393x1520;9bb06884-f8df-0615-0a39-d293572fa6c9;61.154.42.179
kevinpalmer@example.net;328-701-2163x4240;cb5a60df-0365-7cc4-a21f-ce99fa5d8b38;215.134.79.53
harrisjohn@example.com;415-721-4371x01368;bf4b6009-9ffc-98e6-bfb7-7119efde98d3;163.27.219.117
robertprice@example.net;896-763-1636x948;4fad905b-a032-a48f-38c8-c318f84c8dee;216.170.178.2
josephsmith@example.net;590.340.7603x839;99a24e45-4f4f-4ea5-2d5e-b0863ab17fd1;192.23.35.141
kimberlyowens@example.net;550-897-4136;f845d67b-92a7-acd3-7e50-5bdf4dae900a;166.45.223.102
vstone@example.org;634-713-8894;ac8b32ef-1468-3a47-92d5-a9cac721fe65;125.236.11.184
sherryking@example.com;817-667-4325;a0030903-39fe-2e8a-0173-717a900b5a1a;44.246.76.197
jfigueroa@example.com;347-308-2434x8726;cc93373a-7313-321e-3d01-f009406b0ca1;195.198.189.203
powellsavannah@example.net;414-441-9925x107;a455c7e0-7baa-55ba-2f58-30bf5062c43e;202.55.189.38
ericarogers@example.com;+1-750-665-5140;89c261b4-b951-830f-f2ec-50e5d0be1a0b;68.204.78.224
burtonchase@example.org;(231)667-2489x75046;283b5e90-016e-4859-9f9f-c663efb42297;193.109.236.8
katelynrobbins@example.com;9615435011;f401676a-ea01-7a00-56d5-b6d0c7861293;206.34.141.50
penamichael@example.net;(780)726-7878;df5ea07e-432e-c8b4-c394-9274cd050c82;200.0.16.79
hayesvalerie@example.org;404-930-8785;191260cc-4352-777a-614f-49dc1296057e;158.1.187.27
janet13@example.org;661.964.9879x5925;ea984a48-7439-8bc6-a97c-260699139eac;6.166.128.174
bridgesyolanda@example.org;410-358-9800x09730;1b9561ad-99f6-0af3-fc4e-87927d632460;199.87.105.253
aprildavis@example.net;001-424-555-0194x7304;e80f02b0-fe91-9ec3-e78b-d4320adb5d03;179.187.40.227
ericarogers@example.com;806.978.5507x072;b57d72b1-c5b8-fef6-5c6f-ab9cc06d8143;68.204.78.224
sthompson@example.net;(433)820-2689x111;9e1ba581-398e-6b8b-cbe2-65dbab9d0e40;120.147.228.60
pughphillip@example.com;001-558-869-0940x91572;855f8c4b-743b-33a4-4992-d332b28fb7d8;194.18.14.133
michele48@example.com;(812)425-6947x2582;aa348f7f-36d0-e703-f6ee-523fadfffe10;158.175.209.102
cartermichael@example.com;663.618.4602;7847fdac-784a-9f30-acc1-b332c2dde326;11.66.109.247
brentreid@example.org;840.262.6491;8fa97ba3-42d9-4454-ec33-9a37de1a303e;93.100.209.179
richard87@example.org;524-260-8409;796d1b4e-d145-1cb2-f54a-cce2ac438665;143.198.1.164
mklein@example.com;(439)702-4655x626;a5bef02c-ec78-ffc8-1822-713ce9d995f8;218.13.240.159
nicolesanchez@example.net;4217328177;0b281a3d-3840-e6ab-cb3c-ff55ad2d52be;132.151.117.77
garciaelizabeth@example.com;402-381-3393x22203;19cf2cd1-c6ae-719a-7127-1292e8e98e1c;77.29.100.225
colleenthompson@example.net;249.259.3081x459;bd23192c-aa87-4800-4d5f-ed35db833fe4;12.128.222.229
janet36@example.com;001-884-568-6123x5088;bb74fc53-6770-4137-da3c-f218cb14b8c0;113.115.104.204
leonard89@example.com;(390)519-3957;eb58ba75-6bf3-75dc-0018-c8c85ecb26b4;168.244.127.60
owiley@example.com;001-390-491-3327x20593;389c199b-10a2-afcb-b3d8-25e46bb55a73;174.83.219.92
wilsonkelly@example.org;+1-793-956-4795;c6083266-5db7-5ade-a06e-ce9c5eab3ffe;179.146.82.129
lisa46@example.org;+1-222-855-1105;6b14aa2f-d39d-0abb-674e-ee46606a8f27;146.182.125.251
clyons@example.org;(609)699-9047;74ffc3ad-beae-4633-5f10-d51623cdf275;177.169.91.100
alanaguilar@example.net;883-273-8490;462d515e-939a-9e38-247d-3bb4141d43fa;51.182.179.133
ckennedy@example.com;262.982.1832x915;9d7fd524-09aa-aa7b-fe32-ffcc9f6c9426;49.57.9.109
stanleykevin@example.org;8508995192;fedea07c-9e0c-3134-c7ea-fe0b7a29774e;136.144.252.84
williamwest@example.net;+1-950-705-2120x929;ed99b502-8982-8c82-758e-8758de4db290;213.165.21.71
velezterri@example.com;726.746.4898;8f518b35-1b5a-860c-b89a-489a0a4e12a9;48.152.105.162
gabriellabishop@example.com;454.752.3740x0449;96608f04-cd6c-784d-d2e2-2f6d7298046c;201.183.102.105
christina50@example.org;497-359-9833;e715f111-a25e-46a6-6de3-f5427c25a78c;17.66.91.66
munozbreanna@example.org;+1-211-344-1758x7718;0012332a-af4a-b10d-164a-726a3288fa83;67.54.73.123
vsimmons@example.com;+1-789-707-1777x85310;ad5aa770-e2a7-307e-d508-dd5e9c9be7b3;23.62.200.143
megan91@example.com;609.396.3141;67232ba0-69c5-84b0-aa64-e028e8099686;136.157.101.150
rayholly@example.com;+1-373-290-5247x3460;fcd3a42f-3c74-ef78-69d6-1c157fe1c965;149.4.150.126
edward08@example.com;001-784-886-0683x2012;83e03865-4523-9b3c-4ec8-49c56b551812;192.28.164.39
gailscott@example.com;2327288230;7f7457c5-cdd0-afce-7daa-c41d95011acc;143.200.74.48
linda89@example.net;001-408-347-3698;2dc7af67-8547-0225-f1e6-864078d7e206;210.28.166.86
chadjacobs@example.com;(596)281-1932x65072;a98709f9-720b-8e8c-fc07-47d5473de86a;182.45.84.82
ejordan@example.com;+1-461-692-7511x552;72d0c6f0-3da6-8671-adf0-f457bb59e580;197.176.183.114
kimberlyramirez@example.net;(291)403-1583x278;c0342819-8b1d-30f9-d1d2-7ba437e9874a;220.73.137.34
douglas60@example.com;+1-479-907-5189x10698;3249b804-9bef-3b2a-6b57-9d9afb534229;160.231.210.158
xrodriguez@example.net;401.339.7479x55790;e8be9e50-68f4-21bd-1449-7661c701213b;112.248.205.191
aherrera@example.net;579.623.5347;2aaaa336-4444-2b32-4d23-1a4bad3dcd90;49.253.152.148
ybell@example.org;001-981-224-9345x4857;bfbdb003-b665-1a55-e555-0d3e847c934b;198.3.219.9
mark37@example.net;001-605-355-5695x37136;70fc5a0c-b106-4e3f-397f-e4268b7e0d84;6.212.141.20
ginafox@example.org;(434)430-6385;d6ef086e-8c27-67a5-5300-862fc90341f2;151.68.232.189
robertellison@example.com;507-934-1871x921;b04aa519-9617-eb90-d9e2-173b6d87bb9e;179.94.32.185
davidhernandez@example.net;+1-832-237-9627;4fa03bc5-c57f-31eb-ccb7-c984f662bedc;202.8.144.237
hortondustin@example.net;+1-621-342-0151x7106;0af41b1f-8e8a-0f36-bc74-0a3f1e53187a;173.176.229.40
xgarrett@example.com;001-915-705-8859x76576;05e58916-baac-f956-e019-6a42642a8e68;199.92.242.6
jamesallen@example.org;883.485.6385;c6c60072-7e96-8bb8-0e45-57f577516e13;215.237.176.241
rebecca18@example.com;964.333.6226;d71c5a48-61dc-dffe-ec88-a0ef9762f4b9;156.15.103.99
brittany98@example.net;+1-732-265-3121x997;f6dcb520-9e56-6200-ab55-d6e9a3d2011d;14.87.129.228
oreeves@example.com;001-456-805-6175x971;2a046c91-ab59-0091-370a-a31c4a36ef94;209.113.194.165
jesseoconnell@example.org;+1-879-781-4253x1280;8e1112c7-97b5-220e-561c-1ce3c54bbd7f;63.231.165.115
sharon33@example.org;(489)414-3391x983;8edcfd4b-33a3-5fc2-4b70-d14ec0421e71;214.144.171.175
sheppardchristine@example.net;001-695-871-9582x9289;37c1fbb4-e130-5d4e-9b77-55388fbea653;56.80.140.117
proctorrebecca@example.org;+1-702-812-8815x90650;662d9329-97b1-b77a-1286-616ce9ce71d1;162.244.41.250
hessalexandra@example.com;616-587-8272;eca4cf84-e5d2-a015-45e5-6b241eb89f08;194.18.110.190
williamstommy@example.com;(820)684-0576;7b8df6ee-37ba-a2e0-9984-81c1d6aa8416;170.205.114.85
williamsjennifer@example.com;(982)292-2812x02122;a0bb5b88-c614-b6b3-1d9a-b89d1d189c85;206.5.123.207
jasonbrown@example.com;910-740-2010x79974;229af2ab-f836-4845-ffe3-1257c5e64cad;65.59.55.13
katherine17@example.com;550.972.3194;f0240b46-6a5f-4066-ae19-01ec8f375b75;152.1.183.241
pcooper@example.org;373.327.1716x9552;60b384a8-c6a5-db0d-67a1-19555c981c57;150.172.151.222
fwalker@example.com;382-622-7181x57829;fd246ec4-77ba-63ff-60c8-1dafb139f390;31.58.218.63
alexander77@example.com;220-820-3273x36034;625f5cac-b103-934e-f1df-3ccbbd4c9ba9;86.36.38.157
fwilliams@example.org;(587)867-1818;95233311-f926-8864-44cf-e45799cea4a4;167.187.197.118
glawrence@example.org;7433342797;45bc594f-e4bb-9c80-3103-c9d4b01aac05;29.84.243.36
scottmartinez@example.org;(453)410-8583x757;6fe4c921-7677-4830-2ad6-b5f60157780f;1.142.113.181
erinmartin@example.net;370-687-8980x3747;bbd75a7e-b560-43c6-8cf2-cf4afddbab4f;68.9.84.54
davidgreen@example.net;267.979.3558x583;5b5504c1-eb00-7408-327e-5e03d463f58f;143.240.191.249
abigailhines@example.com;(271)692-8984x24001;29ee5fb1-2299-8b2f-8ab1-6d1ef9aa255d;189.202.150.1
kevin71@example.org;342-476-8272;c93a8b81-6eec-8fea-6414-3c19dcd14773;200.204.103.116
xmoore@example.com;7335031569;b0c05dcd-2b5a-fc2b-8eb9-9d67e9e9ca43;200.166.155.152
tiffanyfrancis@example.com;001-748-655-4901;7d38ae4c-0151-5a4a-0420-7812dd091813;218.128.132.4
dwood@example.net;(834)484-1335x816;acd59a94-bd86-fcfa-f3e2-87286e506349;157.184.205.139
emily92@example.net;427.911.8370x9806;6d37e4a5-e551-8cc2-a956-bd5a4b960cee;8.81.143.244
currysean@example.org;001-517-613-5502x947;6426c5b9-1210-fdc5-ff43-d6aa801ff401;5.84.147.60
butlerdarlene@example.net;9066529897;9275f330-0fde-b501-a300-5e98dad3354f;140.37.22.179
sethchen@example.org;001-298-500-0952x896;fe9f6f79-5138-0dc8-fae5-00b38f17ebe3;155.201.223.162
qcombs@example.net;795-379-2020;051eac13-021c-cb35-9cd8-58774c1b7e06;111.143.93.64
kristopherroberts@example.org;760.675.1485x3300;6b5ca715-739c-8e1f-52bf-bb6aa5b6bb9d;204.38.150.246
burnssarah@example.net;(396)881-0761x39256;001aba8b-5374-c363-d9a2-41c975438b9a;206.195.107.105
kimberly36@example.com;(792)603-3430;98571fb3-6125-3f3b-6701-2db6757b01cf;196.165.38.60
darrell57@example.com;868-828-2205;9092eec8-714e-925f-20cf-6a769f7f8c6a;186.167.185.175
brownadam@example.net;(929)885-5120x91325;a400c29c-5007-2b50-6a50-d0759000fc4b;199.3.118.145
watsonlisa@example.com;958-619-6652x443;3c9e71d1-7607-3cd9-d512-1d9acc654ad7;155.10.254.22
watsonmichael@example.com;746-753-2282x83773;03747967-5b1d-0e4b-dd62-ee3cfcd56db3;166.27.140.101
yadkins@example.org;+1-372-251-6605;6daaa9a2-29c7-d5ef-2056-8b27ab7648b8;34.165.150.129
bhunter@example.org;923.214.6590x0524;9c0149cd-3dc3-da20-6422-1e519b165b28;201.86.102.57
carl97@example.net;681.970.3063;261eaad8-2c15-0c23-b1bd-c6a23cc1eacd;159.19.149.114
tjackson@example.org;710-715-0406x814;fb2be0e6-07c6-1775-9a9c-d9bc48c52564;84.101.58.245
bondsamuel@example.net;(392)887-3497;226dad3e-9b8e-d010-2d3a-64a0c04f4cb5;28.247.251.112
jacobbrown@example.net;001-942-274-5975x746;bf2e5466-a310-8ec5-a951-600292b9fa9a;62.234.185.44
donald38@example.com;311-634-0595x580;c5f9c7e6-ab5c-7169-e15d-7a976f309026;217.99.199.168
davislisa@example.net;(524)644-1454x10856;eef37251-98a9-05db-6f7e-f807019520c0;174.155.159.6
shawnamays@example.com;(470)857-2030;aafddbd9-26d4-8ff3-e73c-b0daea434444;150.63.44.189
esalinas@example.org;405-987-0508;12de7563-f013-77f6-22e1-bfc11da0af7c;113.15.47.154
josephmiles@example.org;330.654.8018;59739d93-5d56-2a74-f129-79f504b44d6d;103.204.3.34
mosstaylor@example.net;(568)980-2436x82254;aeb59e8d-3d03-3f66-599d-7a74cd999d46;129.209.248.115
ellenchavez@example.net;3662234478;ef467665-ef16-366b-2ab5-b8b94161f22a;89.114.239.107
christopherdavis@example.org;001-755-246-6327x23665;48e96154-a8fe-6a70-744d-9189dba56cf2;157.245.90.7
lowerobert@example.com;576.904.2993x44696;6f548acb-4531-5287-edcf-0597d2000e3b;200.218.192.60
bautistakelli@example.com;465.851.2080x29909;f73362dc-d13c-2793-9397-a3e5d7b162a2;192.151.79.43
matthewwatson@example.com;559.519.6731;8adaf443-9102-0081-3f4c-8e06bab2a9f9;144.107.57.193
kleincurtis@example.org;(469)784-8692x501;6b341401-773e-23b4-5de7-e4c1f24e984d;50.121.190.156
qdavis@example.org;835-774-5727x80898;bbecd6a9-a7c2-fdd6-8034-0d7861448eec;38.181.151.33
craigshaw@example.net;554.901.4404;aa325d08-d4a5-db92-d33a-06ee20122940;214.93.248.135
jonesgeorge@example.org;622-780-8988x406;ee488846-1edf-5ff9-6c1e-a28ae5143d99;12.132.35.48
denniscollins@example.com;483-621-8795x7939;c899d3cc-c43d-9fe3-3587-7599c5f31fd0;91.8.9.202
james93@example.com;001-915-280-3686x7804;e60947e3-c4a6-d0a1-7a92-b634ec3771b6;39.214.255.202
schmidtcheryl@example.net;988-368-9769x21364;c6968a71-2633-68bf-7e33-44d47f56fb1f;168.235.201.200
gonzalestimothy@example.com;594.222.5906;c1f3f2f6-27e6-bfee-d145-9519d16d36ab;197.27.67.111
lawsonshirley@example.org;391-863-2949;f5e8ed01-4413-83dd-f58b-f985ff55a66a;14.234.46.194
ortegatricia@example.com;001-485-354-9191;524c4342-e5fc-d06f-e50a-c9a37e0c0415;166.125.25.225
pierceelizabeth@example.org;813-835-4604;d137b6d3-4af7-2657-a823-f6119a4e777d;159.230.190.163
awebb@example.net;332.342.7585x08196;1133861d-4e98-59d7-b497-19bc19f926cb;178.119.221.153
wrobbins@example.com;2595207311;1a443770-f032-68dc-d6e0-b6a70e263f98;179.72.10.187
bradleyreese@example.net;798.666.3801;90add5be-2da0-6dae-32c9-d11835f39076;219.55.110.156
wpatel@example.net;+1-759-578-8489x385;7fa012b1-71a1-21dd-caaa-e2df199e6f9c;185.100.238.63
amooney@example.com;825-865-4656;a3baa18a-a9fc-5d70-c42c-d1705d6e2e1b;210.253.112.206
jennifer37@example.org;+1-842-790-7014;115e8011-5ab6-e27d-2c32-1b5982211d28;207.34.158.158
cwatson@example.com;001-853-518-8258;dd868b1a-9b3d-16a5-1ce1-70cccab32fdb;143.112.160.30
qoneill@example.net;797.203.8305;e708d7bd-e13a-2f7e-c433-e2779bd83141;122.131.32.124
hleonard@example.org;822-442-2836x0519;904d5177-8285-5ca7-cd8c-7094d0b76efd;80.178.57.191
zraymond@example.com;001-370-268-8025;08a8995e-f193-5a3c-655f-1b0315e107af;174.209.43.255
shawn16@example.com;690.712.5011;5bbb7ae4-7250-17db-e534-43de8d008841;17.172.80.204
adrienne45@example.org;(307)638-4739x8607;ed0b55f6-8868-52f3-422f-5e39f3ae6065;89.236.132.76
brittanybryan@example.org;+1-690-447-9158x57586;8daf3fde-d3d1-f5d1-37cb-cd74efcb46cc;40.95.230.156
ronald86@example.com;329-530-2759;8012373e-b347-8f90-29eb-ebaf526f03ef;141.38.27.186
michael21@example.com;001-824-270-2690x668;c684b2cf-75ab-6f5c-7b99-9bfda0002cd6;137.17.117.76
steven29@example.com;(600)978-1686x639;021744cd-0d5b-3e7e-789d-8d866711efd6;219.209.31.80
braystephanie@example.com;(444)569-2286;862c6573-24f0-3cd1-d2dd-0bb6a3d2515d;153.24.141.99
anthonycross@example.org;538.873.2699;3c58a4b5-752d-0e3d-5130-2d68bc6cfc6d;41.239.231.245
lfriedman@example.net;(589)733-6972x4534;b08eca82-0e36-8169-59b1-569080bfb229;98.17.234.237
rsilva@example.com;(604)618-1782x681;8b99ff34-0c5a-2939-2d35-6dd7de41d7aa;212.176.17.0
xroy@example.net;+1-653-526-0279;8d9ef219-e66c-7ee2-3db0-eacb6c54d57b;153.123.55.170
qmorrow@example.org;001-255-298-9286x0497;d4d0e922-af1f-d443-7fec-7fd7e5b544d0;40.90.128.194
wodom@example.com;681.239.0134x479;a3fef771-07d6-dc5d-520c-d5928291c307;104.46.112.248
mcneiltanya@example.net;955.555.2388;213fe5b7-7f2c-a1aa-ef48-00423459baf1;143.231.240.124
murphynancy@example.net;001-223-272-1668x98556;82acc1eb-1256-5c72-5224-9ba232167f79;221.109.197.192
wking@example.org;915.384.4252x482;7e147677-4b8a-83d7-86ba-421bde60b887;202.127.26.61
tshepard@example.net;5925962328;ae7fb4f0-0861-73a1-9928-923f6b226c07;201.191.10.10
bhoward@example.org;624.594.2098;117f8cd0-e47e-2230-6723-81113a04dadf;212.152.175.92
joseph56@example.com;645-857-9663x1891;b5598ecb-8a98-d5d9-a2b5-a50fd5d52023;201.237.179.239
tracywalters@example.org;344-492-2332;39db55fd-9cc5-9525-d661-de406fa02203;15.80.101.183
reneeperez@example.com;252.761.1073;9d86c036-8ce6-5cde-f787-822ad4a0c5d7;70.198.50.243
armstrongjoshua@example.com;(601)307-4122x73537;c153ec8b-6448-d0c2-da29-76fad0192029;141.218.146.210
dennisveronica@example.net;940-301-6032x83348;4687e40a-7a89-0041-9762-3091c7b1a64b;133.220.122.232
eric17@example.com;(585)748-5426x55809;970f3e7d-4016-9ca2-031e-d59c11016425;183.249.176.70
jamie26@example.com;846-738-2028x66847;20e34558-be06-50e0-e082-bdb965cef909;136.223.231.121
lchavez@example.com;+1-999-436-1547x31523;f78ca9e7-111a-021c-6123-973c0445f8b0;155.12.27.132
umarshall@example.com;001-981-890-4473;1a098d8e-f450-8183-6195-be0c04f42379;144.233.180.109
taylorpatrick@example.net;001-603-207-7269x270;67c5d4bb-e44d-44e8-98a0-4fffd9f6348d;19.164.113.246
ymolina@example.com;346.562.2648x8845;c61d8e62-28fc-a7cc-9405-c5ba87459057;59.123.40.105
qwatkins@example.net;709-268-6286x58014;e981dda1-85d3-e6aa-7e41-5e765a6b5451;176.253.121.114
williamsjoseph@example.com;577-939-6325;e3f6d1f2-7776-740d-535d-bc43d850f5c1;200.109.49.36
taylordavid@example.org;899.893.2190;324892ce-8a6b-0219-8b1b-7312d018eb96;173.112.167.134
qgraves@example.com;810.542.2521x2282;7cd12b0a-a9da-b552-aa06-89b59e798cf4;209.183.206.186
gilesclifford@example.com;941.441.7969;dc3d7ef8-cad9-6c1d-f52f-4a41b763b982;78.1.9.9
vanessa55@example.com;306.626.4197x492;7a10ee4f-971d-2cb2-c832-a5dfe2f500ea;218.87.147.206
dhill@example.net;+1-933-728-0452;7c951e18-6a33-96c2-9ea4-3cd45f7c1cf5;133.143.48.40
thomas49@example.org;+1-494-536-9974x6692;a9e577f1-c3ac-0596-468f-c70a029d8bf2;193.10.99.117
melissaguerrero@example.net;001-863-314-8962x525;061d842e-5741-25bf-9810-6af900e6e842;199.90.211.188
ghoward@example.org;(794)328-2459;85f11bec-aaab-4829-f5da-d863333e3e02;197.246.148.53
michael50@example.com;740-228-3787;dbbe5ba9-12f5-37cd-5e23-f0fec21735e6;155.92.236.63
lisaedwards@example.net;232.708.6091x549;92496e32-b713-07dd-4537-1c1239839b55;178.21.66.14
deanna14@example.net;822.750.0016;4f217433-04b7-f7ea-2a6b-fa6eff39c7db;126.160.254.16
crystal58@example.net;4795419487;5c4f4062-0d38-6a69-d708-2576e07a297a;179.232.97.55
peckalexis@example.net;001-946-398-5940x242;48fc21ca-dc9c-2e67-4bfc-d783939a4f93;85.125.49.254
ekelly@example.org;(838)519-2687x01013;8dab9341-ec1d-47b3-db78-aa8009597b9c;196.152.0.65
henry71@example.com;4505825017;928351aa-cc89-3a98-d3d8-0c4ed371277c;162.213.46.162
jacqueline18@example.net;5185799704;e24430a2-1500-e799-467f-8a39c0195779;129.153.254.41
fwebb@example.org;725.500.2660;54dce916-60ac-c6a7-d0e8-71e8cf934a79;142.210.92.133
kimberly74@example.org;3978436051;59dd17fc-7074-4175-0eed-1c74c998c049;126.146.38.233
andrewcohen@example.com;797.514.3629;33a7ea5b-9afa-59ce-4fe9-5b4043ccb323;154.126.83.31
lthomas@example.org;875.567.1213x122;56cc8723-a7db-dff8-b328-a684785a590e;178.121.150.32
crystal25@example.org;(216)818-3710;945bf50f-6a27-471e-3861-393b80647497;199.138.39.226
carrie13@example.com;553.882.8996x4057;0eb67421-5801-8086-e49f-beb992a307a4;163.139.19.63
colinmoore@example.org;(303)899-0854x6830;df99bfa5-d2b7-8aeb-0be5-7c4ffad2c14e;36.116.2.144
josecarson@example.com;001-530-457-6429x463;b28b767a-bf99-30e8-e4f2-4efc7a23d796;154.246.154.4
barrpatty@example.com;642-655-2909x077;fa2a4064-c4ca-7abe-6dcf-e16af0d99246;192.60.30.24
erin36@example.org;778.373.1846x04472;9efe067b-784e-bbc8-c7ee-7e1c47561301;53.251.150.160
annabrown@example.com;653-325-4369;fbe59a0f-6dc0-58d6-7c71-4a64c24fcfc5;128.16.146.34
patrick81@example.com;(780)370-9379x92956;7b7c2ac8-c1df-b486-2581-9237bbf032c8;99.111.44.43
anthony02@example.org;787-791-5928x696;44ab03bc-9914-84be-3c82-4c1afb5831a5;213.200.163.149
millshannah@example.org;(250)305-1788;92b159a2-313c-029f-aa82-7fca12eb2649;136.36.6.223
jamestyler@example.com;5777554365;67a32b5e-245b-71bb-f15d-e34bb9d4092c;214.170.95.46
russell25@example.org;+1-834-472-6919x4737;85b66e0b-212b-5a8d-d6f0-c0f0e4b9ede4;91.52.251.224
daniel63@example.org;864.244.7905x2867;91311ba1-ce18-64f4-f383-5f67d0516f45;28.210.129.44
donnaramirez@example.org;(615)940-1474x975;441397e3-5479-811a-3b66-11d5d0ab1c82;182.229.154.213
kaitlinmorgan@example.com;9945091615;1ab414b1-10d3-ed15-fc8c-fb7313773c60;182.73.175.229
chad87@example.org;881-253-6655x95782;b22df30a-241d-6e98-4b66-749abfba1a8a;163.93.91.174
abrown@example.org;5802399070;7c782e10-eaf6-a060-3a71-3c856ed97e97;78.42.18.134
bowendustin@example.org;001-353-308-0834x887;dab8f1f0-ff74-3f4f-b3ce-4ef0fee008af;137.198.12.90
erin14@example.com;3363281201;e330ccea-100e-9a2d-5b77-de0d6dfa8411;36.74.119.168
kristinbailey@example.org;001-836-669-0648x082;3758d234-a9b4-2de5-65cd-c062eb09f716;158.72.179.16
schmidtgregory@example.com;(254)446-4121x10690;e21610e7-6c5b-f18d-f732-1a726fa4c32b;29.119.110.121
huertatracy@example.net;859.611.7975;eef9fa6f-fbc5-3d1f-2d08-6499fe6566b7;137.67.44.107
icarson@example.com;+1-753-340-1758x2467;380792ff-e6c4-2d32-e457-1cc415a7459e;47.181.120.136
orozcochelsea@example.net;239-317-4571x483;4ffd8a7e-81de-e6ba-992a-b345d6742aa0;213.4.21.201
fwhitney@example.net;(491)819-9056x3564;e8be1ca3-81fb-d6c0-b7b1-f98eb8aca602;220.96.5.79
martindaniel@example.com;+1-552-520-8860x56484;35d9319c-0da7-a30c-1fbd-fc7b244eed3b;126.0.181.226
griffithcody@example.net;(700)721-4939x640;2851075f-2116-dc63-dd15-bad06308d4d5;164.226.215.228
dgonzalez@example.org;503.665.4884x235;3b0bf5ef-7c1c-f97e-fcee-bc17fc5e0ddc;192.174.40.18
hannah63@example.net;(438)221-8285;13a429c1-19af-428d-7434-e2ff380f492c;16.8.160.130
alexandertyler@example.com;+1-350-523-4277x4137;b79edaf0-f9d7-4d55-20f4-842cd85e6644;178.191.104.122
vterry@example.org;(527)395-3602x820;a8e2f393-c9b0-80e6-f9dc-3346a3212c5a;210.44.80.62
penasusan@example.net;645-857-9663x1891;a7e2544b-e763-053c-7307-a4eb59bc22e3;201.237.179.239
katherine66@example.com;(784)579-4890x4008;7ff241a5-0950-d9e9-fd1f-1bbdcbe9f3a3;151.186.168.0
mario82@example.net;(338)468-1692;0820da71-ed27-22de-3486-b160144b5095;123.8.43.41
kaylasalas@example.org;001-755-749-7500x9891;910a2c58-8f95-9992-1706-a84c5bff4422;148.162.9.196
curtisjustin@example.com;+1-555-748-7608;54f9d886-a70a-3847-5ea6-6d2dce347d3d;147.161.190.82
jalvarez@example.net;001-439-924-9241x2177;90ced511-1243-aaa5-21d3-f6c8f1731b08;179.86.173.207
pstokes@example.com;639.900.1161x2660;148ba412-bb94-a23f-b024-5b9583584e65;17.178.129.28
rrussell@example.org;281-933-2471x519;c6c25d85-c2b9-603c-6e1b-041b1449a2fa;95.208.89.151
martinchristy@example.org;001-203-503-9949x09305;2406d2e4-cb91-3772-5d35-ffbba0746b9f;202.12.70.60
rriley@example.org;725-368-2950;b1ce7c25-3e37-f655-9d4f-789573b179d1;22.77.77.91
hhernandez@example.com;001-966-201-7196x954;b8e2922b-6d41-0625-979f-1ad263270d22;163.175.162.32
derek23@example.net;605.258.4818x825;a893e9e4-a318-031c-4683-ae77a96759cc;6.156.183.185
erinboyd@example.com;001-287-883-3420x64419;028a0dc1-a032-5144-784e-c4b5c1bb78bd;176.179.69.72
agonzalez@example.net;604.337.0640x4909;1b0314fd-5e66-f6f3-bbe9-0c0433c57960;56.236.230.219
katherinerodriguez@example.net;9997762911;618f9fef-5752-43d5-e479-eff6f211ab83;55.86.212.224
donald90@example.com;(292)297-9529x19863;585b18e4-8135-bbb5-7c80-eeb1b11ab5dd;48.152.51.247
stephen58@example.com;(387)913-2665x585;1dcec35a-e5ec-4a9f-4eba-8c70a802a0aa;192.21.22.242
johnsrobert@example.org;789.394.8471x274;0313573c-2e34-8840-8644-575694ed69ca;194.236.107.189
xalexander@example.net;4283294744;6dabbf2e-52f5-b81c-65ee-7fdefd3373c9;95.231.59.50
lancevaldez@example.net;425-272-8045x35069;605e277b-c17f-c0cf-9afa-aa8b350c7c81;193.226.100.131
cody14@example.org;001-795-918-5613;c558715d-dd25-7d76-ee5d-7e5e285ac2c2;179.96.137.70
hjones@example.com;(614)791-1475x521;e6fb9df9-795d-9508-5961-c757e1427b2b;91.57.199.40
williamskimberly@example.org;782-570-9496x243;e6adc08e-8ad0-2a7c-292e-fc3909009b2b;156.23.74.103
lpayne@example.net;+1-369-595-6187x98499;93b20b75-ccaf-96f5-1368-85b0bf7637f8;192.249.64.182
mccoyamy@example.org;2223702935;e84b565b-e6c4-217c-1807-ba99959c8688;73.227.121.241
klineadam@example.net;613-476-1655;00ff5506-b499-1e7a-2435-bcb42262c15f;202.116.251.10
diazmorgan@example.net;001-397-957-3784;a7d7f966-79d7-92f0-4792-df79a793440f;203.201.212.151
christy12@example.org;710.609.5937x17205;df162e6e-c3e3-2088-7463-af1fa36e910d;222.202.208.191
johnmills@example.net;+1-211-860-0408x3077;6090c6fe-da2b-969c-5e23-22054437e516;115.174.130.171
jameswilliams@example.net;797.312.0596;79e2417a-a641-858c-8935-155d090029e0;137.176.0.9
lhendrix@example.net;514.654.1940x30657;7a88fa12-f709-3ecf-9df6-3c92fa03e6d9;171.171.71.207
joshua70@example.org;(758)347-3267;ad398522-9b70-4c27-ac9d-d8e54d6fe9f0;140.59.178.140
wheelersarah@example.org;4322897734;cd4e2a5c-9910-fc08-f8ab-45654f4f32b6;201.199.211.27
echen@example.net;001-338-553-4874x06105;68fd0761-6523-5ebc-b22c-4a08e002165c;192.122.158.102
patrickbruce@example.net;462.722.8340x1171;3e000e49-ce63-a50b-4802-eca6c377c979;84.103.234.109
brandy05@example.net;001-974-414-4549x12305;7806ac77-c7bd-466c-ed00-dea907fb0586;150.87.167.238
twilliams@example.net;+1-211-776-6695x46435;d4c911aa-f9d4-afac-f488-397fa94474f8;213.242.198.206
dawnwilliams@example.com;904.647.4765;4db48650-7125-2f54-8a57-7a85ca07bd8e;188.92.181.77
johnathan86@example.org;001-631-444-0852x99008;7ab62788-0315-b1e4-02c3-c13de42e60c3;82.63.7.122
xhouston@example.org;001-412-862-6433x13211;54e029ed-c190-f1c9-c753-0866134bbf3b;185.39.44.159
